y
18.3
225.5
1342.0
1767.8
2350.8
2576.0
2200.2
2117.7
2167.5
659.0
449.7
499.1
177.9
52.3
279.6
989.2
1789.5
1856.7
2047.9
3265.6
3553.9
2283.4
622.1
414.7
301.7
70.9
13.7
224.0
1221.6
1331.7
2681.0
2170.1
2844.5
2956.0
3167.0
2556.9
1208.9
423.5
224.9
56.9
422.1
1484.3
2399.0
2558.5
3224.3
3751.5
3726.8
3588.6
2648.1
1751.0
744.2
133.1
55.1
629.3
1407.0
2182.6
2853.1
2943.4
3259.7
3764.4
3218.2
2361.0
2067.1
1153.6
129.1
11.1
143.9
579.7
1787.4
2287.3
3243.4
3582.4
3601.2
3267.1
2623.7
2028.2
1029.1
230.6
32.9
297.3
1444.4
2132.3
2366.9
3399.1
2990.2
3319.0
2804.6
2527.0
2072.0
630.8
235.7
44.4
519.1
1301.7
1679.1
3008.4
3480.7
3691.6
3078.8
2462.8
2881.6
2129.0
1328.5
181.9
11.2
530.7
1049.5
2499.8
2780.2
1365.8
3785.2
3760.5
3250.9
2813.3
2093.0
1211.4
221.3
1.8
68.6
270.8
844.3
928.9
1831.2
3033.1
1460.7
2195.7
2175.1
1996.8
887.6
332.4
2.7
25.9
290.4
1585.5
2779.4
2964.4
2737.4
3630.1
3295.4
2286.9
2094.8
372.5
334.6
18.2
514.0
865.2
1313.7
1735.8
3032.3
2720.1
2450.2
2506.2
2506.3
2233.5
784.4
202.7
36.3
295.4
1061.8
2203.5
2863.3
3462.5
3406.0
3343.8
2986.0
2581.8
1874.6
957.9
343.5
20.9
280.0
814.6
1493.1
1954.9
3016.5
2997.3
2269.5
2691.3
2268.2
2064.3
1313.3
447.0
13.1
420.9
666.0
1585.6
2198.2
3499.4
3214.7
2972.5
2957.2
2717.6
2138.4
1047.7
105.7
18.0
384.2
1340.7
1833.1
2216.0
2111.1
2398.3
3456.6
3377.0
2969.6
1714.4
864.1
284.3
23.4
507.2
1390.0
2267.2
2766.6
3361.0
3808.3
3813.9
3516.3
2676.9
2417.6
1117.0
394.5
25.3
306.5
839.7
2151.1
2700.3
3241.3
3302.5
3440.8
3478.2
2863.2
2190.6
1273.5
379.8
16.9
436.0
1262.3
2150.6
2879.6
3359.0
2903.5
3306.5
3379.0
2649.3
2147.9
1381.7
243.6
59.4
324.3
1333.2
2260.3
2664.2
3032.4
3734.9
1849.9
1722.7
2942.7
1486.7
340.7
95.5
25.7
353.9
1254.9
2109.7
2239.1
3479.7
2480.7
2631.0
2538.8
1609.5
952.3
347.3
103.4
20.0
447.8
1213.2
759.7
1915.6
2703.5
4053.1
3241.9
3343.5
2861.9
2057.9
994.5
145.4
16.1
440.3
1291.4
2008.5
2757.3
2467.0
3107.7
2909.5
3540.1
1533.8
789.2
191.8
15.3
9.6
270.4
1143.1
1889.1
2361.9
2143.9
3118.5
2560.0
2535.9
1289.3
1828.2
815.6
145.8
4.5
147.6
626.8
1135.7
1422.1
1379.0
1558.7
1597.7
1928.7
1309.6
990.0
623.3
153.9
8.9
190.2
575.3
1325.9
1547.0
2384.2
2417.6
1921.4
1999.0
756.3
939.7
1003.5
190.6
4.5
158.8
619.9
819.1
1478.0
2641.0
3633.3
2669.6
2984.6
1779.3
1012.9
348.6
66.3
4.1
182.3
667.2
1101.3
1129.0
1388.4
1275.8
1623.9
1451.2
1570.6
947.9
514.3
148.2
8.1
242.2
962.8
1321.8
2545.6
2516.0
3288.8
3020.2
2752.2
2743.1
2045.9
1228.3
346.8
10.8
387.5
1256.7
2075.9
2599.0
3183.0
2987.1
2980.7
3337.7
2964.9
2206.5
850.1
149.1
11.6
405.0
1230.0
2094.1
2820.1
3330.4
3291.8
3636.8
3435.8
2751.1
1963.6
703.0
134.3
10.5
409.2
1275.6
2294.2
2445.5
3142.6
3025.0
3670.4
3302.9
2987.8
2229.0
1358.4
435.8
1.6
104.4
279.3
531.3
1396.0
2166.1
2037.7
2603.3
3141.5
2370.9
1495.5
1165.4
125.1
89.55
54.0
279.5
802.0
1815.0
1742.6
2983.8
2743.6
2207.2
1611.6
1202.9
572.8
182.4
1.3
134.0
767.6
1397.1
1957.8
2221.9
1937.5
2719.9
2966.1
2624.1
1886.5
1441.5
407.6
10.5
460.2
1095.0
1328.0
2377.4
3617.4
3619.1
3534.8
2296.9
2824.9
2217.8
1034.6
410.9
5.9
270.4
400.2
1013.8
2178.0
2838.4
3189.1
2995.9
2601.2
1966.9
2181.3
1145.9
107.1
5.6
249.0
924.8
1478.8
1385.7
2195.6
2970.9
3225.1
2109.5
2050.2
1527.8
1051.9
250.0
4.7
231.9
365.6
523.4
607.9
672.7
1064.9
1662.5
1615.6
1757.3
1139.9
986.9
263.8
4.6
166.2
222.3
333.8
602.8
906.3
969.7
1301.7
1204.7
1653.6
1627.3
488.8
147.5
4.9
173.8
468.2
654.9
1205.0
1928.0
1818.4
2403.7
2684.6
1924.9
1149.3
925.1
278.9
19.0
323.9
1102.0
1356.7
2087.6
2590.9
3400.2
3284.9
2925.6
2456.1
1064.3
864.1
334.8
200.0
65.2
351.6
1488.2
2379.0
3064.0
3615.9
3012.4
3027.6
2496.8
2064.7
1095.8
418.4
9.5
292.3
771.3
755.7
897.7
2158.0
1929.4
1946.2
2034.7
2427.1
1919.1
1519.1
344.0
4.2
156.3
327.6
686.3
1325.2
2270.9
2261.5
2835.8
3122.3
3015.4
2259.2
1076.5
376.7
5.9
309.5
776.2
1729.8
2718.7
3358.7
3601.9
2728.9
2331.6
1610.9
1521.1
1039.2
264.6
4.2
267.4
1121.5
2124.9
2786.7
3417.4
3472.6
3212.7
3062.5
2565.9
1119.9
556.7
296.4
6.4
350.6
1194.9
1575.1
2791.7
3333.1
3549.6
3410.6
2798.6
1340.6
1016.0
689.9
297.4
1.2
152.5
336.4
796.6
1018.7
1182.5
1474.0
2647.5
1952.6
2488.9
2286.5
784.7
208.8
1.9
257.9
637.7
1209.9
1353.8
1126.4
1388.1
2188.2
2230.1
1809.5
1475.9
642.2
172.8
90.45
8.1
76.7
626.0
907.1
1392.7
2456.4
1728.2
2482.4
2428.8
616.5
264.9
53.7
3.7
169.0
650.9
1006.3
1910.1
2209.3
1989.9
1011.2
880.9
993.3
740.5
285.4
76.6
0.8
88.9
304.0
726.7
1146.4
2687.8
1646.0
3229.5
1854.6
2600.7
1350.7
703.2
116.3
5.3
126.9
565.9
776.9
936.7
1413.5
2900.9
2201.2
1879.2
1689.0
1183.7
586.3
227.7
5.5
109.7
672.2
726.2
2251.3
2763.6
3597.3
2938.9
2566.7
3060.2
1778.7
1164.3
349.6
2.6
178.4
414.0
728.3
1152.5
1889.5
2310.1
2742.6
2587.3
2293.8
2174.5
1288.5
372.2
4.6
251.6
983.1
1879.4
2408.6
2943.0
3001.9
3268.7
3015.5
1569.6
1400.6
784.7
83.7
6.6
291.2
435.6
774.1
1270.5
1775.5
2701.2
3216.5
2022.6
1530.0
1628.7
1227.7
214.7
2.8
97.0
404.3
1352.3
1720.4
1610.0
1510.9
2288.1
2301.5
1066.5
1344.9
740.2
132.9
6.1
172.1
508.3
1612.4
2648.8
1148.7
2708.7
1744.1
3536.9
2413.3
243.6
30.6
7.6
0.9
125.5
486.9
774.3
1577.3
2415.2
3187.2
2115.3
1779.1
777.4
416.1
246.3
127.3
1.3
104.3
573.4
1202.1
2489.9
3373.5
3143.4
3741.6
2118.0
1435.4
1369.8
407.9
117.1
3.9
85.2
223.7
444.1
732.3
1771.3
3693.8
3098.9
2735.5
991.4
343.6
379.2
128.8
0.1
56.6
297.0
736.3
1431.5
2026.5
2819.5
2009.8
397.5
458.7
812.6
608.0
145.4
2.6
102.9
605.0
1347.9
2132.6
2499.3
2401.8
3287.1
2866.1
2294.7
1741.6
1027.4
287.8
245.2
202.6
619.0
1293.4
1319.9
2875.7
3028.1
2891.3
2642.1
2221.3
1536.9
1232.3
237.6
6.3
318.4
1033.4
1452.0
2346.5
2204.5
2460.5
2631.6
2814.1
2235.4
1330.8
1080.3
293.4
5.4
397.9
1191.2
1775.0
2817.7
3082.8
3019.6
1717.7
1444.1
2139.4
1737.7
1060.5
236.2
4.4
140.6
467.8
588.8
1070.8
2545.6
3341.3
2980.8
2945.2
2657.8
2084.4
1206.0
276.3
5.4
377.8
1231.6
1956.9
2283.1
3199.5
3319.8
3759.9
2566.0
2781.9
1690.4
1199.7
293.5
4.9
240.3
1293.6
1650.0
2413.1
2594.1
2022.2
2542.2
3571.2
2723.5
2189.5
1160.8
145.1
2.9
108.1
1011.4
1158.7
1060.6
2681.3
3746.9
1822.9
2113.0
2858.5
2428.9
373.8
99.8
2.2
63.3
213.2
1522.7
1380.1
2483.8
2786.0
3211.4
2313.7
422.6
331.7
233.8
60.0
4.8
165.8
657.6
1116.3
1257.9
2121.6
2584.2
2217.9
2792.5
2148.8
1192.2
1083.8
143.6
5.8
246.0
788.6
1199.6
1884.4
3132.3
2989.7
3394.6
2964.8
2661.0
1590.2
1001.6
192.7
7.8
253.9
1152.4
1735.7
2488.8
2959.0
2837.3
3188.2
2552.1
1904.9
1826.6
1167.6
245.9
3.8
183.7
801.5
1602.1
2324.9
1933.4
2492.6
1949.1
2364.0
2400.2
2069.3
1317.7
189.5
6.9
174.0
1070.4
1016.7
1505.3
2269.7
2446.7
2274.5
2844.5
2554.3
1766.2
1174.5
238.8
3.0
479.2
1323.8
2108.2
2255.0
2506.9
1667.4
2851.1
3415.3
2038.3
1296.1
918.7
93.9
8.4
421.1
859.1
1720.8
1800.6
3370.3
3131.6
2970.4
3214.9
2699.7
1545.3
689.2
112.4
5.9
353.1
1143.3
2020.5
2690.6
2655.4
2625.7
3571.4
3366.1
2747.2
1982.7
1104.1
209.5
8.4
383.3
1233.2
2138.1
2372.6
2728.7
3250.9
3348.5
2713.9
2796.5
1678.0
1166.3
187.6
10.0
324.5
577.8
2033.1
2053.6
3213.5
2665.7
3311.4
3068.4
2566.4
1924.8
848.7
161.2
9.5
392.5
1352.8
2199.8
2692.7
2892.6
3187.2
2685.2
2657.5
2392.9
1818.6
1137.5
255.7
6.8
339.9
1088.7
1482.7
2512.6
2247.7
2430.1
2586.4
2668.5
1840.6
1043.8
662.2
134.0
3.4
185.9
929.5
1308.0
1872.9
3544.8
3494.6
3605.9
3309.6
2632.4
1607.0
474.9
123.5
90.9
58.3
512.0
1039.8
887.3
1717.0
2500.7
1176.0
2617.2
1637.6
607.9
319.9
114.3
5.3
228.7
1063.6
1880.4
1273.2
2596.7
3368.4
3273.9
2445.3
1863.6
1365.2
713.1
116.7
4.6
260.0
769.7
920.1
1652.5
1601.1
1810.3
1656.7
2766.8
2221.4
1526.7
967.4
126.2
7.1
354.3
1132.5
1571.7
1725.6
2531.5
2729.2
2224.9
1516.9
1094.0
794.2
421.6
76.2
5.7
259.3
1130.3
2130.2
2178.6
3257.0
2537.1
2449.0
1870.9
1877.2
1274.1
302.2
106.0
14.8
444.1
1026.3
1563.0
2462.9
2466.0
3548.5
2989.0
1103.9
2259.5
839.1
222.1
34.7
4.6
283.9
748.8
1519.7
2137.8
3034.1
1769.0
2129.6
2880.2
1452.2
1822.1
478.4
5.0
0.6
71.6
323.0
848.4
934.4
2152.5
3016.6
3454.5
3014.7
2276.6
2232.8
1131.0
140.2
13.9
98.4
378.6
1294.0
2070.1
2756.2
2612.5
2355.2
855.6
555.3
847.0
530.7
76.5
8.7
338.5
1011.4
1029.3
831.6
1930.6
3302.7
3100.2
3150.3
2060.9
1701.8
400.0
35.9
6.2
248.1
591.8
1602.0
2341.5
2026.9
2409.2
2418.8
2060.7
1416.7
1234.2
881.6
154.0
7.0
189.3
639.4
1493.3
2490.6
2310.7
2617.3
2744.4
2597.9
1985.1
1454.0
816.8
154.8
2.1
196.1
472.0
1106.3
2216.3
2335.3
3095.0
3011.1
2161.2
2344.8
1728.4
699.5
132.6
2.1
132.4
229.4
416.5
854.3
993.4
1592.2
1449.8
2214.9
2409.2
539.3
249.3
60.5
4.3
293.9
666.5
1532.9
1987.0
1787.8
2637.8
2465.0
1976.2
1315.0
837.7
661.4
132.2
8.9
185.0
805.7
2037.9
2584.6
2279.6
2539.6
2252.8
2489.2
2430.0
1704.9
930.9
110.3
2.6
84.4
228.9
926.2
1659.9
1392.1
2348.6
2684.3
2920.6
2365.4
1616.4
644.9
128.7
7.6
217.0
537.6
1128.9
1770.6
2813.3
1930.9
1319.7
1407.1
2358.0
1519.9
843.9
104.7
8.5
253.1
868.2
1435.1
1907.6
1774.3
2227.8
2186.4
2960.3
2490.8
1532.2
710.3
120.1
8.2
338.5
952.6
1548.8
1451.8
2533.4
2677.8
2873.1
2084.7
1693.6
1329.1
732.8
128.9
6.0
158.3
987.3
1405.9
2040.8
1824.8
2248.5
2925.5
3275.0
2414.7
1682.4
709.0
63.6
4.1
148.8
318.1
377.3
1975.9
2023.1
2269.1
2477.1
1382.7
1546.5
1135.1
745.0
108.3
2.3
37.1
114.2
489.4
397.3
1997.3
1703.1
1182.8
1246.1
906.6
1089.3
405.1
37.0
3.1
182.2
418.4
286.8
1085.2
2220.2
2061.2
2151.2
1544.2
2550.1
711.2
901.0
72.4
4.8
374.5
713.1
1818.0
2410.5
3011.3
2809.4
3121.2
2905.7
1895.3
982.6
443.2
47.0
13.8
214.4
1010.2
1995.8
1471.3
1723.6
2131.3
2571.5
2098.8
1703.5
1580.4
836.3
101.8
1.6
180.1
1256.2
1152.1
1477.9
1933.2
2182.3
2069.7
2032.2
721.8
1677.2
574.7
52.8
7.2
91.9
245.0
700.8
1586.9
1781.5
3231.7
2746.1
2316.3
2101.1
1315.9
678.2
64.8
3.6
183.1
383.7
646.2
1209.6
1729.9
2414.5
2615.5
2588.9
2323.4
1500.2
827.8
97.3
2.4
80.3
229.6
1005.9
1667.3
1808.2
3029.9
2653.2
2445.4
2152.0
1414.2
797.4
63.4
2.9
124.2
436.8
949.2
989.1
1399.7
2080.4
2234.8
2664.3
2359.2
1521.0
347.0
50.8
5.4
237.2
1044.8
1512.0
2545.5
2856.3
1461.2
2034.0
3059.9
2685.8
1682.7
852.5
91.4
3.1
102.6
403.6
808.2
1721.6
2450.1
2325.7
2848.2
2438.3
2342.3
1655.6
803.8
78.8
4.3
201.9
420.2
1028.1
952.3
1593.0
2491.1
1241.9
2642.0
2179.1
1264.9
744.1
78.7
5.5
429.9
1169.6
1374.9
1970.4
2306.4
3052.0
2884.7
2687.9
2064.3
1484.1
596.2
68.3
2.5
117.9
552.8
899.0
1568.3
2473.8
2514.7
2514.0
2089.2
1850.6
1583.5
709.1
84.0
2.4
238.2
849.9
931.7
961.4
1888.3
2549.0
2918.5
2508.0
2159.6
1087.5
784.3
83.7
1.8
82.3
306.3
1070.1
1809.9
2071.9
2453.7
2278.4
2466.4
1257.1
823.0
328.5
29.2
3.9
274.8
1170.6
1783.0
1970.7
928.7
1810.7
2396.2
1569.1
1513.9
1225.6
375.3
40.0
3.9
155.8
459.8
1017.8
1588.1
2140.5
2126.4
2958.6
2985.0
2409.6
1165.5
891.8
78.8
4.9
262.4
709.1
1625.9
822.5
1535.1
2530.7
3219.2
2706.9
2444.6
1628.7
731.9
55.6
1.8
98.2
384.6
796.4
1311.9
2117.0
1953.6
1430.1
1991.0
1348.9
729.6
139.2
13.3
4.2
109.4
384.3
810.2
1259.8
2036.5
2512.3
2717.7
2023.3
1509.9
1238.8
727.8
90.9
3.8
187.9
356.1
695.4
1378.0
1462.6
1637.5
1874.6
2237.0
1887.2
1169.3
374.2
31.6
4.4
332.4
1056.6
1299.1
2246.6
3331.2
3406.6
3358.1
2850.2
2445.4
1468.3
693.1
19.9
3.6
95.1
432.7
883.4
1763.3
1867.2
2273.0
2862.7
2003.1
1914.6
1546.7
570.2
36.5
6.4
122.4
400.3
1206.9
1438.5
2164.2
2463.9
1770.3
2355.4
1652.7
1455.5
736.1
58.0
5.8
355.4
1168.0
1991.2
2585.9
2792.0
3050.0
2568.6
2963.4
2149.3
1597.6
596.6
34.0
6.0
360.4
1125.4
1805.2
2101.7
2530.2
2914.3
2830.9
2124.3
1756.2
1256.3
392.6
43.0
4.1
166.3
1098.4
1209.8
2638.4
3007.9
3233.2
3184.7
2873.8
2323.9
1582.0
713.5
66.1
3.0
92.9
502.8
1038.5
1163.8
1718.9
2676.9
2692.1
2458.4
2322.4
1479.0
793.7
70.3
3.3
86.3
590.5
1606.2
1553.9
2674.5
3035.8
3150.4
2629.6
2292.6
1591.5
659.0
51.1
3.8
101.5
319.8
926.3
853.0
1287.2
2346.3
1417.2
1412.5
1225.8
589.0
191.8
13.0
4.2
122.2
289.7
763.9
1524.3
1266.0
1132.4
1506.9
1048.4
1111.3
719.2
384.2
36.4
2.7
275.5
415.1
1597.9
1567.3
2329.9
1578.9
1228.4
1147.4
1293.4
732.0
176.7
12.5
1.8
96.7
463.8
947.2
1362.3
1795.8
2133.0
1650.3
522.3
1297.6
921.4
674.2
40.4
5.7
171.5
588.6
1457.7
2150.7
2460.2
2008.1
2427.4
1665.2
1235.6
838.4
535.4
55.0
2.1
321.6
382.6
550.0
1348.9
2708.1
3174.7
2665.5
2147.6
2003.2
1458.5
620.1
48.7
0.8
194.0
1084.7
1770.9
2116.4
2671.5
3261.6
3199.0
2713.4
2026.6
1441.0
604.7
51.4
2.2
188.3
349.9
587.3
926.5
1199.6
1857.5
2197.3
1823.7
1541.6
1397.3
737.9
47.5
3.2
361.4
692.6
1491.1
2358.7
1980.2
1592.5
1648.9
1334.5
1280.2
856.8
253.7
41.2
1.4
237.0
868.9
1374.4
2229.5
2925.3
3161.4
3105.6
2782.6
2247.5
1550.4
720.9
52.9
53.65
54.4
312.5
636.2
1057.3
1037.1
1865.4
2148.0
2182.0
1907.9
1294.6
707.9
57.2
2.0
167.0
563.0
1144.0
2051.3
2532.2
2383.7
2740.2
2626.0
2026.1
1562.3
720.9
50.5
2.1
120.1
618.6
1379.9
2476.6
2990.5
3204.1
3073.9
2935.2
1802.9
1330.4
549.4
53.4
92.44999999999999
131.5
386.0
890.2
1451.0
2325.4
2460.2
2633.8
2584.4
1805.6
1442.9
520.6
33.2
0.9
267.7
974.0
1448.4
2211.0
2934.6
3081.4
3025.5
2641.8
2136.5
1125.4
455.7
42.8
1.1
169.3
600.2
1651.8
1235.4
1386.5
1877.9
2051.4
2104.3
1693.7
1356.6
479.4
52.6
1.1
162.7
537.6
1026.0
940.1
1018.8
1425.4
1452.9
1455.6
1606.6
1215.4
413.3
30.7
0.8
149.4
639.7
900.2
1666.2
1878.0
1187.7
1309.3
1404.2
1815.8
1301.7
403.6
79.4
0.8
80.4
618.9
934.9
1812.0
1385.1
1918.7
1251.3
1036.6
1147.7
1008.4
345.3
35.8
60.0
84.2
269.6
639.4
818.5
1797.8
1528.5
1734.9
2245.2
1351.7
977.8
269.4
35.7
129.10000000000002
222.5
860.4
1491.9
2326.9
2988.2
1978.4
1442.3
1037.7
1110.8
900.5
525.4
33.7
5.3
141.8
428.9
523.1
931.8
1276.3
1462.5
1979.5
1867.0
1229.1
1095.5
326.8
25.4
113.35
201.3
633.7
1124.0
1594.2
1862.9
1979.2
2789.5
2682.9
2284.4
1547.9
729.3
58.8
1.1
168.6
431.3
813.4
1040.2
2003.5
2171.1
2910.2
2219.9
2032.8
1331.5
580.3
47.2
0.9
157.3
463.3
1531.3
2101.8
2696.8
3157.9
3073.9
2747.8
2275.8
1604.5
782.5
67.8
1.1
167.5
365.1
591.4
1035.3
1375.0
1255.0
1490.6
1593.2
1342.1
1216.7
484.0
33.0
0.5
179.8
617.1
751.5
750.3
1150.7
1280.5
1601.5
852.6
845.7
385.2
153.9
15.8
1.6
98.5
451.5
515.9
564.1
847.4
1292.9
2576.5
2088.6
2263.8
1473.5
713.9
59.9
71.2
82.5
779.2
661.2
1826.7
1131.9
1197.3
967.8
786.2
516.1
366.2
258.6
11.5
79.55
147.6
550.3
872.6
2381.0
2085.9
2555.3
2720.9
2438.3
1769.4
1234.6
764.6
69.6
149.39999999999998
229.2
670.5
1252.7
1795.2
2822.8
2984.5
3048.8
2742.0
2138.7
1535.0
712.3
53.0
102.1
151.2
369.0
936.4
1025.1
1499.1
1824.5
2303.6
1787.3
1463.1
1213.7
388.0
35.6
142.6
249.6
938.6
1723.8
2480.8
2877.0
3082.6
2557.5
2669.5
1888.9
1175.4
514.1
50.1
3.1
137.7
513.1
632.6
850.9
989.5
1841.8
2208.6
2197.4
2007.0
1160.8
650.9
40.6
1.5
111.6
444.0
1378.5
2262.1
2016.6
2933.7
2726.0
2568.9
1380.1
1230.6
357.5
30.9
1.1
82.5
446.1
532.2
777.9
1166.3
1437.4
1514.7
1356.1
1094.3
796.5
414.5
38.2
56.15
74.1
300.6
989.2
1564.7
1970.2
1782.7
1795.6
2521.6
1287.2
766.7
302.6
23.3
67.7
112.1
442.7
822.6
1526.2
2011.5
2380.6
2516.0
2030.8
1734.1
1100.6
798.5
67.3
175.7
284.1
849.3
1223.7
1993.3
2738.1
3016.1
3084.8
2068.9
2076.8
1094.8
610.8
49.8
0.1
107.6
589.0
897.4
1757.9
1227.2
1689.8
1418.7
1234.6
2039.2
1312.2
673.0
64.4
0.2
262.1
930.6
1631.2
2423.3
2819.6
3042.8
2703.1
2338.1
2251.9
1606.2
566.3
52.3
159.84999999999997
267.4
914.8
1644.9
2438.4
2871.3
2974.4
2843.7
2744.4
2049.5
1528.8
762.7
67.5
0.1
268.5
924.1
1639.0
2422.5
2858.7
3051.8
3011.1
2664.6
2087.3
1343.4
611.6
68.8
171.14999999999998
273.5
950.3
1673.0
2465.4
2902.0
3091.0
3050.7
2774.3
2156.3
1565.0
757.2
58.2
101.15
144.1
446.6
1004.7
1135.8
2213.0
1838.8
2127.5
2387.7
2025.5
1264.8
599.3
71.6
155.0
238.4
678.7
1728.4
2331.5
2810.5
2754.8
2928.5
2569.8
2182.6
1592.9
779.6
75.5
147.4
219.3
479.6
644.7
1266.6
1564.2
2111.4
2732.4
2366.3
1511.6
957.0
461.5
32.8
256.5
480.20000000000005
703.9
1218.0
1409.1
2138.8
2183.0
2435.4
2824.8
2309.4
1613.4
787.3
78.6
173.36666666666665
268.1333333333333
362.9
1178.2
2552.8
2749.4
2295.9
2791.9
1422.1
1299.3
868.3
576.1
90.1
352.1833333333333
614.2666666666667
876.35
1138.4333333333332
1400.5166666666664
1662.6
2048.1
1800.4
1153.5
989.9
1474.4
591.1
19.4
59.199999999999996
99.0
138.79999999999998
178.6
218.4
258.2
734.2
1185.9
1223.6
1223.8
475.2
210.7
320.15999999999997
429.62
539.0799999999999
648.54
758.0
2457.4
2801.8
3222.0
2897.0
2872.1
2334.7
1584.8
663.0
85.0
204.5
324.0
443.5
1177.5
1969.6
2271.4
2583.2
2959.0
2862.1
2344.3
1278.2
790.3
81.3
246.72000000000003
412.14000000000004
577.5600000000001
742.98
908.4
1963.5
2101.2
2652.8
2252.9
1604.2
1371.4
791.7
127.4
105.13333333333334
82.86666666666667
60.6
1253.8
1229.4
2235.5
3189.3
3043.7
2678.6
2358.4
1222.2
271.1
25.5
216.78333333333333
408.06666666666666
599.35
790.6333333333333
981.9166666666666
1173.2
1559.2
2514.3
2427.2
1615.2
1566.7
526.8
61.5
317.375
573.25
829.125
1085.0
2482.5
2768.4
2945.3
2807.2
2825.9
2193.8
1634.6
825.6
93.2
88.33333333333333
83.46666666666667
78.6
932.2
2084.0
2342.5
3116.6
3182.8
2798.4
2316.9
1591.4
695.0
94.1
181.33333333333334
268.5666666666667
355.8
1240.9
2157.7
2165.0
2035.7
2908.8
2859.6
2380.3
1685.6
839.2
96.8
129.33333333333334
161.86666666666667
194.4
1176.8
2117.1
2381.6
3311.1
3049.6
2424.4
2139.9
1645.7
819.2
100.3
285.65000000000003
471.00000000000006
656.35
841.7
1387.6
1433.4
1495.4
1965.0
1838.1
1835.8
1168.4
859.2
122.7
466.47499999999997
810.25
1154.0249999999999
1497.8
2084.6
2212.4
2342.6
1916.0
2242.8
1834.9
1167.3
501.3
91.5
134.7
177.9
221.10000000000002
264.3
307.5
1538.6
1958.1
1630.9
1578.4
1354.7
943.4
531.8
446.64
361.47999999999996
276.31999999999994
191.15999999999997
106.0
1557.0
2322.6
2789.1
2878.0
2784.0
2110.5
1517.8
770.7
106.6
411.1
715.6
1020.1
1324.6
2248.4
3093.9
2360.2
2604.1
2643.2
2055.8
1261.5
590.9
110.6
153.86666666666667
197.13333333333333
240.4
1270.6
2544.9
2999.2
1891.9
2523.0
2486.7
2119.0
1600.3
742.9
90.5
224.32
358.14
491.96
625.78
759.6
1599.8
2137.0
2447.2
2669.5
2274.7
1591.4
755.3
87.1
355.94000000000005
624.7800000000001
893.6200000000001
1162.46
1431.3
1770.7
1523.0
1648.7
1460.9
1163.9
1088.3
364.0
486.18
608.36
730.54
852.72
974.9
1302.2
1662.1
2450.6
2838.1
2955.1
2385.6
1641.9
850.5
113.9
163.36666666666667
212.83333333333334
262.3
311.76666666666665
361.23333333333335
410.70000000000005
460.16666666666663
509.6333333333333
559.1
2398.2
1668.2
759.4
97.6
104.8551724137931
112.1103448275862
119.36551724137931
126.62068965517241
133.87586206896552
141.13103448275862
148.38620689655173
155.64137931034483
162.8965517241379
170.151724137931
177.40689655172412
184.66206896551722
191.91724137931033
199.17241379310343
206.42758620689654
213.68275862068964
220.93793103448274
228.19310344827585
235.44827586206895
242.70344827586206
249.95862068965516
257.21379310344827
264.4689655172414
271.7241379310345
278.9793103448276
286.2344827586207
293.4896551724138
300.7448275862069
308.0
1607.0
1876.5
2456.1
2460.5
2375.6
2442.0
2035.1
1614.2
795.0
96.1
153.33333333333334
210.56666666666666
267.8
1017.7
1242.2
1517.9
2105.6
3167.5
2875.5
2341.7
1615.3
782.2
95.6
396.5375
697.475
998.4125
1299.35
1600.2875
1901.225
2202.1625
2503.1
2923.3
2403.5
1674.6
816.9
103.5
151.5176470588235
199.53529411764706
247.5529411764706
295.5705882352941
343.5882352941176
391.6058823529412
439.6235294117647
487.6411764705882
535.6588235294117
583.6764705882352
631.6941176470588
679.7117647058824
727.7294117647059
775.7470588235294
823.7647058823529
871.7823529411764
919.8
1392.9
1655.7
2607.0
3120.5
2574.4
2122.1
1785.1
876.8
120.0
429.08000000000004
738.1600000000001
1047.2400000000002
1356.3200000000002
1665.4
2580.0
3222.8
3226.8
3054.3
2522.3
1794.9
877.9
118.9
125.57906976744187
132.25813953488372
138.93720930232558
145.61627906976744
152.2953488372093
158.9744186046512
165.65348837209302
172.3325581395349
179.01162790697674
185.69069767441863
192.36976744186046
199.04883720930235
205.7279069767442
212.40697674418607
219.08604651162793
225.7651162790698
232.44418604651165
239.1232558139535
245.80232558139537
252.48139534883722
259.16046511627906
265.83953488372094
272.51860465116283
279.1976744186047
285.87674418604655
292.5558139534884
299.23488372093027
305.91395348837216
312.593023255814
319.2720930232558
325.9511627906977
332.6302325581396
339.3093023255814
345.98837209302326
352.66744186046515
359.34651162790703
366.02558139534887
372.7046511627907
379.3837209302326
386.0627906976745
392.74186046511636
399.42093023255813
406.1
1671.1
1351.1
1750.0
2240.7
3148.6
2517.8
1767.1
895.0
124.6
524.325
924.0500000000001
1323.775
1723.5
2123.225
2522.9500000000003
2922.675
3322.4
3028.5
2486.0
1775.7
899.1
788.5833333333334
678.0666666666667
567.55
457.03333333333336
346.51666666666665
236.0
2879.9
3345.8
3307.1
3018.6
2476.9
1762.2
899.4
127.6
304.7166666666667
481.83333333333337
658.95
836.0666666666667
1013.1833333333334
1190.3
3338.9
3292.3
3019.9
2569.1
1829.7
570.2
116.6
132.57999999999998
148.56
164.54
180.51999999999998
196.5
3111.7
3330.4
3130.2
2761.6
2211.0
1276.5
808.7
118.8
124.46666666666667
130.13333333333333
135.8
1822.7
2704.3
3087.2
3305.2
3273.2
2980.2
2451.0
1738.4
866.2
117.0
219.7
322.4
425.1
527.8
630.5
3124.1
3372.3
3345.2
3056.0
2457.3
1390.6
614.4
90.8
187.05238095238093
283.3047619047619
379.5571428571429
475.8095238095238
572.0619047619047
668.3142857142857
764.5666666666666
860.8190476190475
957.0714285714284
1053.3238095238094
1149.5761904761903
1245.8285714285714
1342.0809523809523
1438.3333333333333
1534.5857142857142
1630.838095238095
1727.090476190476
1823.342857142857
1919.5952380952378
2015.8476190476188
2112.1
2903.4
2355.0
1614.3
745.9
743.4599999999999
741.02
738.5799999999999
736.14
733.6999999999999
731.26
728.8199999999999
726.38
723.9399999999999
721.5
719.06
716.62
714.18
711.74
709.3
706.86
704.42
701.98
699.54
697.1
694.66
692.22
689.78
687.34
684.9
682.46
680.02
677.5799999999999
675.14
672.7
670.26
667.8199999999999
665.38
662.94
660.5
2916.3
2350.2
1445.2
717.6
830.38
943.1600000000001
1055.94
1168.72
1281.5
2256.2
3197.2
3015.2
2911.9
1962.8
1951.1
1223.1
495.3
402.725
310.15
217.575
125.0
133.5
2324.0
2808.6
3325.7
3358.1
3042.4
2118.0
1535.3
678.9
801.0
923.1
1045.2
1167.3
1289.4
1411.5
1533.6
1655.7
3278.7
2944.9
2397.4
1671.2
789.1
771.4111111111112
753.7222222222223
736.0333333333333
718.3444444444444
700.6555555555556
682.9666666666667
665.2777777777778
647.5888888888888
629.9
2875.7
2331.0
1589.1
739.4
731.5666666666666
723.7333333333333
715.9
708.0666666666666
700.2333333333333
692.4
684.5666666666666
676.7333333333333
668.9
661.0666666666666
653.2333333333333
645.4
637.5666666666666
629.7333333333333
621.9
614.0666666666666
606.2333333333333
598.4
590.5666666666666
582.7333333333333
574.9
2582.1
1985.3
1913.6
1298.2
709.1
808.38
907.6600000000001
1006.94
1106.22
1205.5
2124.8
2896.6
3005.5
2627.3
2794.9
2338.4
1500.3
716.8
796.8249999999999
876.8499999999999
956.875
1036.9
1116.925
1196.95
1276.975
1357.0
3290.6
2977.9
2420.2
1675.1
805.7
1118.8142857142857
1431.9285714285716
1745.0428571428574
2058.1571428571433
2371.271428571429
2684.3857142857146
2997.5
3355.6
3320.8
3000.2
2459.6
1727.7
837.0
935.56
1034.12
1132.6799999999998
1231.24
1329.8
2341.6
2635.7
2326.1
3444.4
2322.0
2187.6
1291.7
1045.9
800.1
554.3
308.5
62.7
1110.0
2203.1
2467.1
3082.1
3524.8
3051.8
2540.4
1799.9
898.8
998.6666666666666
1098.5333333333333
1198.4
1298.2666666666667
1398.1333333333332
1498.0
3111.5
2348.7
2445.7
2554.4
2320.6
1757.5
855.8
979.5333333333333
1103.2666666666667
1227.0
1350.7333333333333
1474.4666666666667
1598.2
3359.5
3547.4
3502.2
3144.2
2582.4
1840.8
927.5
1277.3714285714286
1627.2428571428572
1977.1142857142856
2326.9857142857145
2676.857142857143
3026.7285714285713
3376.6
3457.2
3393.5
3028.2
2424.4
1886.8
843.8
649.025
454.25
259.475
64.7
2112.2
2886.9
3200.2
3492.3
3510.5
3181.6
2610.7
1845.4
908.8
1048.0333333333333
1187.2666666666667
1326.5
1465.7333333333333
1604.9666666666667
1744.2
3353.5
3565.9
3504.2
3174.2
2597.4
1842.7
908.4
774.85
641.3
507.75
374.20000000000005
240.6500000000001
107.1
3346.2
3542.6
3478.1
3138.7
2583.3
1840.6
903.1
939.0333333333333
974.9666666666667
1010.9000000000001
1046.8333333333335
1082.7666666666667
1118.7
3328.4
3433.6
3445.4
3130.2
2551.3
1727.2
849.3
740.7199999999999
632.14
523.56
414.97999999999996
306.4
2787.3
3295.5
3281.8
3072.4
3127.2
2533.8
1775.5
859.3
928.22
997.14
1066.06
1134.98
1203.9
1219.1
2682.8
2749.0
3059.3
2875.6
2406.4
2059.666666666667
1712.9333333333334
1366.2
1019.4666666666667
672.7333333333333
326.0
1482.6
1534.6
2645.6
2450.2
2105.8
2553.0
1393.6
1199.9333333333332
1006.2666666666667
812.5999999999999
618.9333333333333
425.26666666666665
231.6
1762.1
2250.3
3022.1
3216.0
3318.1
3064.5
2467.1
1663.6
1379.0
1094.3999999999999
809.7999999999998
525.1999999999998
240.6
1159.1
1602.8
3186.5
3426.2
3640.0
3004.7
2369.9
1782.2
871.2
824.475
777.75
731.025
684.3
1994.7
2537.6
3091.1
3643.4
3525.5
3160.4
2550.4
1801.8
895.9
1003.24
1110.58
1217.92
1325.26
1432.6
1867.3
2149.2
2306.1
3193.8
3103.7
2573.0
1819.1
909.8
938.9
968.0
997.1
1026.2
1055.3000000000002
1084.4
2341.0
3829.5
2676.1
1802.0
1937.8
1312.5
532.6
687.6285714285714
842.6571428571428
997.6857142857143
1152.7142857142858
1307.7428571428572
1462.7714285714285
1617.8
2930.0
2578.4
3113.3
2586.3
1799.0
897.8
108.9
246.76666666666668
384.6333333333333
522.5
1544.5
2718.7
3218.3
3189.0
2714.9
2385.4
2425.4
1633.7
730.6
99.5
434.6666666666667
769.8333333333334
1105.0
2297.0
2956.3
3406.4
3602.3
3531.9
3153.0
2549.2
1817.9
872.0
94.2
116.03333333333333
137.86666666666667
159.7
2321.3
2983.4
3415.6
3608.1
3523.2
3135.5
2548.9
1750.5
861.2
92.3
464.00000000000006
835.7
1207.4
2293.9
2925.7
2730.0
3226.6
3174.5
3176.7
2550.0
1799.6
835.7
86.6
343.70000000000005
600.8000000000001
857.9000000000001
1115.0
881.6
1963.3
2784.4
3478.1
3142.2
2525.8
1751.2
853.2
95.5
129.4
163.3
197.2
1453.2
2943.2
3429.1
3627.4
3548.5
3154.9
2540.7
1778.3
720.4
95.6
372.8666666666667
650.1333333333333
927.4
2292.1
3024.8
3426.2
3626.5
3526.9
3117.2
2516.9
1758.2
859.3
101.4
289.4666666666667
477.5333333333334
665.6
2129.9
3004.8
3435.7
3624.0
3527.8
3127.6
2510.0
1737.5
836.9
89.4
317.26666666666665
545.1333333333333
773.0
2024.0
2910.9
3421.8
2998.2
2895.9
2938.3
2472.2
1712.7
787.5
78.3
320.53333333333336
562.7666666666667
805.0
935.4
1055.7
2594.3
3471.9
3421.2
3036.4
2143.0
1184.1
700.8
110.0
110.36666666666666
110.73333333333333
111.1
1907.2
2485.4
3163.2
3343.6
3312.7
3013.2
2300.3
1686.5
736.8
74.8
63.93333333333333
53.06666666666666
42.2
2256.6
3026.5
3466.3
3646.9
3550.4
3154.9
2543.6
1737.9
801.0
66.2
339.2
612.2
885.2
2391.7
3034.0
3456.8
3637.9
3491.6
3092.9
2476.2
1690.3
803.7
83.2
351.3333333333333
619.4666666666667
887.6
2378.4
3010.9
3425.0
3630.2
3346.2
3064.1
1544.0
1836.8
781.1
71.0
208.76
346.52
484.28
622.04
759.8
1488.0
1558.0
1813.5
1847.5
1978.7
1269.8
762.4
82.9
167.23333333333335
251.56666666666666
335.9
982.4
1652.2
2256.5
2340.4
1983.0
2142.7
1969.9
1083.4
1048.04
1012.6800000000001
977.32
941.96
906.6
2463.8
3115.3
3426.1
3593.9
3434.3
3129.0
2519.7
1730.0
791.6
102.3
376.1666666666667
650.0333333333333
923.9
2211.1
2998.8
3463.3
3603.4
3436.4
3057.0
2438.3
1701.3
815.7
86.0
391.96666666666664
697.9333333333333
1003.9
2326.3
3055.7
3393.5
3595.4
3327.2
3158.9
2280.8
1479.1
799.6
69.5
315.9666666666667
562.4333333333334
808.9
1167.5
2377.9
3325.4
2699.6
2948.3
2821.0
2038.1
1690.1
786.3
75.4
344.80000000000007
614.2
883.6
2257.8
2794.6
3257.6
3579.4
3448.7
3056.0
2436.2
1646.6
759.0
69.2
79.55000000000001
89.9
1320.0
2412.9
3049.3
3449.4
3597.4
3473.5
3070.2
2452.1
1668.0
769.5
76.4
206.9
337.4
1635.6
2471.6
3019.1
3468.5
3628.8
3470.2
2996.5
2477.1
1693.2
808.1
80.4
77.6
500.0
1394.0
2306.1
2727.5
3523.8
3633.8
3441.7
2909.7
2471.8
1692.5
803.4
78.3
79.7
728.1
1667.0
2497.4
3115.4
3499.2
3653.5
3493.5
3112.2
2519.6
1710.3
816.3
78.6
82.5
721.9
1651.5
2464.0
3066.9
3454.0
3606.4
3320.6
3147.8
2543.7
1782.1
824.6
117.3
22.2
190.4
311.5
442.9
1035.8
1473.9
1949.3
2417.2
2955.3
2410.6
1335.1
614.7
66.8
83.1
723.9
1642.6
2435.7
3060.2
3434.8
3545.1
3465.8
3100.5
2455.9
1589.6
765.1
77.1
79.9
674.9
1522.5
2230.4
3043.1
3427.2
3537.1
3351.7
2981.4
2156.3
1603.3
731.2
60.2
80.9
592.2
1262.7
1715.2
1286.7
2657.1
3299.6
3262.0
2939.8
2025.9
1472.2
716.8
67.1
90.1
730.5
1597.0
2349.3
2142.7
2147.1
2990.3
2189.9
2477.5
1555.9
635.7
599.6
69.6
47.3
471.5
892.9
704.2
1378.9
3406.4
3293.2
2859.1
2301.8
1809.4
908.5
437.2
52.2
70.0
371.7
1212.4
1799.6
2863.3
2499.5
3543.3
2086.0
1268.4
2067.4
808.6
276.7
13.9
6.2
75.3
347.3
523.7
1955.7
1183.0
2278.6
2470.6
1473.5
1473.8
1092.7
350.8
11.8
60.0
703.2
1369.6
1763.1
3129.7
3510.7
2780.1
2374.3
1994.5
2094.0
973.1
768.3
77.7
26.1
287.8
462.7
580.6
1261.0
2660.6
2419.5
1387.0
712.2
773.6
778.2
731.5
65.7
81.4
565.1
1204.6
1864.5
2681.3
3524.1
3656.9
3412.4
2870.4
2456.6
1374.1
793.1
86.9
94.2
780.2
1698.1
2527.2
3147.5
3577.1
3747.1
3612.4
3207.3
2590.2
1759.2
817.8
67.0
117.8
797.2
1716.6
2452.0
3174.3
3586.0
3743.6
3609.4
3203.0
2551.4
1731.1
807.7
81.2
106.9
490.1
1248.3
2552.6
2816.1
3411.7
3558.3
3581.9
3174.4
2572.8
1770.7
832.0
81.1
78.5
610.5
1241.5
1898.4
3092.7
3524.3
3673.8
3529.5
3171.6
2532.7
1712.2
801.4
80.2
112.8
798.5
1720.1
2530.2
3162.5
3543.7
3633.5
3558.6
3192.5
2576.1
1704.2
720.2
74.3
113.7
808.0
1733.9
2568.2
3206.5
3613.3
3747.4
3591.5
3200.2
2513.3
1614.7
698.8
76.6
102.4
274.3
644.5
1803.0
2179.4
2968.5
3233.8
3357.7
3221.3
2520.3
1778.8
842.5
93.1
119.8
824.6
1660.0
2315.7
3144.2
3592.6
3752.7
3624.7
3236.3
2616.5
1805.5
868.7
95.2
117.2
826.6
1742.0
2552.1
3177.2
3567.2
3672.1
3603.9
3202.2
2587.9
1772.4
810.9
87.0
93.3
468.9
1507.6
2143.0
2841.1
3155.7
3557.1
3283.0
2621.0
2213.7
1075.0
825.6
56.0
85.3
344.2
713.0
1042.4
1620.1
2319.9
3185.8
2664.7
2575.4
1614.5
1543.4
780.2
80.8
121.0
798.6
1700.5
2495.3
3094.4
3419.2
3494.3
3180.2
2962.6
2363.2
1459.6
677.2
87.4
121.4
812.1
1720.7
2521.0
3134.0
3510.9
3598.2
3196.2
3120.3
2424.5
1736.9
649.3
101.0
118.7
804.8
1715.0
2518.2
3130.5
3484.3
3633.1
3487.9
3128.0
2533.3
1696.5
818.0
86.1
134.1
802.4
1723.9
2538.9
3134.1
3521.6
3617.0
3464.1
3075.2
2487.6
1622.8
764.0
83.9
124.1
826.4
1732.1
2533.6
3054.1
3403.8
3583.7
3470.9
3139.7
2105.1
1149.1
877.0
97.4
121.6
801.3
1524.1
2009.8
1803.6
1860.0
3467.7
3515.5
3099.0
2397.9
1563.7
740.7
90.5
92.3
650.0
1101.6
1972.5
2779.1
3473.5
3557.4
3369.4
3162.8
2386.8
1652.5
668.6
63.0
120.5
835.4
1273.0
2497.3
2981.8
3090.0
3462.5
3470.3
3328.8
2378.4
740.1
706.2
93.6
133.9
739.8
1574.4
2443.0
3092.6
3240.5
3498.4
3568.8
2729.3
2274.5
1866.3
577.4
61.9
51.6
513.2
1003.6
1535.9
2225.9
1262.2
1386.5
1679.0
1897.3
1382.1
411.9
257.5
29.7
16.6
30.8
187.2
604.8
717.0
1137.1
1154.4
1509.7
3137.2
2719.0
1763.2
347.1
24.7
73.0
700.5
530.1
1772.3
3297.4
2975.9
3308.9
2802.1
2976.8
2603.0
1483.2
729.5
21.3
150.1
671.2
1051.1
2194.3
3119.1
3389.5
3708.8
3229.8
3150.5
2525.8
1782.5
888.1
112.5
123.6
520.6
1654.3
1592.7
2055.8
3468.6
3574.3
3529.0
3092.1
2654.0
1620.5
863.7
122.7
128.4
815.1
1437.4
1167.6
1388.5
1639.1
2110.6
3291.9
2629.5
2297.1
1338.7
746.6
133.2
83.1
734.0
1683.1
2426.3
2968.1
3309.2
3652.6
3513.7
3091.7
2407.3
1554.7
822.2
129.6
126.4
842.6
1601.6
2101.8
2636.2
3319.8
3167.1
3724.8
2528.5
2317.7
1458.3
727.5
126.4
107.4
552.2
1378.6
2361.0
2973.0
2381.3
3725.6
3412.7
2807.7
2306.5
994.8
474.3
38.3
121.2
638.7
1719.3
2345.2
3126.6
3058.2
2659.3
2843.0
2367.6
1528.8
1780.8
791.6
116.3
97.3
734.8
1606.8
2443.9
3085.4
3435.4
3649.4
3687.4
2975.4
2248.0
1353.5
805.7
75.5
119.8
756.7
1621.0
2397.4
2941.1
3234.8
3570.3
3285.8
3074.4
2283.7
1688.9
706.3
59.2
127.0
769.1
1639.5
2426.6
3048.9
3436.1
3585.4
3416.7
2909.9
1549.2
1618.2
945.5
67.7
72.1
407.5
865.8
2249.3
1479.5
2388.0
2246.3
2940.0
2428.2
2163.7
504.8
98.2
29.9
8.8
251.6
909.4
1090.3
898.0
1289.8
956.7
1599.2
1972.9
1178.8
877.8
378.4
49.7
14.3
128.4
90.9
528.9
1817.4
2772.6
2951.2
2728.2
2435.5
1900.9
1178.3
734.4
78.2
128.1
745.3
1008.9
909.2
1846.6
3160.0
3465.2
3413.3
2816.6
2642.7
1827.4
923.3
156.8
108.0
763.3
1647.9
2446.6
3089.9
3501.2
3673.0
3565.4
3189.1
2636.1
1863.7
917.9
127.4
107.4
763.6
1584.1
2434.7
3089.4
3497.7
3570.4
3242.1
3220.7
2625.9
1861.9
944.8
158.0
98.7
714.1
1616.4
2437.4
3086.6
3481.7
3643.6
3466.8
3099.5
2129.4
1800.0
969.6
155.5
125.8
640.4
1505.9
2396.4
3048.2
3474.8
3642.6
3532.3
2945.9
2492.2
1767.7
693.0
118.6
103.7
750.9
1582.7
1468.1
2735.3
3185.3
2726.5
3346.7
2811.4
2650.1
1838.0
881.1
179.5
72.5
328.5
917.2
2732.9
2766.6
2133.5
3447.1
2150.9
3068.6
2543.4
1717.3
727.3
109.7
61.4
303.5
1462.1
2460.7
3145.8
3494.9
3126.4
3754.4
2821.1
1661.4
1940.1
734.7
33.6
67.9
680.2
1621.5
1937.0
701.2
1752.9
2418.6
2139.7
2633.4
2572.7
1850.6
952.0
142.9
104.6
773.1
1625.1
2519.6
2921.1
2974.2
2773.7
2939.6
2112.1
2205.5
1679.1
890.9
172.8
39.9
358.5
686.5
1393.4
2196.9
1674.2
1872.4
2056.2
1424.4
1207.6
857.3
296.7
53.8
54.7
479.2
868.9
2168.8
2508.8
3125.5
2570.0
2736.9
2463.7
2399.3
1070.9
679.3
193.6
81.5
395.8
1068.2
1743.3
1834.2
2898.7
2419.7
2850.2
3204.2
2766.3
1853.1
732.1
190.5
101.3
808.6
1631.6
2414.2
3075.2
3504.4
3710.8
3400.7
2424.7
2557.8
1951.5
895.7
182.2
82.9
682.4
1543.6
2375.5
3016.2
3446.6
3622.6
3561.0
3240.8
2640.4
1853.7
993.7
201.3
81.3
690.3
1557.4
2357.2
2942.7
3378.6
3684.7
3182.2
3229.2
2176.2
1685.6
1014.8
200.7
62.3
322.8
805.8
1322.8
2436.2
2765.6
3607.0
3502.7
3200.4
2344.6
1878.3
1024.3
218.9
73.8
664.2
1578.2
2503.7
3096.4
3457.5
3650.4
3565.6
3111.8
2672.1
1919.7
1000.6
214.8
12.8
137.7
726.0
2205.7
2259.7
2306.6
1567.3
2231.9
1831.9
2277.0
1631.0
764.4
122.3
51.7
602.5
1135.2
2545.7
3238.7
2747.1
2813.7
3444.2
2704.9
2167.0
1363.9
1079.4
198.4
52.2
612.1
1462.5
2260.5
2874.9
3409.9
3527.5
3495.1
2708.4
2317.4
1787.9
966.6
210.1
52.9
231.4
953.8
2144.5
2691.3
3076.7
3311.3
2931.5
2608.7
2186.5
1721.2
994.3
252.7
39.9
389.9
1170.0
2353.6
2985.2
3010.5
3233.9
3453.2
2990.0
2343.8
1717.5
1139.4
266.6
55.1
224.8
470.6
385.1
725.3
3279.1
3393.7
3141.3
3111.5
2032.7
1207.5
916.1
326.7
30.2
256.5
651.6
1796.0
2549.5
3020.8
2067.9
3199.9
3288.7
2348.2
1465.8
973.9
69.9
50.2
471.5
801.7
1072.5
1802.2
1511.9
2569.0
2541.8
3109.3
2712.1
1829.7
942.8
252.1
64.2
639.9
1261.5
2142.6
2220.3
2700.6
2996.9
3340.5
2872.0
2495.2
1981.7
1122.9
256.9
60.8
592.9
1323.0
1715.4
1846.5
2389.5
3558.8
3194.1
2978.7
2886.4
1455.6
1148.5
262.5
28.1
469.0
1268.5
1363.5
1630.2
3321.8
2680.9
3005.6
3013.7
2063.6
2030.9
1148.1
271.4
54.7
695.4
1046.9
2367.8
2887.6
3432.0
3519.0
3636.0
3291.8
2641.0
2013.2
983.9
300.6
36.0
547.9
1391.2
2337.2
2967.0
3445.8
3672.1
3621.5
3326.6
2836.8
1948.2
925.3
283.3
36.1
492.8
948.0
1969.9
2386.5
3052.0
3543.1
3441.4
2462.2
2019.4
477.0
257.0
103.9
15.5
249.4
950.5
1568.6
2856.9
3368.4
3408.1
3491.0
3168.0
2662.5
1954.2
1177.3
290.6
40.4
534.4
1376.7
2211.6
2899.3
3364.7
3596.4
3581.7
3295.5
2755.1
2015.2
1186.4
306.4
40.3
545.4
1255.6
2272.3
2922.6
3599.6
3752.6
3039.8
2351.3
2454.1
1989.7
1150.8
212.8
42.7
316.3
1208.9
1472.3
1473.6
2213.7
2525.3
3467.2
3276.0
2215.5
1896.4
1115.5
285.9
43.6
310.6
795.5
1718.5
2498.2
2615.4
2634.6
3068.8
3229.6
2132.5
1697.7
1070.9
324.6
22.2
530.2
1387.6
2254.0
3022.1
2914.4
2521.1
3506.9
2673.0
2970.7
2002.1
1121.0
312.5
33.7
411.7
1306.2
1165.2
2313.9
3537.2
2989.0
2754.4
3199.2
2875.0
1919.8
1128.1
246.6
32.4
395.7
1209.9
1953.0
2185.7
3066.2
3043.5
3626.9
2922.5
2491.4
1535.5
916.1
151.0
9.1
216.4
863.0
1628.4
2000.9
2872.7
2403.3
2540.2
2976.2
1898.7
1015.4
413.5
84.3
9.6
45.2
125.8
744.5
1694.5
2995.3
2985.4
1957.2
2242.1
2677.3
2034.6
1200.7
245.6
30.2
370.1
1058.0
2122.5
2113.7
2384.4
2260.1
2709.4
3273.5
2481.3
1240.6
557.0
93.4
8.6
187.5
702.8
781.2
2048.0
1958.1
2859.3
1986.4
1092.5
709.5
773.7
514.7
124.1
10.0
68.6
418.2
1555.3
788.6
2362.7
2014.0
3007.7
680.1
1378.2
1203.8
230.5
39.5
32.2
299.7
765.2
1625.1
2510.8
2321.7
1838.0
1135.6
573.1
896.5
213.5
15.1
14.6
11.2
253.6
1037.6
1455.2
1188.8
888.6
500.5
458.6
173.2
185.8
175.2
91.6
58.3
28.8
366.5
703.8
1320.9
2301.8
2233.3
3076.4
819.7
841.3
441.5
212.9
197.3
72.9
21.1
296.2
680.5
1205.9
1493.0
1311.9
1731.0
748.5
246.4
745.1
992.5
704.9
209.6
116.85
24.1
248.7
727.9
1051.7
1321.9
1370.7
1431.2
825.2
467.5
496.6
474.5
198.1
13.1
197.3
572.7
686.5
1476.0
1817.8
1522.9
1430.6
1594.5
1733.1
1012.1
567.0
263.9
16.3
217.7
804.8
883.0
871.6
1893.2
3173.7
3185.9
3438.6
1938.7
1600.7
1167.4
352.6
28.0
368.7
704.8
1431.8
1651.5
2533.5
2361.3
1890.1
2801.9
2441.5
2123.9
734.7
269.5
5.6
115.2
235.6
364.4
438.8
1165.2
1964.2
2565.4
2226.4
1063.6
889.1
367.7
90.7
8.8
209.7
587.0
1097.6
1105.6
2112.8
2607.3
3526.0
2483.2
2211.1
2163.5
1228.3
160.2
1.2
86.3
356.6
1318.4
2788.2
2300.9
3297.2
2986.4
2367.8
2914.5
2156.3
1103.1
266.3
16.7
241.1
574.8
2407.0
2766.3
2880.5
3496.1
2780.1
2834.0
2537.9
1752.4
1296.3
286.9
4.7
217.7
584.7
1086.3
1692.5
2161.8
1544.7
1080.7
2052.3
2690.8
1835.1
544.9
193.9
16.0
435.7
1289.1
1759.3
2424.4
2857.7
3142.3
2973.0
1537.4
2220.7
2072.6
1248.7
247.8
22.9
268.3
1044.7
1965.7
2407.1
2930.6
3161.8
2356.6
3158.7
2720.1
2367.9
1290.5
407.3
6.5
148.9
458.9
633.7
1241.3
2455.3
2570.6
2802.1
2407.1
1425.2
1345.1
631.5
211.9
12.7
441.1
1181.1
2207.2
2523.8
2721.2
2963.7
3418.4
2967.4
2910.2
2218.4
590.9
203.4
8.3
212.0
537.2
1471.7
1622.3
2040.0
2466.0
3471.6
3304.7
2623.4
1927.9
1171.5
303.0
6.1
140.7
660.2
2061.0
2125.4
3330.0
3452.4
2359.3
2775.9
2962.4
1713.8
609.3
273.2
0.5
61.3
242.1
465.3
795.4
1709.3
1811.1
3136.1
2278.6
1673.3
1341.9
564.6
153.6
8.3
300.4
1100.3
1384.5
1274.1
1757.9
2772.3
2881.6
3316.7
2270.2
1557.3
540.6
338.4
18.6
470.2
1163.3
2112.2
2118.4
1946.6
2757.5
3636.0
2755.7
2234.1
1881.4
708.9
232.7
5.7
180.9
609.2
1636.6
2438.9
2528.7
2876.7
3706.3
3080.3
2625.2
1822.9
1217.8
148.8
20.0
223.3
647.3
1703.9
2222.3
2790.6
2724.2
3463.3
3420.5
2340.7
1672.7
767.5
263.6
24.2
444.0
917.7
1618.4
2202.8
2167.4
3601.9
3908.1
3516.2
2733.0
1613.0
664.0
114.9
7.6
393.7
1109.4
2020.9
2619.4
2880.0
3213.6
3398.7
2744.8
2141.1
1422.0
1262.8
426.0
284.85
143.7
416.4
538.4
1022.7
1755.7
2909.4
2921.5
3299.4
1939.9
1252.1
1381.4
312.6
3.4
82.5
531.9
1369.7
1522.6
1593.6
1768.5
2451.7
976.3
1605.9
1420.8
710.2
214.3
9.0
166.9
835.9
1464.1
2802.8
3442.6
3800.4
3794.9
3366.0
2786.6
1847.3
888.9
260.1
5.8
242.1
321.5
1079.1
1866.4
2572.1
3250.6
3002.7
2646.7
1546.0
1043.3
950.3
203.2
6.9
265.9
1087.9
1409.5
2126.4
2274.6
1963.9
2625.1
2316.5
1495.5
1459.3
727.2
174.4
6.4
209.0
687.5
1525.1
1639.6
2229.2
2480.9
2974.6
2827.8
2254.2
1756.5
747.1
303.7
7.9
376.4
1221.3
2094.4
2844.9
3010.1
3576.4
3665.9
3361.4
2938.1
2139.1
754.4
263.5
12.5
361.1
1089.1
2084.0
2837.7
3295.2
3601.8
3489.5
2457.5
1561.2
588.0
668.2
216.7
12.9
403.1
1260.0
2110.2
2851.2
3042.5
3474.2
3382.0
2743.0
2268.2
1658.7
1214.9
440.6
7.0
295.8
963.4
1821.1
2296.2
2939.6
3516.5
3206.5
3373.0
2336.7
1652.8
1118.5
361.8
7.7
197.1
1155.9
2133.6
2960.8
3372.6
3673.8
3033.1
2564.7
2553.2
1841.1
1194.6
256.1
5.9
461.8
1141.0
1820.1
2930.8
3347.8
2926.0
3311.8
2934.6
2628.4
2328.5
993.5
212.7
5.6
162.7
1194.1
2115.4
2615.1
2507.3
3896.5
3677.6
2589.6
2711.7
2213.5
806.4
311.9
9.7
354.8
882.1
2021.6
2022.5
2373.9
2820.6
3259.2
2070.3
1436.5
785.4
1199.2
257.3
4.5
434.6
655.9
1187.9
2032.9
2809.2
2836.5
3187.0
2826.4
2582.5
1446.1
631.3
249.4
5.3
372.8
1223.8
2120.6
2630.0
3486.0
2772.9
2330.9
2296.6
1376.7
541.9
833.9
187.0
5.4
461.9
800.3
908.9
1043.9
1513.2
2602.2
3350.9
2763.2
2641.5
1575.7
1270.6
266.3
5.0
380.4
1109.3
1463.4
1913.9
2269.7
2665.1
3025.2
2969.2
2053.4
1464.5
1302.0
342.4
5.7
332.1
1202.1
1969.1
2911.7
3476.0
3373.3
3038.1
2389.3
2506.4
1816.1
894.3
153.4
5.7
396.3
618.2
1390.0
1432.9
2244.9
2916.8
3259.7
3252.3
2526.5
1679.1
1121.8
355.9
3.0
188.8
957.3
1404.8
2775.8
2421.6
2740.5
3199.3
2802.7
1901.0
1985.8
826.2
286.9
1.4
199.1
945.3
2012.9
1774.1
1517.1
2622.2
2291.4
2127.6
1159.6
1048.4
685.7
196.4
3.2
398.1
921.5
1252.9
2123.4
2523.9
2401.4
2750.0
1887.5
1042.2
966.0
525.3
135.1
5.4
234.8
1058.3
1801.7
2575.0
3023.2
3786.0
3790.2
3520.4
2969.8
2230.5
1317.6
377.1
0.9
52.3
258.6
989.8
1457.1
3409.2
2050.8
2782.5
1479.3
963.9
857.7
503.9
145.6
3.2
162.4
553.9
1070.1
2681.0
3507.3
3152.1
2742.0
2141.2
2303.7
1741.6
1005.8
121.9
6.4
388.9
1115.1
1053.3
1130.5
2068.9
2161.6
2235.7
2055.2
2169.0
1968.5
1021.9
250.8
0.8
119.2
692.7
1384.6
1410.6
1729.4
1967.7
1349.8
2307.3
1687.2
1341.8
841.2
352.2
3.8
183.8
694.8
1268.3
2210.8
3286.7
3577.7
2825.3
2243.3
2258.9
1335.0
760.1
183.8
131.10000000000002
78.4
427.1
1332.2
1991.5
2130.5
2490.9
2313.2
2681.7
2425.8
1688.2
921.8
153.0
3.1
198.1
781.8
831.8
1525.2
2012.0
2279.1
2434.1
2001.9
1816.2
1114.0
404.1
117.5
5.3
384.0
1158.9
2072.0
2565.9
3308.2
3736.0
3610.7
3501.8
2570.7
1607.0
1157.7
182.0
1.7
215.1
673.0
989.7
1482.2
2132.4
3009.5
2111.7
1421.7
563.4
425.8
414.3
34.3
11.6
268.5
933.9
1626.1
2379.3
2731.2
2165.3
2883.3
2541.1
2205.0
1695.9
961.4
265.0
2.9
138.2
466.1
860.1
1528.0
2678.4
3606.2
3862.3
3517.3
2074.2
1048.2
652.9
178.0
5.3
269.4
911.6
1758.1
2827.7
3462.7
3644.7
3779.7
3476.6
2922.5
2183.4
1307.0
370.3
5.2
394.1
1343.2
1026.4
2596.1
3442.4
3764.7
3156.5
2965.8
2832.1
1747.9
747.1
271.4
6.5
238.5
202.1
945.2
1831.7
2593.0
3016.9
2363.6
2119.0
1769.8
1011.6
804.7
189.5
0.2
143.6
500.2
859.8
2408.3
1954.6
2777.6
2914.0
2976.9
2525.7
1951.3
1211.6
259.9
0.7
221.8
728.8
1353.5
1274.0
2089.7
2751.1
1987.1
1423.9
990.9
780.0
276.3
52.0
2.4
170.3
497.1
1228.2
1925.7
3406.4
3739.7
3739.0
2564.5
2399.4
2128.1
1174.9
216.0
7.9
262.0
1199.3
2544.2
3301.1
2997.5
3129.6
3517.0
2217.8
916.6
575.0
378.6
63.9
10.5
354.0
898.3
1242.3
2173.8
3329.9
3048.7
3077.0
1988.9
1182.1
1328.3
898.1
50.0
4.4
244.4
451.7
371.2
1087.7
2481.7
2683.8
3504.4
2925.5
2258.1
1449.4
599.6
127.8
1.3
73.6
253.9
804.7
515.5
657.7
3076.1
2297.9
1662.8
2047.8
2100.2
958.8
163.4
0.7
153.5
554.7
1586.2
3144.3
2629.9
2277.6
3772.2
3459.6
2647.8
1716.0
1097.7
44.9
2.3
273.4
872.1
1623.5
2883.9
2782.9
2659.8
2825.7
3311.5
2102.2
2095.2
1012.5
217.8
6.4
384.7
1273.4
2163.0
2985.3
3056.6
3487.0
3503.1
3537.6
2441.5
1759.1
753.5
205.5
5.8
389.0
1263.2
1947.3
2516.5
2571.4
2747.8
2886.3
2613.6
2457.6
2031.4
1102.7
202.6
8.8
423.1
1116.2
1849.6
2772.4
3507.4
3750.2
3820.2
3533.9
1734.6
1837.0
1056.3
160.6
115.8
71.0
270.4
795.3
1396.4
2113.6
2850.8
2234.0
2783.0
1831.4
1765.8
948.2
173.2
5.1
306.4
1277.7
1225.5
2981.9
3360.3
3160.0
2762.6
2849.5
2352.4
1457.1
1159.8
129.2
1.3
69.5
388.2
1059.6
2281.2
3268.9
3191.3
3168.0
3564.4
2702.5
1991.9
1029.3
173.8
3.5
180.0
396.6
491.7
1132.7
3002.5
2279.3
3226.0
2890.7
1817.6
1919.1
811.7
207.2
3.4
408.7
1197.7
1875.7
2683.7
3452.5
3609.4
3404.6
2909.2
2153.8
1822.0
1033.6
203.7
0.7
127.6
406.4
541.9
880.6
862.8
728.0
2305.6
2813.4
2476.4
971.9
277.4
63.9
2.9
335.3
1187.0
1511.6
2741.6
3369.7
3100.6
3352.7
3241.1
2696.2
2069.8
634.8
203.2
5.5
299.6
888.6
1528.0
2731.3
3315.0
3591.3
3801.8
3568.2
1967.7
1394.3
1079.0
100.9
5.9
304.5
607.4
1435.5
2859.5
3011.6
3439.4
3012.2
2396.7
2110.4
1249.6
468.0
47.0
6.4
402.0
1314.9
2188.6
2856.6
3321.6
3555.2
3558.4
3056.3
2593.1
1909.8
960.5
182.0
4.5
205.3
566.5
2032.5
2645.3
2705.6
2847.1
2865.4
2586.9
1588.4
1062.5
483.1
69.0
7.3
410.9
1042.2
2107.0
2502.3
2296.9
2192.3
2730.9
2916.1
2272.7
1281.3
899.3
158.6
7.6
401.4
1251.2
1985.6
2612.9
2607.8
3282.1
3194.3
2825.0
2195.2
1425.8
856.2
148.0
7.7
393.9
1245.7
2043.2
2821.8
3372.9
3659.2
3584.6
3425.7
2696.2
728.9
390.5
101.0
5.0
217.4
954.1
1688.8
2205.6
2441.4
3532.0
2951.2
2813.1
1117.7
386.0
81.0
15.6
1.0
14.6
116.0
553.4
1060.8
925.4
716.9
701.9
598.0
771.6
677.8
376.0
44.3
7.4
307.4
726.6
1112.7
1866.8
2743.0
3335.3
3577.1
2763.0
1928.5
1402.0
1060.4
151.2
6.7
222.8
855.7
1010.2
1058.2
2865.3
3510.3
3830.9
2808.4
2079.2
1889.8
703.6
143.7
5.9
137.5
383.6
734.0
1979.2
1940.1
2458.5
2772.4
2678.2
2577.9
1954.7
869.7
58.5
2.2
182.8
506.1
1784.8
2894.5
2581.3
2916.0
3134.6
2834.6
2159.5
1346.1
700.8
65.6
6.4
394.7
1273.4
2076.3
2862.0
3236.7
1957.6
2785.3
2368.5
2356.8
1797.7
929.2
126.4
6.1
367.4
1215.5
2068.5
2809.4
3306.5
3543.3
3445.4
3155.3
2267.4
1789.7
910.7
123.2
7.7
394.4
1261.8
2258.0
2919.1
2550.0
2808.7
2859.9
2991.5
1940.5
1671.5
883.2
112.3
7.0
398.0
1247.7
2094.6
2637.5
2927.4
3322.4
3225.2
2809.5
1817.5
1609.0
739.7
89.3
7.2
390.8
1230.2
2112.9
2700.9
2532.4
3558.3
3199.5
2455.0
2344.5
1443.7
836.4
85.5
165.5
245.5
535.2
824.0
2170.5
3043.4
2994.6
2484.0
2395.1
806.2
687.8
336.9
20.1
3.3
212.4
762.5
1905.1
2551.4
3029.1
3030.8
3215.1
2818.5
2270.6
1179.7
437.8
79.2
6.9
408.3
1189.8
1176.9
2334.1
2316.5
2968.4
2980.5
2993.6
2527.7
1760.1
857.7
102.0
8.2
373.1
1046.8
1475.0
2109.1
2549.4
3084.4
3327.0
3178.2
2244.5
1621.2
577.3
94.5
8.4
392.5
1229.9
2059.2
2694.4
2978.9
3257.3
3085.4
2985.4
2000.1
1327.0
759.9
86.4
8.7
389.3
1231.7
2044.8
2686.7
2692.6
3073.1
2947.5
2529.8
2525.2
1344.2
908.2
92.4
10.1
426.7
1249.2
2050.4
2691.6
3115.4
3356.5
3288.4
2890.7
2491.1
1721.9
888.9
78.6
6.2
396.2
1019.5
1682.9
2459.6
3153.9
2357.9
1721.4
1147.4
986.2
970.1
414.8
39.0
9.3
294.3
988.8
1576.9
2805.8
2168.1
2885.6
1870.0
2120.0
1735.6
1576.1
532.0
55.3
10.0
264.5
1102.9
1819.4
2287.6
2881.6
2660.8
2560.4
2425.2
2556.3
1426.4
828.5
84.9
7.4
387.4
881.6
1790.8
2681.6
2615.2
2570.7
3080.8
2435.9
2284.5
1519.4
836.2
43.4
5.4
176.1
433.4
925.1
1868.7
2620.5
2558.1
2400.6
2518.8
2248.0
1529.1
810.5
87.0
1.4
129.2
351.8
370.6
722.1
1529.6
2059.7
2689.1
2356.5
2334.9
1421.8
829.6
80.2
2.2
54.4
335.3
1011.4
2033.7
2304.6
3551.7
2662.1
2373.3
2171.6
1173.7
775.4
48.8
3.1
63.0
598.3
1144.8
1205.3
1675.2
2388.2
3171.8
2591.3
2140.3
1347.1
757.4
75.7
1.8
52.8
137.8
443.5
798.9
1550.8
2384.9
1726.4
2281.0
2065.9
1402.4
774.4
23.7
6.1
370.4
963.4
1757.0
2947.3
2366.1
3229.5
3200.5
2985.2
2097.0
1662.1
796.6
72.9
4.5
373.2
1061.1
1626.6
2272.0
3189.2
3116.0
2675.4
2724.2
1739.4
1133.4
482.9
40.7
3.0
342.9
1160.8
1816.0
2336.9
2741.0
2888.4
3166.5
2841.1
2446.7
1674.9
745.4
56.1
5.9
381.4
938.3
1465.6
1783.7
2717.4
2991.3
2349.6
2512.0
2156.7
1195.9
365.5
53.4
5.9
80.0
302.4
743.7
1515.3
2393.6
2211.0
2412.0
2459.4
1883.0
1384.8
721.0
54.1
2.0
155.2
584.0
1056.3
1732.9
1630.4
1586.8
1417.5
1702.7
1634.9
1522.6
629.4
73.5
4.0
273.6
661.0
1431.7
2081.6
2963.2
3441.5
2444.9
2449.3
2227.9
1284.9
498.7
63.0
4.6
218.9
638.9
1033.8
1249.0
1728.9
1904.6
1416.7
1265.3
1395.3
1016.9
696.7
57.2
8.6
184.2
594.1
1290.0
2491.6
3015.7
3079.0
2516.5
2302.9
1427.5
1329.3
414.2
22.0
6.1
350.1
1041.8
1150.3
1378.7
2394.5
1849.2
2225.9
2191.6
1738.3
1558.8
522.6
53.5
71.3
89.1
196.3
789.2
1047.0
830.4
1329.9
1121.3
1067.4
790.2
786.4
251.1
16.0
2.2
117.3
459.9
686.0
955.7
768.5
1964.6
732.1
1058.7
692.6
366.2
173.0
10.0
184.9333333333333
359.8666666666666
534.8
740.5
865.2
809.4
601.4
1299.8
1283.7
1539.8
759.6
163.8
2.1
41.43333333333334
80.76666666666667
120.1
211.0
613.3
962.2
1197.7
961.4
897.7
1273.3
1130.1
243.7
19.6
154.325
289.05
423.775
558.5
857.5
891.6
1095.6
1438.6
1259.2
1051.9
895.9
478.8
34.4
212.4
390.4
568.4
1043.6
1162.3
2161.6
2537.4
2304.4
1869.5
1670.0
1241.7
686.1
23.9
60.099999999999994
96.29999999999998
132.5
666.4
1446.3
1632.2
2058.2
2675.9
2230.5
1286.1
706.4
269.5
23.0
138.4
253.8
369.20000000000005
484.6
918.6
1171.3
1249.8
843.1
1657.1
1356.8
603.6
171.0
10.1
54.150000000000006
98.2
142.25
186.3
1585.0
2238.0
3003.5
2696.9
2745.5
1820.9
1295.2
384.0
34.3
4.2
307.59999999999997
611.0
1455.0
1749.0
1455.4
2006.5
2208.6
2124.7
1843.1
1166.2
626.8
45.9
1.3
149.8
298.3
446.8
1535.7
1704.4
2635.1
2744.7
2573.3
1896.1
1445.8
711.9
42.6
3.4
212.7
691.8
1547.5
2278.9
2832.7
2653.0
2729.6
2325.4
2178.6
1438.3
474.6
36.7
4.2
134.5
541.0
773.3
1655.6
2265.4
2959.4
2725.1
2449.0
1569.4
1344.2
421.9
45.7
3.4
131.3
429.5
1202.0
1589.7
1771.2
1595.2
1923.4
2257.9
1731.3
1617.1
571.4
39.0
3.0
392.3
803.7
1498.4
1786.9
2905.8
3157.8
3086.8
2793.8
2140.9
1241.3
733.4
53.9
0.1
72.0
476.1
886.7
971.2
1300.7
1580.5
2662.7
2688.1
1711.2
1326.2
694.8
44.4
3.2
185.7
293.0
710.5
899.6
1647.5
2348.3
1964.2
2109.1
1663.6
1564.4
486.5
45.3
1.6
100.1
555.2
1652.9
2081.0
2524.0
2538.3
2284.8
2315.0
1767.2
1004.4
772.8
44.6
1.2
127.8
537.7
804.5
1390.2
1472.3
1749.2
1828.2
1859.7
2117.0
1291.0
640.6
40.5
4.0
161.7
605.7
812.2
986.6
2062.0
3087.4
2977.6
2683.2
2131.7
1440.0
584.5
32.8
0.5
94.7
503.4
1196.3
1661.5
2617.3
2903.3
3133.3
2821.9
2263.0
1560.2
560.3
60.1
0.1
95.0
394.2
889.3
1417.3
2855.5
3095.9
2750.8
2303.1
2421.9
1191.0
827.7
67.6
0.5
144.8
469.3
511.9
1149.8
1415.6
1768.2
2943.7
2800.5
2459.7
1650.2
713.9
20.9
2.1
312.6
994.5
1700.4
2469.1
2781.6
2917.2
2187.5
2516.9
1645.7
1474.6
576.6
44.2
2.1
294.9
971.7
1552.7
2035.7
2310.0
3076.4
3009.7
2514.7
2063.8
1546.9
702.6
45.1
2.0
315.3
797.2
1095.4
2555.1
2667.9
3082.5
3021.2
2721.3
2208.5
1508.1
703.6
47.1
3.4
376.5
1008.0
1577.8
2499.6
2907.9
3091.4
3010.3
2568.5
2209.1
1534.8
708.5
50.4
85.94999999999999
121.5
388.7
947.0
1419.3
1174.1
1913.0
1451.1
1433.8
1204.6
747.4
245.4
34.6
1.3
133.4
720.7
1522.5
1795.6
1694.6
2756.8
1560.0
1036.4
598.2
275.6
118.3
6.4
1.2
82.6
277.5
523.0
689.2
759.9
1086.7
1428.4
2072.9
1704.5
866.8
333.0
34.3
56.699999999999996
79.1
520.4
921.1
867.3
1332.0
1737.3
1813.2
1841.1
1348.9
737.6
271.8
25.1
1.3
70.6
303.7
697.4
1196.2
800.8
1804.3
2707.2
2680.5
2236.9
1489.4
688.8
60.2
1.8
215.7
866.4
1400.2
2233.0
1455.3
1901.0
1159.1
1110.2
778.6
566.6
212.3
25.4
1.8
92.6
460.1
1024.6
1201.9
1383.2
1776.8
1689.2
1535.7
888.0
625.2
241.5
36.3
193.39999999999998
350.5
741.9
548.8
1603.4
1847.9
3028.5
2879.8
2802.1
1949.7
1357.8
320.9
37.3
101.39999999999999
165.5
496.8
533.3
763.2
996.9
1458.8
2770.1
2070.1
1670.4
1628.7
737.4
59.8
2.6
264.4
836.8
1682.5
2478.5
2842.8
3052.2
3048.1
2762.0
2255.6
1552.5
737.7
57.8
130.14999999999998
202.5
790.4
957.6
1931.1
2293.6
3109.5
2970.7
2552.0
1553.7
993.6
290.6
65.1
128.85
192.6
782.3
1249.0
1802.0
2283.4
2556.3
2922.1
2259.1
2052.9
1441.2
677.6
43.7
78.2
112.7
351.3
751.3
1524.5
1576.0
2591.7
1571.5
641.5
1016.0
859.6
462.2
58.7
144.39999999999998
230.1
655.3
1080.3
821.9
1266.0
1387.6
1328.0
947.0
615.6
540.1
249.3
32.4
0.7
128.6
289.2
497.0
743.6
1634.6
2828.2
2385.4
2211.9
1400.1
949.3
358.0
81.4
84.7
88.0
275.4
769.2
1116.3
1657.6
1426.8
1316.4
1198.6
889.9
899.4
637.1
32.2
0.6
84.8
353.8
667.4
956.9
970.0
860.8
1940.6
1066.3
891.9
988.7
441.2
48.7
88.05000000000001
127.4
444.5
710.9
1300.6
1267.8
1063.8
1833.0
2627.3
1547.5
1304.5
855.2
73.3
80.46666666666667
87.63333333333333
94.8
611.5
665.6
1266.4
1318.0
1685.9
1237.4
1357.4
990.6
446.7
39.6
105.03333333333333
170.46666666666667
235.9
1579.7
1719.6
1580.5
2202.1
2794.8
2656.5
2202.0
1603.8
824.3
80.3
84.44999999999999
88.6
366.2
526.4
917.8
1104.7
1399.2
2275.5
1904.3
1539.7
1378.7
786.0
53.1
105.9
158.7
743.8
1144.6
2133.4
2506.1
3067.9
3093.7
2374.3
1850.2
1309.4
644.5
72.7
119.15
165.6
510.2
724.2
1847.0
1205.6
2016.1
2685.8
2791.8
2273.1
1168.2
819.0
103.3
172.25
241.2
594.5
852.1
1107.7
1797.7
1829.2
2599.4
2567.1
1806.5
1348.3
576.6
89.5
0.7
90.4
494.9
901.1
1135.1
1973.4
1372.9
1470.3
1601.5
1642.1
1030.1
454.1
84.0
0.2
133.7
552.8
764.6
1234.6
1809.8
2199.4
2894.8
2229.8
2296.1
1652.9
684.3
91.1
142.3
193.5
1038.7
1931.7
2574.0
2735.0
2855.3
2851.6
2282.0
1843.2
870.1
419.1
29.0
74.75
120.5
444.4
1279.3
1155.3
1082.8
1317.2
1699.6
1471.2
1808.5
1207.0
744.1
101.6
124.05
146.5
511.4
1418.1
1289.5
1319.1
1563.3
1971.2
2557.2
1802.9
1464.8
804.0
45.5
68.55
91.6
376.7
625.5
1003.5
2132.1
2227.0
2796.7
2287.5
1295.8
1240.9
357.4
115.3
119.4
123.5
343.2
583.0
802.8
1335.8
2163.5
3154.3
2784.0
2395.0
1629.5
789.7
95.4
124.05
152.7
895.9
1493.5
2353.3
2837.2
3113.1
3122.4
2809.8
2346.3
1658.9
829.5
98.3
157.25
216.2
1101.7
1903.8
2221.5
2916.3
3169.8
3132.8
2856.0
2360.6
1670.7
837.5
99.2
173.05
246.9
743.2
882.7
1552.1
2153.6
2689.0
2993.8
2840.1
2350.4
1512.5
795.2
118.0
84.95
51.9
213.0
519.8
1366.6
2181.9
3155.1
3152.2
2740.9
2366.5
1694.5
777.7
79.7
74.6
69.5
438.7
889.7
740.0
1374.5
2063.1
2689.1
2180.4
1860.9
1426.0
714.5
107.8
115.3
122.8
379.7
1092.4
1366.0
1934.0
2884.7
3183.8
2899.3
2311.9
1618.5
864.8
112.8
120.44999999999999
128.1
634.8
1213.4
2851.1
2967.0
3181.1
3142.2
2865.7
2386.5
1603.6
865.9
105.8
113.1
120.4
398.5
954.4
1585.6
2761.4
3194.4
3125.3
2846.4
2343.3
1699.8
858.8
86.8
170.64999999999998
254.5
746.4
1654.0
2572.1
2983.3
3193.3
3150.8
2874.1
2380.9
1698.4
860.9
108.8
0.3
117.4
753.3
971.0
1173.4
1733.1
1819.4
2300.8
2563.2
2025.2
1357.4
733.8
58.0
102.6
147.2
654.6
1706.3
2457.8
3036.1
3135.6
3171.4
2927.9
2417.1
1715.1
880.8
114.7
127.5
140.3
820.2
1147.0
2591.2
3005.7
3237.4
3214.8
2946.5
2461.9
1768.7
912.3
119.1
136.6
154.1
896.4
1776.8
2645.7
3046.5
3253.4
3202.8
2921.4
2428.8
1726.3
881.4
114.3
83.8
53.3
297.2
485.4
811.8
1595.8
1921.6
1464.4
1005.8
1024.7
998.0
363.6
38.1
169.6
301.1
913.5
1602.5
2711.3
2967.2
3234.0
2501.3
2028.5
2117.2
1923.6
889.7
108.7
196.05
283.4
1061.2
1875.3
2533.5
2997.9
3198.9
3169.4
2887.9
2397.6
1701.4
741.6
65.0
63.65
62.3
662.7
1404.8
2447.8
2894.5
3224.7
3182.7
2638.8
2042.3
1655.8
826.0
109.2
89.80000000000001
70.4
388.8
389.2
424.8
932.8
1473.2
2593.5
2992.3
1786.4
1507.0
893.1
110.9
1.7
122.4
495.5
734.9
1160.5
999.3
941.9
971.0
1314.0
1017.4
766.1
395.6
40.7
95.5
150.3
583.9
648.7
1259.3
1727.1
1667.2
1296.2
1143.0
856.7
518.8
255.9
34.0
57.35
80.7
273.9
797.6
1078.6
1112.7
1497.5
1398.1
955.2
1466.2
611.4
243.9
41.2
171.8
302.4
901.7
1969.5
2480.5
3046.4
3218.6
3282.6
2666.0
2049.4
1432.8000000000002
816.2
120.1
2.9
124.4
492.6
931.1
1334.2
1368.2
1079.0
1138.0
946.8
1144.2
1185.9
727.6
115.1
0.4
242.5
586.1
1767.6
2585.8
2995.8
3044.4
3019.1
2816.0
2402.7
1704.0
846.8
102.2
1.1
310.3
881.5
1857.7
2624.5
3086.9
3321.4
3284.4
2984.8
2470.1
1755.0
889.6
122.1
1.3
223.3
601.3
1368.2
2649.9
2558.1
3239.3
3284.8
2977.1
2414.9
1800.7
916.3
122.4
1.6
321.6
1137.6
1960.5
2640.4
3094.9
3305.9
3266.0
2628.9
2019.9
1147.4
658.9
64.8
2.9
248.4
1285.2
1974.3
2739.2
3199.3
3307.8
3263.0
2833.9
2442.6
1713.2
880.4
116.9
1.8
131.2
228.0
1256.6
1975.8
2609.9
3188.3
3258.4
2972.9
2513.4
1566.2
708.7
106.1
0.8
148.9
520.2
942.8
1976.5
3135.5
3363.5
3316.4
3016.1
2403.3
1748.2
757.1
68.3
1.1
289.7
1056.6
1741.3
2687.9
3170.2
3393.3
3352.4
3043.4
2522.7
1790.0
925.2
131.2
103.75
76.3
332.5
623.8
730.9
822.6
1035.7
1691.3
1930.7
1686.4
1799.7
510.7
148.3
0.8
133.3
589.0
1108.0
2122.6
3095.9
3368.9
3302.7
2804.5
2435.4
1283.5
951.4
130.8
2.0
167.7
792.8
1947.3
2289.0
3099.3
3416.7
3375.9
3067.3
2542.5
1817.0
902.3
129.7
2.1
233.7
1265.3
2015.6
2490.0
2859.5
3562.0
3397.8
3083.2
2562.5
1779.1
882.6
133.6
4.1
172.8
720.8
628.6
926.0
837.0
1082.4
1716.1
1622.2
1953.6
1237.2
650.7
73.8
1.1
121.1
385.2
634.0
1190.1
2463.2
3341.8
3435.7
3049.9
2552.9
1711.9
950.2
124.3
1.6
216.3
664.1
1976.6
1680.6
2316.4
2215.9
2986.5
2821.4
2258.1
1561.2
776.7
138.6
2.0
103.4
638.2
905.6
1112.0
2431.5
2437.9
1858.1
1561.7
2419.6
1400.4
786.8
127.0
4.2
314.8
854.8
1817.6
2427.7
3274.3
3498.9
3417.4
3074.3
2564.8
1818.5
937.1
133.3
4.0
106.1
386.5
645.9
1322.0
1468.9
1840.2
2212.9
3046.9
2306.7
1448.5
802.7
129.8
4.3
254.1
878.6
1780.0
1898.5
3107.8
3407.0
3413.7
3005.5
2449.8
1805.8
905.7
121.0
6.3
408.3
1078.9
1912.6
2670.3
3266.4
3492.7
3411.5
3107.8
2521.1
1795.6
894.5
110.8
3.0
116.2
466.4
1156.5
1424.8
1929.0
2417.9
2581.5
2682.8
2478.2
1824.9
994.1
126.3
2.5
196.4
760.9
1515.7
2461.5
3246.7
3463.2
3424.2
3127.1
2592.3
1839.6
944.6
132.0
7.2
440.1
948.6
2181.9
2301.7
2348.2
2584.6
2844.9
2550.7
2285.8
1842.8
834.6
144.8
10.8
408.3
1218.6
2166.0
2846.0
3306.7
3532.3
3474.4
3125.7
2596.9
1834.4
916.8
142.0
2.4
144.4
505.9
1311.4
2501.4
2212.7
3065.0
2808.3
3243.0
2359.4
1804.0
690.1
130.0
6.8
260.7
925.5
881.0
1175.8
1709.8
1123.5
989.4
1427.0
1321.2
1020.0
183.7
47.9
11.6
311.2
909.7
1154.7
1752.4
1532.1
1886.9
1988.7
1756.0
1464.3
1240.9
623.1
142.4
8.4
330.3
612.1
1207.8
1698.3
2432.1
3327.4
3027.1
2744.8
2442.9
1683.6
940.4
127.6
11.7
218.9
1054.6
1427.1
2035.7
2451.2
2330.8
2547.4
2351.2
1522.2
987.7
904.2
82.8
10.6
223.2
1091.5
2034.8
2872.9
3011.4
2545.5
2431.6
2301.4
1845.1
1067.9
428.6
44.2
7.2
167.6
729.5
1060.2
1815.5
1565.9
2522.6
2871.5
2987.9
2149.2
1713.1
751.0
114.6
3.5
332.7
826.3
1655.1
2626.3
2110.4
2835.7
3140.5
2394.6
2293.8
1603.2
649.0
72.4
14.8
455.0
1320.7
2022.0
2568.8
2402.9
1867.6
1808.9
1213.4
1191.0
503.3
522.4
98.8
4.1
222.8
729.9
1491.1
1677.3
2346.3
2599.0
3239.5
3176.8
2590.2
1779.6
796.3
116.9
12.6
183.4
637.3
1975.7
2878.7
3307.6
3516.3
3439.1
3085.0
2509.6
1747.7
853.4
102.8
16.3
161.2
573.9
1131.3
699.0
856.7
1086.9
2562.2
2278.2
2548.8
1753.9
839.7
99.2
20.9
492.4
1327.6
2219.1
2913.0
3355.0
3556.2
3465.5
3112.7
2549.7
1758.7
843.6
100.7
7.4
165.4
346.9
791.4
823.2
2470.6
3545.9
2962.3
2276.1
2077.9
1410.0
879.9
101.0
9.1
238.7
299.0
457.1
1031.5
1623.6
2115.6
3147.0
3136.2
2118.0
1373.1
972.9
110.4
9.8
279.9
624.5
1188.3
1660.0
2351.8
3121.4
3297.1
2765.7
2480.7
1727.6
749.4
112.1
15.4
236.8
658.3
865.6
803.0
1404.7
1585.8
2398.8
2592.9
2575.9
1532.7
758.8
87.2
20.5
382.5
1070.8
1902.7
2926.9
3334.2
3503.0
3397.1
3033.7
2480.4
1712.2
755.4
86.7
24.8
493.6
1346.8
2127.3
2898.6
3172.9
3541.6
2782.0
3030.8
2555.3
1602.0
781.2
81.7
39.1
512.2
1114.8
1931.9
2537.2
3347.9
3500.7
3384.3
3007.3
2443.3
1677.8
791.0
85.2
31.8
400.5
972.4
1983.4
2710.7
3273.6
3485.0
3160.2
2850.9
2363.9
1649.7
717.5
63.2
37.9
568.8
1108.6
1731.5
2703.3
2484.9
3562.3
3393.3
3040.5
2543.0
1737.8
515.5
98.5
27.8
388.0
915.8
1358.2
2461.6
2192.9
2832.4
3144.1
2500.3
2021.0
1882.7
840.4
93.3
33.2
580.1
1454.1
2330.3
2971.0
3409.8
3456.9
2709.1
2554.1
2222.4
1244.4
597.4
50.8
36.1
612.8
1197.7
2225.3
3021.9
3422.2
3365.0
3291.9
2787.4
2398.5
1691.1
803.5
85.1
12.4
157.6
702.5
1359.0
2195.3
3253.7
3638.6
3411.9
3076.5
2541.2
1761.2
845.9
88.7
36.2
179.4
518.8
1136.0
1516.0
2087.3
3177.3
2975.5
2774.0
1914.0
1613.6
775.3
106.3
44.9
528.3
597.9
1263.7
1656.9
2630.5
3650.0
3045.8
2689.1
2489.7
1748.8
722.1
103.0
16.1
261.5
575.2
1236.5
1404.1
1613.2
1687.1
1943.4
1836.5
1833.8
1618.4
338.1
31.2
19.5
295.6
824.6
1368.2
1575.6
1910.8
1859.2
2389.5
1975.2
2025.3
1720.4
896.7
86.9
24.8
306.2
892.4
1301.0
1422.7
1413.3
2471.0
3112.8
3064.1
2521.9
1550.4
864.5
91.4
23.5
198.2
827.6
1091.7
2031.2
3498.2
3655.1
3587.7
3197.1
2608.9
1808.3
841.6
88.3
14.2
146.1
671.9
1081.0
1046.5
1260.6
1732.9
2795.5
2917.3
2583.7
1799.9
863.3
101.4
18.2
299.7
696.2
1728.0
2762.0
3331.1
3726.9
3625.2
3236.0
2636.9
1839.0
882.5
102.1
20.8
269.9
600.8
1214.9
2772.7
3576.3
3768.2
3634.0
3249.9
2655.6
1840.1
853.5
99.9
66.7
722.7
1642.2
2464.4
3093.8
3296.6
3049.4
3364.3
2710.6
2270.3
1889.1
896.5
104.3
68.8
600.5
1383.0
2563.6
3169.4
3520.5
3762.3
3595.2
3179.1
2571.9
1779.4
867.8
108.3
70.2
719.4
1667.0
2229.0
2861.9
3518.4
3636.0
3383.7
3124.7
2035.4
1171.4
506.5
66.3
72.7
731.2
1614.2
2454.9
3105.2
3520.4
3679.3
3574.4
3194.0
2576.1
1600.6
813.5
70.1
36.4
387.7
683.6
945.1
2118.4
2843.4
2355.5
2733.1
2123.9
1557.8
1529.4
685.1
87.4
19.0
185.3
351.2
1315.6
1839.9
3253.0
3524.7
3483.8
3179.3
2587.9
1691.0
781.2
93.5
17.6
486.5
1356.1
1609.4
2568.0
3251.9
3693.2
3475.5
3235.4
2443.8
1799.5
742.3
86.2
67.2
726.1
665.3
1090.3
2247.4
3351.8
3480.5
3618.7
3284.9
2487.1
1664.2
772.6
93.4
29.1
249.5
660.0
1824.8
3014.0
3367.9
3597.1
3127.1
3048.3
2488.4
1669.9
720.9
90.0
57.6
566.4
1307.9
2329.2
2807.1
3541.6
3699.6
3341.9
2784.6
2525.6
1785.2
924.0500000000001
62.9
81.6
690.1
1266.9
2219.9
2986.8
3536.4
3675.2
3570.3
3039.0
2571.5
1765.5
768.6
94.2
91.9
739.5
1704.8
2541.3
3220.7
3611.7
3747.7
3614.0
3269.1
2658.0
1805.7
862.6
98.9
98.4
771.4
1704.6
2548.3
3147.8
3526.0
3655.4
3509.6
3136.9
2567.7
1756.0
814.7
65.1
95.5
738.3
1217.0
1820.0
2249.1
3093.2
3559.2
3559.7
3120.3
2397.7
1734.1
528.3
18.9
89.9
753.1
1679.5
2483.8
3118.6
3475.4
3643.2
3404.5
3022.3
1455.3
683.2
196.4
8.4
100.0
734.4
1599.4
2494.0
3018.0
3467.9
3585.4
3601.6
3175.7
2518.4
1659.6
289.0
3.1
2.3
147.2
97.9
165.7
671.4
838.7
1530.2
1349.8
1420.6
1324.6
625.5
208.5
45.0
14.7
72.5
160.0
274.3
396.0
627.5
1474.6
1274.4142857142856
1074.2285714285713
874.0428571428571
673.8571428571428
473.67142857142846
273.48571428571427
73.3
651.5
1253.4
2191.5
2966.8
3612.4
3669.5
3684.9
3224.2
2596.2
1744.2
810.2
92.2
11.2
101.8
436.4
1323.3
1434.1
1686.7
2859.7
3106.6
2822.4
1987.4
1779.7
773.4
77.0
74.1
779.0
1525.0
1997.1
3075.8
3629.3
3650.6
3517.1
2598.8
1916.6
1569.2
750.7
99.1
69.1
796.2
1268.5
2512.6
3245.2
3603.1
3706.6
3666.5
3196.2
2513.4
1800.3
817.2
84.5
111.3
779.6
1595.2
2224.4
3171.6
3529.9
3705.7
3592.1
3152.2
2558.5
1693.7
785.9
93.6
115.7
748.4
1310.6
2206.3
3246.2
3490.0
3713.2
3217.5
2918.5
2453.2
1401.6
633.9
76.2
112.2
804.7
1612.4
2389.5
3204.2
3566.1
3717.8
3597.3
3227.8
2611.7
1761.5
861.9
98.2
106.3
789.9
1674.7
2563.3
3137.9
3568.2
3464.9
3568.2
3100.3
2362.5
1314.9
486.9
103.5
110.3
779.9
1590.8
2495.8
3189.8
3563.0
3617.6
3018.8
2823.2
2237.5
1732.0
814.7
90.6
115.1
439.8
1060.4
2562.4
2816.1
3121.6
3285.9
3100.6
2850.1
2658.0
1759.6
844.1
95.8
117.0
803.8
1722.7
2544.5
3144.2
3586.0
3706.8
3709.8
2695.4
2227.6
1400.4
912.0
109.7
94.0
421.4
1248.0
2397.4
2885.4
3105.6
3785.2
2993.0
3143.0
2681.4
1471.9
659.7
50.0
119.2
823.5
1735.4
2542.0
3146.8
3515.0
3590.5
2984.3
2840.3
2589.1
1788.8
856.6
118.5
106.6
767.0
1697.4
2504.6
3128.6
3516.9
3641.1
3296.3
3001.5
2298.9
651.1
351.8
123.6
134.4
821.7
1713.9
2468.0
3166.6
3425.2
3713.1
3289.7
2624.7
2447.5
1727.7
806.4
53.9
117.7
825.5
1702.9
2486.7
3097.9
3087.2
3612.0
3776.2
2975.7
2788.8
1735.5
904.4
111.0
118.4
899.1
1734.6
2194.9
2724.6
3447.6
3790.2
3111.2
2488.8
1479.1
1486.6
633.6
50.4
144.9
723.0
1565.1
2280.2
3148.0
3484.1
2817.4
3336.6
2598.2
1960.8
923.1
533.5
102.8
130.7
828.1
1692.9
2572.5
3141.3
3226.8
3291.4
3071.2
2721.4
2212.6
1782.4
875.8
104.5
33.4
488.9
1075.3
1440.5
2459.4
2606.0
2766.7
3536.8
3127.3
2402.0
1032.7
872.5
93.3
128.5
829.0
1481.2
2507.6
3173.3
3540.3
3670.1
3573.2
3237.5
2629.5
1843.9
924.3
120.7
122.3
824.0
1725.8
2540.6
3173.8
3565.3
3674.8
3580.2
3205.3
2570.6
1799.0
891.2
116.9
120.2
556.5
1175.5
1309.1
1670.4
2981.5
3415.4
3304.6
3141.1
2528.5
1625.6
751.1
130.8
127.1
847.3
1764.3
2574.8
3192.0
3575.5
3695.4
3590.0
3247.0
2645.7
1843.1
928.1
135.4
121.5
835.0
1693.2
1959.1
3092.2
3503.6
3539.5
3726.4
2459.8
1916.3
604.6
595.7
131.2
124.5
823.1
1723.7
2531.1
3144.3
3519.3
3625.7
3544.5
3232.7
2543.7
1574.5
946.9
111.4
122.3
813.0
1705.2
2489.6
3080.4
3428.3
3409.1
3243.4
2757.2
1435.8
1292.2
715.5
100.4
110.4
726.3
1639.2
2396.3
2966.0
3328.7
3397.0
1382.1
1603.3
1384.6
329.5
739.7
204.6
9.1
99.2
517.8
759.3
805.9
1365.5
1052.1
1934.9
2308.8
880.8
379.9
307.4
47.3
5.3
60.6
207.4
600.2
867.2
1955.1
1976.3
1513.8
2727.6
2631.3
1409.9
694.3
83.8
11.8
210.8
543.6
1033.4
2225.8
1842.6
642.7
1401.2
938.9
1565.8
1165.9
529.1
84.5
36.1
566.9
1092.5
1781.7
1976.0
1598.5
2243.9
3283.5
2441.2
2077.4
1536.8
721.3
136.1
140.5
836.8
1736.9
2580.9
3361.2
3355.4
2449.5
3095.7
3424.5
2611.9
1868.3
957.4
144.6
167.2
891.4
1571.6
2376.2
2795.5
3676.1
3862.8
3569.6
3396.7
2084.3
1223.8
322.3
93.2
107.8
781.8
1665.5
2465.1
3097.5
3463.8
3745.9
3045.0
2903.3
2601.6
1252.3
313.4
58.9
111.7
772.0
1643.2
2424.4
2999.8
3484.2
3136.2
3369.7
3224.3
2739.5
1726.0
908.9
152.2
114.9
807.4
1475.8
2117.2
3033.5
3437.9
3658.2
3453.9
2702.6
2137.2
1233.1
565.6
112.9
115.7
686.1
1414.1
2361.2
3148.3
3475.9
3549.3
3635.5
2713.6
1857.5
1508.6
529.4
149.7
85.3
595.4
1506.4
2386.6
3111.3
3585.7
3222.4
2604.7
2162.7
2281.6
1654.3
726.1
96.2
97.0
494.4
999.2
1645.8
2659.2
2595.2
1875.3
2054.0
1995.2
1966.6
1316.6
614.8
106.1
106.6
577.9
1001.5999999999999
1425.3
942.4
3227.9
3776.8
3793.4
3144.6
1132.4
950.9
349.1
56.4
46.2
452.5
885.1
2088.2
2293.3
3263.6
3355.5
2861.1
3103.0
2505.2
1693.9
799.1
137.8
116.8
802.2
1623.0
2397.1
3047.9
3549.8
3789.0
3494.6
3029.1
2000.8
1199.6
482.5
56.6
111.3
695.2
1278.4
1954.0
1633.8
834.9
2369.8
3366.5
2556.5
1273.2
687.8
364.8
41.3
30.2
404.1
1011.7
1677.7
2728.3
2768.0
3836.7
3203.3
2727.3
1704.7
1016.2
547.8
27.0
53.5
327.9
838.7
1325.4
2477.2
2615.2
2500.9
2272.4
1836.5
1679.4
980.5
476.7
100.2
37.0
231.5
904.2
1953.9
2512.2
2154.2
1899.5
2144.0
1948.5
1907.2
1486.6
856.4
86.9
88.0
678.6
1529.5
2307.5
2432.7
3151.6
3058.2
3093.1
2876.8
2325.3
1621.8
935.0
107.9
90.2
758.1
1583.7
2019.6
3083.1
3568.6
3870.8
3599.0
2789.0
2712.6
1918.6
705.5
97.4
85.7
694.5
1549.4
2345.7
3063.1
3221.7
3721.7
3032.3
2872.8
1620.1
1551.5
839.5
75.3
130.4
754.1
1427.3
2286.7
2504.6
2547.8
2985.1
2355.6
2132.1
1337.3
1618.6
1069.8
79.5
102.8
788.6
1334.5
2256.9
2926.2
2836.2
2297.9
2054.0
2368.6
1590.3
1632.5
735.8
156.4
89.3
458.4
1472.9
1989.9
2649.5
2741.8
2965.2
3434.4
2353.2
2396.2
1599.6
948.9
187.2
95.2
434.1
1200.0
2315.7
2772.1
3448.2
3324.4
3266.1
2512.7
2426.5
1305.0
1048.2
101.9
67.8
529.9
947.1
678.7
1265.7
1723.7
1426.3
2628.5
2478.2
1587.3
790.6
687.2
169.7
83.6
591.7
831.2
1095.4
2651.4
2280.8
2272.2
1835.9
2360.8
1754.4
620.6
314.3
28.1
60.9
475.5
582.9
535.6
2046.3
3488.2
2337.8
2705.8
996.7
767.9
715.3
399.6
57.5
60.2
468.4
1366.5
1805.4
1569.3
2405.8
1954.4
3298.6
2742.5
1739.7
1654.7
620.0
93.8
43.7
512.2
1098.0
1191.1
1971.1
2673.2
2400.1
2799.5
2187.5
1402.7
1117.2
1074.8
93.2
44.5
420.3
888.5
1991.6
2442.4
2882.7
3404.2
3464.8
2601.5
2812.3
1607.3
841.3
134.7
12.1
65.9
352.4
819.2
1555.0
2116.0
1375.5
1232.8
1414.2
961.5
570.2
304.4
56.1
146.45000000000002
236.8
875.4
1603.4
1599.3
1823.5
2893.4
2338.0
1292.3
1259.0
690.9
346.8
65.5
45.2
410.4
1020.5
2098.8
2108.2
2885.4
3702.4
3597.7
2964.9
2214.3
1167.1
810.4
115.1
57.1
619.5
1511.5
2308.9
2790.8
3506.5
3487.5
3604.3
3032.5
1517.9
738.6
572.8
173.2
57.1
543.0
903.6
2252.3
2281.2
2159.8
2577.3
2352.4
2891.4
2035.1
1385.8
940.5
289.4
49.2
612.8
1475.1
2133.8
2152.2
2690.8
3721.8
3717.8
2714.2
2256.7
1812.9
1221.5
245.9
59.1
579.8
1455.3
1685.9
2266.4
2483.0
3671.2
3264.0
3070.8
2235.3
1643.1
659.6
89.6
11.4
258.3
1263.8
2320.4
3185.1
2450.5
2589.0
2657.1
2888.6
2624.5
2017.6
950.1
172.4
51.7
504.2
1385.0
2185.2
3019.5
2922.2
2647.2
3411.4
3149.9
2487.0
1925.9
927.4
180.3
32.3
562.3
1355.4
1720.7
2675.6
2422.4
2977.7
2004.9
2960.6
2252.1
1360.7
1047.3
228.5
