y
23.5
129.1
562.7
934.0
1981.7
1970.1
3103.3
3448.7
2321.2
2643.1
900.5
308.5
111.9
33.2
575.6
932.6
729.4
986.4
1025.0
824.2
2193.5
3335.5
1695.5
722.4
870.4
65.6
39.1
390.1
1313.0
1167.9
1505.3
2571.7
2601.9
2570.8
2489.5
1693.7
1901.6
941.7
141.2
65.0
561.9
1785.6
1831.4
2876.2
2486.5
2985.4
3758.6
3097.2
2666.4
2051.8
999.5
82.0
35.3
598.3
1366.0
1848.8
2887.1
3301.6
3149.1
3306.4
2393.5
2097.8
1877.6
766.1
112.1
74.4
502.1
1287.1
1622.3
2905.7
3580.2
2949.1
3248.3
3005.3
2876.1
1976.5
953.9
75.0
67.2
698.2
949.2
1817.6
3178.0
3277.9
3583.2
3772.0
2497.8
2494.2
1763.9
799.8
94.5
64.8
431.4
1759.5
1378.1
1953.2
2048.7
3278.4
3514.8
3546.3
2359.5
1866.8
901.6
81.9
60.5
668.1
1569.6
2114.1
3023.9
2785.7
2987.0
2903.8
2366.1
2169.0
1451.5
481.4
114.2
4.7
44.3
129.0
405.3
221.0
371.6
980.8
1479.3
1830.2
1643.3
1683.5
769.0
186.7
1.9
42.5
176.0
954.9
2511.5
3568.6
3731.5
2352.3
1379.9
2253.6
1117.3
580.7
156.4
41.5
403.5
763.7
1599.1
2185.0
3353.7
3495.1
2519.7
3241.2
2849.9
2032.7
1138.7
104.8
38.1
400.9
1032.2
1232.6
2929.6
3443.3
3467.8
3256.8
2886.8
2788.1
762.4
283.9
148.9
48.0
476.3
975.2
1504.9
2170.8
3023.9
3134.4
2237.9
2527.9
2346.2
1913.1
944.6
226.7
39.4
554.4
1564.6
2429.3
3097.8
3614.7
3722.2
3560.5
2622.7
1730.5
1377.1
326.2
191.9
46.7
638.8
1589.6
1773.6
2036.9
3247.2
3505.8
3526.6
3226.0
2316.7
1610.0
733.3
135.1
49.0
647.7
1569.1
2462.1
3075.1
3489.9
3489.7
2914.3
2175.3
1767.5
1643.7
667.5
83.5
40.0
624.6
1487.6
2374.1
2623.6
3051.7
3827.4
3528.2
2235.2
1710.2
1241.5
1196.7
123.0
17.6
503.8
1406.1
1336.9
2394.5
2404.2
2977.6
3338.1
2800.6
1128.5
831.9
493.4
90.3
29.3
171.5
1212.8
1256.1
2341.2
2581.9
3147.5
2370.7
2753.2
2484.0
1333.8
347.7
102.6
46.2
641.7
1681.0
2448.6
2844.7
2603.2
2968.6
3820.2
2397.9
2436.8
1904.1
1051.7
52.1
21.1
235.0
786.3
2246.1
2178.8
1343.1
2970.0
2306.7
2978.4
2495.6
1507.1
1156.4
170.5
20.9
499.6
1364.5
2141.3
2653.1
1682.7
2314.0
2686.7
1481.6
1931.8
1925.4
894.8
104.5
7.0
266.7
1414.1
1800.0
1287.6
2668.3
2742.3
1883.0
1815.8
1419.7
1232.9
516.7
107.3
7.9
278.2
656.1
1248.1
1092.2
737.1
793.8
1379.6
2447.9
2273.1
1048.2
584.4
107.4
12.5
293.0
559.6
1243.5
1326.6
2514.5
1396.1
2187.2
1177.4
819.0
603.8
358.4
63.7
3.3
58.4
229.0
410.2
1100.0
2399.8
3244.0
2247.5
2068.6
1071.7
1163.1
1100.2
169.3
27.3
370.8
667.4
1111.8
2949.1
2991.1
2786.4
3688.5
2575.3
2456.4
1223.9
225.9
69.7
17.4
321.5
1065.0
1534.2
2467.4
3215.3
3635.9
2754.9
3502.7
2708.4
979.6
395.5
97.3
26.3
529.7
1439.5
2248.5
3075.5
3554.6
3782.0
3743.4
2430.4
1562.1
1238.5
489.2
169.8
20.8
520.3
1417.9
2286.6
2993.1
3494.1
3754.7
3760.7
3272.7
1949.7
1861.9
1002.9
150.5
20.7
574.9
1501.3
2376.6
3085.0
3488.0
3220.2
2073.7
3065.5
2425.9
2187.5
1006.1
199.4
9.7
227.7
534.1
1455.5
2765.6
3419.8
3286.8
2560.6
3411.4
3025.8
2133.2
1118.1
169.0
20.4
436.9
863.5
1566.7
2342.7
2086.1
2923.7
2302.0
2483.3
1980.0
1534.9
1063.5
152.4
15.9
476.2
1355.1
2185.4
2936.8
3332.9
3203.7
3629.1
2253.7
2127.3
1481.0
733.6
110.8
18.9
546.9
1472.5
1977.2
2633.9
3426.6
3585.2
3068.3
2491.9
1583.3
1522.4
912.6
176.5
18.0
571.3
1451.3
2077.2
2470.4
2176.4
3112.8
2228.6
2737.4
2670.0
1214.5
689.5
160.0
20.0
464.2
1310.4
1993.3
2877.4
3156.1
3636.0
3682.3
3467.7
2968.6
2136.4
800.7
102.3
26.4
327.5
593.0
2048.1
2510.4
2028.1
3775.5
2679.1
1828.2
946.5
659.9
409.4
123.8
4.9
120.7
308.6
796.8
1655.7
1335.3
2025.2
2198.7
2009.7
815.5
523.0
289.8
77.9
11.1
301.1
418.5
1184.0
1503.0
1641.7
1739.4
2935.6
2230.5
1554.8
1675.2
1101.5
276.1
8.7
311.1
1160.8
1935.7
2871.1
3070.8
3302.7
2570.7
3293.4
1742.0
1169.5
272.2
67.9
8.2
253.4
1409.9
1722.6
2788.8
2043.2
3325.2
3625.5
3473.3
2479.9
2193.9
956.0
203.0
37.4
559.5
1256.4
1319.5
2538.3
2039.3
2166.4
3226.0
2679.7
1961.3
1250.1
405.8
178.1
6.6
284.3
1073.0
2064.3
2233.6
3287.1
2500.7
3027.4
2396.8
2241.8
1246.4
927.9
145.5
15.5
471.1
1264.2
2245.0
1772.3
2549.5
3581.0
3700.5
3471.1
2644.8
1838.1
975.8
191.0
13.9
489.2
1407.2
2299.1
2975.4
3287.4
3692.7
3605.4
2726.3
2780.2
1253.6
564.0
198.4
14.3
469.5
1343.1
2207.2
2341.4
3277.1
3138.3
2219.7
2054.4
2799.4
652.7
713.4
163.0
3.8
187.3
361.0
1160.4
1357.6
1499.2
940.8
1057.1
3161.2
1766.3
1144.1
499.9
141.0
12.7
342.7
848.8
1430.4
2269.1
2520.0
2594.9
2881.2
2246.2
1923.7
1222.4
918.8
167.4
1.5
91.5
316.0
753.4
1322.6
1346.4
1818.4
2670.5
2935.5
2469.0
1871.0
1145.6
46.6
8.2
273.9
727.0
1414.4
1713.0
1652.0
1754.8
1689.4
1815.9
1190.0
724.4
356.5
117.9
8.2
205.6
557.4
788.3
2079.6
2736.4
1717.5
1889.5
2842.1
2506.8
1708.6
764.1
160.9
12.8
326.9
680.5
1848.9
2317.5
2726.8
2467.2
3134.4
3215.1
2298.7
2029.5
1093.1
179.5
17.7
554.6
1524.7
2445.4
2151.7
2863.7
2870.1
3026.0
2721.9
2198.5
1072.1
535.4
123.1
15.2
186.3
497.9
1276.4
1528.8
1651.1
2142.4
2430.7
2048.1
1200.0
1463.5
809.9
153.1
27.1
554.8
1132.1
2156.1
2907.9
2765.5
2088.4
2598.1
2268.9
1634.5
1350.6
502.2
162.5
13.7
322.4
1246.5
1277.6
2472.0
2471.0
2720.3
2498.3
3227.3
1916.7
1483.9
719.4
120.7
4.7
267.8
923.8
1555.5
1917.9
3080.2
2450.7
3629.6
2285.6
3059.1
1901.4
909.6
75.9
13.7
244.3
715.7
1963.4
2755.6
3175.0
3970.9
2931.1
2281.4
3172.1
1112.0
114.9
18.9
0.2
13.8
211.0
867.3
1691.5
2335.8
2074.9
2054.2
3199.3
2501.4
662.5
227.8
101.6
64.8
28.0
151.6
475.8
1050.4
1969.3
2807.7
3055.8
3024.6
3011.6
2105.5
1030.9
110.0
6.1
265.6
894.1
1222.8
1915.3
1853.3
1059.8
1541.2
1149.0
2300.8
2165.7
1057.3
183.6
10.4
251.2
671.9
1141.0
1769.5
2279.8
2515.9
3036.9
2250.5
3027.5
1270.9
206.5
96.1
10.6
156.5
691.7
1099.5
1867.4
3176.2
3738.6
1632.8
2377.8
2750.8
2189.1
743.8
90.8
17.5
472.6
1425.5
2152.8
3091.3
3295.3
3937.6
3627.3
3285.7
2554.4
1685.7
999.8
79.6
17.5
483.5
1352.4
1819.5
2340.8
2848.0
3051.5
3216.3
2345.5
2686.4
1948.3
961.1
101.8
19.6
525.4
1395.2
2342.4
2917.0
3000.0
3474.9
3207.9
2562.9
2192.7
1665.7
929.2
136.3
13.4
530.8
1500.3
2232.8
2247.3
3114.6
3065.1
1996.4
2489.9
2559.3
1642.8
905.0
79.3
12.2
490.3
1438.4
1919.7
2598.0
2018.3
2089.5
2156.8
2652.1
2791.6
1906.4
948.6
63.5
7.7
209.2
1239.1
1654.2
3028.9
2412.8
3693.9
3406.1
2963.7
2812.2
2046.4
891.1
93.7
0.3
71.7
485.1
1638.4
3102.8
2760.2
2909.5
3680.4
3355.2
984.3
423.9
633.4
53.5
8.6
214.6
527.2
875.7
1350.9
2066.7
2448.6
1792.6
1442.2
381.4
318.9
231.7
56.8
14.2
295.5
964.3
1077.4
1021.1
2341.0
1547.4
3461.9
2829.2
2530.7
1708.0
513.3
51.0
17.0
296.3
723.1
1301.0
1840.7
2759.3
2957.7
2631.1
2707.6
2630.1
1576.3
762.7
90.6
12.9
536.6
1476.9
2368.9
2607.9
3067.4
3552.6
3129.4
2954.9
2670.9
1896.2
933.3
78.2
19.2
562.4
1253.9
2106.3
2876.3
2680.4
3792.4
3261.7
2748.8
1198.7
1284.3
498.4
49.3
13.2
470.7
1219.9
1558.5
1955.0
3248.0
3527.3
2656.3
2629.9
2880.8
1697.8
703.0
125.3
21.1
472.8
1386.2
1775.0
2713.4
3076.8
2702.6
2713.5
2072.4
2282.1
1105.2
757.3
54.3
19.6
514.0
939.7
1130.9
2008.1
3104.2
3448.8
3337.1
3302.5
2682.9
1682.0
809.9
77.8
18.3
353.2
1327.4
2314.5
2410.0
3251.4
3672.5
3286.4
2639.4
2327.4
1762.4
703.5
56.3
14.5
535.5
1347.9
1876.6
2749.7
3705.0
3193.4
2311.2
2755.7
1946.1
1434.2
648.2
52.9
23.4
461.2
1206.7
1390.2
2013.7
3398.3
3074.1
2343.9
2548.2
2645.4
1621.7
663.5
61.3
14.8
494.6
1358.6
2060.2
3090.1
3634.7
3137.7
3108.6
2162.4
1973.3
1538.6
844.2
92.6
18.6
236.7
1273.4
1942.0
2349.9
2795.4
3877.5
3193.3
2567.4
1863.9
1598.8
560.1
57.8
14.0
458.7
1367.5
1959.4
2829.5
3618.5
3672.7
2853.6
2976.8
2600.0
809.4
803.5
37.1
12.9
482.8
1210.4
1336.1
2185.7
3073.0
2791.3
2612.2
2191.0
1488.1
849.8
561.3
60.7
14.5
551.8
1492.4
1518.7
2735.2
3424.3
3758.2
2623.3
2981.6
2197.1
1282.6
724.5
50.8
10.9
310.3
442.0
1078.0
1710.0
1990.3
2755.9
2313.1
2642.9
1873.6
919.8
723.8
59.0
13.1
390.4
1240.2
1511.7
2086.8
1259.7
915.4
2307.8
2190.3
1239.7
525.7
324.2
50.8
28.0
647.2
1378.6
2243.9
1836.1
3122.9
2600.6
2901.7
3093.9
1552.7
1504.9
590.8
62.5
11.7
557.7
1448.6
1763.5
1582.7
2192.9
2187.9
3439.4
921.8
976.2
995.8
337.6
58.5
17.7
473.7
1293.4
2518.0
3082.9
2687.0
1767.7
2671.2
2547.3
1868.9
465.0
135.2
16.7
20.9
271.7
705.6
863.7
1674.3
2216.8
1590.0
2938.5
2287.8
1877.7
1341.2
549.9
57.8
12.1
346.8
1520.1
1627.6
1932.3
1259.7
3246.3
2652.4
2453.2
1864.2
1751.1
700.1
100.8
11.3
463.8
1108.5
703.5
584.0
1901.8
2661.3
1884.3
988.7
982.1
719.8
618.1
67.1
9.4
106.7
579.8
2383.9
3052.0
3403.5
2689.9
2420.3
1856.1
2101.5
1745.3
698.0
27.3
16.4
481.6
930.9
2049.2
2829.5
1514.9
3271.6
2726.9
2194.3
1926.5
1403.0
675.9
29.2
20.5
625.7
1366.1
1139.6
2119.2
2611.2
3249.2
2996.5
2558.1
1971.0
1697.8
592.8
29.5
8.1
163.7
523.1
1149.3
1893.3
1907.3
1883.3
1976.1
2256.2
1228.9
1441.6
792.2
51.3
17.4
380.4
943.6
1069.8
2383.4
2665.9
2199.6
1736.2
2112.0
1453.6
845.0
542.2
44.7
15.8
448.6
1376.9
1173.0
2693.9
3168.5
2213.1
2150.8
1622.2
2064.7
1703.6
599.8
34.2
12.4
221.2
621.4
1960.2
2587.5
2807.5
1999.8
1580.6
1935.9
1722.5
1474.2
577.5
37.7
8.1
100.5
1207.9
2337.6
2724.3
1944.8
1409.8
1307.3
2789.7
1945.1
886.8
583.1
26.6
12.5
282.2
941.3
1001.1
1466.0
1903.0
2499.9
2476.7
2021.0
2195.9
1415.4
552.1
26.7
16.4
449.5
517.7
762.4
1733.9
3229.6
2207.5
1529.4
1459.3
946.4
901.6
245.6
47.8
9.9
541.9
1319.9
1842.9
1532.6
1574.0
1915.2
1204.3
1877.1
1515.8
932.1
489.8
96.1
15.5
487.0
1134.3
1810.6
2892.7
3031.3
2883.6
2208.6
1994.6
2111.4
390.3
140.4
20.6
16.5
491.4
1435.0
1658.9
1514.8
1189.4
1550.2
878.4
2060.5
2106.3
700.5
255.3
23.2
5.1
111.6
215.6
857.5
1050.3
963.2
1572.1
1148.0
1915.2
1694.0
1423.0
384.6
36.8
6.8
177.2
909.0
990.7
1998.9
2627.8
2544.2
1707.7
1390.1
1022.1
562.5
231.3
17.1
6.1
177.0
970.4
1703.1
2308.4
1646.3
1679.4
2167.1
1742.9
1657.1
682.9
328.5
47.5
11.8
225.2
1383.2
1155.7
2196.1
1789.0
1872.7
1366.6
900.9
544.9
583.0
259.0
16.7
19.8
430.2
1033.7
2036.3
2760.6
3058.2
2612.4
2178.0
1633.8
1390.3
977.6
291.4
20.9
7.8
437.1
1553.1
2543.7
1025.9
1936.8
1851.2
2524.8
1960.5
1257.7
1063.5
195.3
22.2
15.1
274.5
1405.9
2267.2
2944.1
2879.1
2480.7
2314.2
1776.1
1589.8
1177.7
190.4
16.5
17.0
420.6
1232.6
1259.2
2176.1
2957.5
2611.7
3222.2
2851.0
1796.8
691.8
191.3
25.7
12.5
305.1
713.9
1344.4
1914.8
1963.4
2932.4
2986.6
2346.8
2099.5
1188.4
308.4
23.0
9.6
563.1
1487.0
2056.1
1684.6
1758.8
2455.3
2669.2
2733.0
1860.6
1013.2
267.6
18.5
16.4
393.2
1105.9
956.0
1083.1
1915.4
1278.5
1942.7
1527.1
1797.5
1483.4
402.3
24.6
9.4
509.3
1150.3
1745.2
1982.0
2619.2
3051.4
2894.5
2839.4
2395.1
1058.2
266.4
32.4
14.0
495.4
1214.8
1845.0
3042.1
2656.6
3121.4
3240.4
2423.4
1221.8
1305.5
372.8
33.2
10.3
356.2
1302.7
1699.0
2822.7
2787.8
2519.3
2850.9
1922.4
1008.2
1313.1
245.9
24.6
17.3
529.1
1484.5
2360.0
1835.9
2026.2
2227.0
2586.8
1067.1
790.9
714.6
232.7
13.7
9.4
523.1
1156.9
1243.6
1634.7
3117.8
2240.9
2070.9
1901.4
1475.0
1083.8
341.1
27.0
24.1
410.5
1191.8
823.0
892.4
2473.4
3156.9
3276.9
2531.0
2126.7
1185.2
266.4
28.8
10.3
279.7
666.3
564.5
994.5
2228.9
2934.7
2584.6
2504.2
2012.1
1242.6
267.7
25.6
0.1
117.0
478.7
959.3
1018.6
1036.4
1297.4
1577.2
1888.7
1153.4
537.8
329.3
23.0
16.0
239.3
615.6
1055.3
1599.6
1116.7
2278.1
2496.7
2412.3
1602.0
1284.0
241.6
21.2
12.8
180.5
547.3
945.7
1633.8
2113.2
2400.4
1717.7
1838.8
1179.0
444.7
194.8
24.4
13.3
542.0
1431.3
2583.2
2750.4
2707.3
2944.7
3325.4
2307.4
1691.4
724.0
317.5
10.0
15.5
425.4
1252.6
1468.3
2211.1
1869.6
1744.7
3019.5
2136.8
1474.9
1241.1
236.7
19.7
9.0
142.9
366.5
808.6
972.5
1527.6
3076.0
2661.0
1968.5
1695.0
770.5
223.0
11.9
12.9
508.0
1344.6
2137.6
2883.3
2723.7
3352.5
2300.0
2320.7
1649.7
1132.0
163.6
11.1
13.1
482.2
1280.4
1924.9
1810.3
2088.6
2420.4
2495.5
1826.0
1933.0
1389.4
177.4
14.9
10.3
274.4
1171.4
2019.5
2731.8
3157.6
3301.7
3179.6
2810.0
2155.6
1377.4
155.6
12.3
5.6
201.8
912.1
1477.7
1867.8
1597.3
1876.3
2138.8
1427.8
1220.1
681.5
176.3
11.0
14.1
250.8
842.6
1704.9
2360.6
2940.9
3170.3
3171.2
2595.0
1982.9
1043.6
189.2
15.9
9.4
479.6
1155.1
1301.4
1775.5
3145.5
1137.1
912.0
1116.0
1319.4
623.1
259.2
12.8
5.7
140.3
578.2
1216.3
1070.2
641.2
1246.5
1369.6
1741.1
1571.8
460.3
101.9
11.9
13.1
350.3
639.7
1233.6
1322.3
958.6
849.3
1055.2
872.8
874.5
873.5
325.3
15.9
14.4
218.8
1249.6
2105.0
1443.8
1555.8
1652.6
1425.8
1579.2
1578.1
844.0
244.5
11.5
9.0
338.6
1379.2
2101.3
2715.4
3189.3
2932.4
2850.0
1657.5
1716.7
1188.6
176.4
11.4
10.1
500.9
950.1
820.5
1943.9
1597.7
2337.7
2606.6
2259.7
1835.3
1215.7
167.8
7.4
7.8
366.3
844.2
1326.7
2207.3
2830.5
2781.3
2555.7
1926.5
1782.4
807.7
240.0
20.3
8.7
472.3
1170.3
1274.2
1285.4
1981.6
1568.1
1498.9
1715.1
1378.7
1122.9
209.5
12.6
12.3
455.2
1240.3
2084.3
2393.2
2325.2
1733.7
1792.3
1601.7
1086.9
796.7
197.7
13.6
14.2
473.3
960.8
1791.7
2736.1
2957.3
3143.5
3076.4
2669.1
2133.3
1253.4
140.9
11.7
9.2
440.0
1071.5
1123.3
1587.1
1734.8
1634.2
1842.1
1984.8
1726.4
856.3
173.8
10.9
8.5
167.3
535.7
710.7
1163.6
1989.9
2035.2
2449.5
2178.0
1681.4
725.0
167.9
10.2
6.5
174.9
628.6
1306.9
2441.3
2721.2
2065.0
2314.8
2570.9
1543.2
857.4
166.1
13.0
8.0
476.6
1254.2
1972.5
2605.4
2852.0
2786.9
2678.2
2398.4
2059.4
1158.7
174.4
16.1
9.0
364.2
894.1
1913.7
2618.5
2331.3
2632.5
1706.2
1152.4
677.7
283.3
119.0
12.6
7.3
405.5
1003.2
1840.2
1387.5
1288.3
2162.8
1811.4
2039.1
1339.8
681.4
169.8
11.3
7.9
414.6
1325.3
1155.2
2356.6
2073.7
2985.1
2573.7
2698.6
1884.7
1172.5
216.2
13.6
8.3
313.9
707.9
685.7
1123.4
2381.3
1988.7
1868.6
1809.8
1924.5
1241.2
180.5
11.7
4.6
259.1
637.0
971.1
1484.8
1140.9
2078.5
1148.6
1585.7
1476.3
967.8
153.6
16.4
11.5
426.3
623.5
953.3
1311.7
1446.1
1447.1
1460.8
1856.9
725.4
446.3
176.9
11.1
3.0
131.4
1163.3
1461.4
1930.9
1469.0
1838.7
1896.2
1322.1
1373.9
554.5
316.5
20.2
8.2
205.1
551.4
816.2
915.6
1210.3
2113.6
2584.7
1791.7
810.7
370.1
247.9
20.9
0.5
77.6
433.2
823.2
1110.5
1309.7
1813.2
1812.2
2467.0
1435.1
1282.6
323.6
26.8
7.6
159.4
619.8
1223.9
2113.4
2212.2
1990.5
1728.3
2164.9
1650.1
1063.4
272.0
18.0
3.1
419.0
1169.0
1854.9
2624.8
2764.9
3277.9
2532.0
1375.1
1662.7
1197.9
223.9
23.1
6.0
185.0
737.8
1065.8
1349.6
1405.6
1774.2
2068.7
1319.0
1858.7
836.2
186.9
32.3
7.3
179.6
522.9
837.1
1085.6
1331.6
1512.6
1359.5
871.5
612.4
344.8
155.6
12.9
0.5
82.3
515.8
1003.2
1083.8
1639.9
2628.2
3081.4
2481.4
1777.6
1339.8
213.7
18.3
4.6
371.1
1002.1
686.7
601.6
952.6
1424.2
1040.5
638.2
1021.2
446.5
183.0
5.5
4.3
415.0
1197.1
1997.1
2744.1
3094.0
2561.9
2437.8
2760.4
2028.1
1288.7
228.6
22.4
5.5
305.4
597.7
2100.8
2594.6
2884.4
3024.9
3018.2
2677.9
2068.6
1266.4
236.3
22.1
4.3
266.2
758.7
1362.4
1307.3
999.3
1176.0
1514.2
1475.2
1538.3
859.4
261.2
32.1
3.7
397.2
1113.7
1913.0
2563.1
2288.3
2443.4
2079.1
1959.9
1225.0
924.9
182.1
16.2
61.45
106.7
479.8
780.2
1185.9
1501.3
2397.6
1546.4
1502.9
984.1
662.5
221.7
19.8
2.3
370.4
857.1
964.9
2415.9
2893.7
2577.8
1927.1
1301.7
778.3
894.2
310.7
14.7
4.2
201.3
424.2
1359.5
1264.3
1351.9
1670.4
1706.0
1460.3
1452.6
815.5
227.7
18.2
4.3
230.2
644.3
1265.6
1677.7
2146.8
1805.6
1124.3
971.2
747.2
320.9
181.7
20.3
1.6
131.6
680.1
1221.9
1993.4
1846.4
2102.9
1678.2
2344.8
1629.3
809.0
190.9
23.5
4.8
336.9
848.9
1791.1
2406.4
2722.7
2422.9
1601.1
1581.0
1386.4
1055.8
225.1
30.7
3.5
174.6
697.0
1324.5
2724.2
2949.8
2213.6
2726.9
855.0
930.8
1142.6
250.1
25.8
2.9
343.3
1093.3
1880.6
2501.6
2971.0
2566.9
2275.1
2255.9
2044.1
1536.0
299.6
24.6
1.8
356.3
1158.3
1934.1
2537.7
2964.6
3001.0
2655.9
2658.6
2172.6
1391.5
235.5
20.3
2.0
358.9
1159.2
1935.2
2553.5
2950.9
2998.4
2882.1
2702.9
1934.1
1304.9
255.4
27.7
2.5
372.1
1188.7
1973.5
2585.9
2978.8
3156.0
3086.4
2757.7
2198.6
1426.9
236.3
18.6
2.2
356.1
1177.1
1648.0
2398.8
2612.4
2574.3
2748.9
2707.8
1947.4
1331.8
325.3
22.4
1.7
376.5
1146.4
1933.6
2554.7
2835.4
2732.2
1942.0
2597.4
1935.1
1022.7
302.4
23.8
2.4
297.9
839.5
902.9
1341.2
1900.3
1527.4
1011.6
1409.9
981.7
606.6
304.4
22.4
1.1
183.8
835.3
1966.7
1956.0
1369.5
1770.1
2901.1
2472.0
2092.5
1390.5
318.7
36.0
0.8
305.1
811.3
1777.5
2217.5
2377.2
1901.2
2187.6
1018.3
1034.9
734.7
262.5
21.2
0.6
121.7
946.5
1269.8
2094.1
1895.9
2530.7
2050.8
1665.8
1716.6
614.3
305.2
36.5
51.55
66.6
611.6
664.8
815.0
1038.3
1646.3
1800.7
1540.7
931.5
967.6
271.9
28.0
1.8
281.4
1159.3
833.8
1688.0
1458.7
1416.2
1636.5
1832.0
1969.3
1406.6
333.0
24.1
2.1
360.0
936.9
1236.2
1394.9
2221.3
2988.8
2255.4
2047.8
1584.3
1132.7
329.8
28.9
0.7
134.7
523.6
839.9
1191.4
1403.0
2139.2
1944.5
1623.8
1526.1
858.1
293.0
29.0
0.9
217.1
1034.1
1762.3
2461.8
2950.2
3362.3
2877.1
2151.6
1079.6
522.6
224.8
30.8
2.5
137.9
361.2
699.9
858.8
1230.0
1989.7
2009.9
2409.1
1038.5
550.4
268.4
36.4
3.3
371.8
1186.0
2006.2
2484.7
2798.4
2514.7
2695.5
2358.9
2090.9
1296.0
411.1
49.4
211.00000000000003
372.6
938.3
2180.5
2611.9
2719.9
3437.9
2960.8
2961.9
1794.0
1065.4
335.8
45.2
2.3
182.7
416.0
669.8
929.6
1777.6
3100.8
3171.9
2841.3
2281.0
1513.9
324.9
28.1
0.3
201.7
1017.2
1537.0
2721.3
2868.2
3025.8
2181.1
2351.6
2052.1
1058.0
352.8
37.3
2.5
168.7
661.3
1155.6
1192.7
1414.3
1364.8
1910.2
1994.4
1516.9
1097.2
424.8
36.6
2.2
347.2
917.7
1314.8
2101.0
2536.9
2150.2
2102.6
2096.1
1521.0
1152.7
286.5
30.8
1.8
175.2
654.6
1303.3
1878.6
2325.8
1493.7
1458.1
1400.0
1483.1
1121.4
406.7
38.0
1.2
166.2
723.1
1722.6
1627.3
1364.5
2209.2
1838.2
2520.4
1961.9
1035.9
359.4
30.2
0.6
230.9
940.9
629.6
2222.4
2156.2
1342.9
2041.7
1409.1
2019.4
1179.3
358.9
43.7
1.9
250.7
1067.3
1914.0
2588.4
3016.7
3145.8
2668.9
2045.2
1737.8
1275.8
399.4
33.9
1.2
193.5
741.7
1440.9
2353.9
2991.3
2612.1
2036.2
1799.2
1847.0
1080.8
416.6
30.0
1.4
145.3
484.6
849.6
1339.5
1299.9
1489.2
1443.6
1947.6
1605.7
1111.7
407.3
34.8
3.1
86.0
326.9
486.4
966.6
1949.4
2875.0
3345.1
2686.3
1923.0
1561.7
446.8
36.1
1.8
373.7
1226.5
1671.9
1879.3
2402.3
2689.5
2530.6
2393.6
1822.7
1487.9
356.6
31.0
5.7
329.0
862.4
1996.5
2346.7
2694.3
3451.3
3188.3
2891.5
2275.5
1510.2
411.3
39.1
2.6
338.0
1178.3
1981.8
2408.7
2879.4
3059.2
3145.2
2815.3
2082.6
1448.7
446.2
34.9
1.2
360.2
1187.0
1114.5
1152.7
1940.0
2100.6
3011.7
2093.0
1696.8
1431.6
483.4
39.0
2.4
318.7
1111.6
1434.2
2743.7
2961.9
2236.6
2621.1
2728.1
2026.5
1365.9
467.5
38.1
1.5
342.5
1163.2
1998.6
2647.4
3087.3
3277.4
3188.6
2853.0
2275.7
1495.4
461.9
39.0
2.9
301.2
797.8
1754.0
1629.4
1345.4
2172.1
1861.5
2394.8
1833.9
1370.2
465.0
49.4
5.7
377.2
1208.6
2235.1
2987.9
2546.3
3488.8
3242.2
2948.6
2375.0
1607.8
521.6
41.2
3.4
364.4
965.1
1145.5
2856.8
3223.7
3401.5
3314.3
2531.4
1759.8
1097.5
447.6
47.0
79.2
111.4
510.2
1123.7
1189.7
1088.6
2524.6
1582.8
1262.5
886.3
694.9
370.1
50.9
2.6
390.5
1180.2
2215.9
2788.8
3251.7
3365.0
3259.1
2989.2
2408.3
1619.9
561.4
44.9
5.3
408.6
755.8
1737.2
2768.1
2996.7
2837.0
2943.1
2387.3
1860.4
1293.6
369.6
34.9
2.0
98.3
438.1
966.0
1284.7
1339.9
2238.2
3232.8
2683.1
2500.5
1659.8
524.7
39.6
4.2
429.4
1305.2
2135.1
2805.1
3221.4
3397.4
3319.0
2974.8
2402.8
1628.2
531.3
42.8
572.3499999999999
1101.8999999999999
1631.4499999999998
2161.0
2690.55
3220.1
3448.8
3090.8
2645.5
2534.7
1758.9
562.8
37.6
4.8
423.7
1318.5
2147.6
2814.6
3226.5
3401.7
3316.9
2970.2
2380.7
1606.0
572.4
35.6
4.7
423.5
1316.8
2139.2
2788.1
3202.2
3372.7
3023.5
2502.1
2407.9
1693.2
561.6
35.9
5.4
410.3
1286.6
2114.5
2767.9
3201.6
3370.8
3296.9
2927.7
2347.5
1529.8
574.4
37.6
5.7
443.6
1283.5
2116.0
2755.2
3201.9
3377.6
3298.1
2963.9
2394.2
1576.6
553.2
52.7
3.1
167.7
787.3
1440.0
2488.1
2886.1
3241.2
3052.4
2368.9
1714.2
1153.5
500.0
51.6
5.2
361.4
1213.4
1465.0
1161.8
2201.2
2900.8
2974.6
2639.0
2264.9
1474.4
520.0
43.5
5.8
386.3
1252.9
2311.8
1571.0
1781.4
2530.6
3010.0
2567.3
2154.7
1759.6
444.4
52.3
7.0
376.7
1273.3
2133.0
2809.3
2392.5
2378.1
2076.5
2369.0
1664.5
1383.8
526.4
52.9
7.0
482.7
1391.9
1971.7
1809.9
3493.4
3233.6
3057.6
2140.4
1690.3
1006.0
585.2
48.2
8.0
477.2
1425.1
2200.6
2427.6
3242.4
3063.7
2047.1
2260.2
1808.2
966.1
523.2
50.1
11.9
460.0
1284.2
2162.6
2806.1
3237.2
3358.6
2912.5
3025.3
1957.8
1239.9
425.3
41.0
7.2
386.2
1181.0
2039.1
2742.6
3161.4
3327.7
3225.8
2856.7
2254.4
1465.4
563.0
41.7
5.3
351.6
847.3
2061.5
1706.1
2127.9
2504.5
3004.5
2865.3
2241.3
1456.5
559.4
45.7
4.8
141.9
653.4
1162.2
2270.5
3073.8
3318.8
3092.7
2569.5
1737.3
1320.8
482.2
33.2
9.5
391.6
1204.6
2024.9
2684.2
2778.2
2734.3
2865.0
2559.1
1904.4
1421.1
436.0
44.7
10.0
388.2
1213.1
2018.0
2649.5
2967.8
3224.3
3037.8
2804.5
2209.8
1519.4
556.2
41.8
11.5
441.1
1296.6
2142.6
2817.9
3247.4
3415.5
3315.4
2943.8
2334.1
1535.8
598.9
41.4
15.3
460.5
1296.1
2143.1
2839.3
3271.4
3352.8
3341.5
2968.9
2364.1
1565.7
612.8
43.8
6.1
196.4
749.1
1459.9
1861.3
2224.2
3332.3
3002.5
2908.7
2325.2
1455.4
538.3
52.6
14.8
553.3
1030.8
2358.8
1487.9
2207.6
2535.7
2900.9
2964.3
2460.5
1639.0
660.8
43.0
10.5
337.2
516.3
598.7
740.6
1795.0
1883.6
2288.1
1874.9
1584.3
1015.0
596.4
56.2
16.2
571.2
1520.8
2386.5
3072.6
3490.2
3663.5
3544.3
3156.3
2485.7
1651.8
672.0
42.4
15.4
604.1
1274.2
2496.3
3104.0
3480.6
3122.3
3704.7
2898.7
2441.2
1428.2
641.0
47.6
17.5
604.1
1562.5
2103.6
3097.2
3522.7
3663.9
3546.1
3159.8
2532.5
1691.4
691.9
43.4
19.1
578.2
1506.0
2378.3
3054.8
3475.5
3642.1
3531.2
3136.2
2497.2
1671.0
682.3
43.9
19.7
592.3
1521.4
2387.3
3046.0
3462.6
3627.1
3506.8
3108.7
2480.2
1652.5
672.6
41.4
20.3
589.6
1511.5
2365.8
3031.6
3454.2
3618.2
3502.0
3119.3
2474.9
1634.4
660.8
40.6
21.2
586.2
1494.4
2349.4
2999.9
3437.8
3612.1
3440.5
3093.6
2456.6
1633.7
672.9
36.8
23.3
575.5
1489.3
2317.5
2634.6
2805.0
2900.7
2768.5
2600.3
1994.3
1610.9
483.1
45.0
24.5
584.0
1081.3
543.3
1754.9
1819.2
1688.9
1506.1
1439.2
1227.6
774.7
513.2
37.8
26.2
540.0
1631.2
1294.0
2170.2
3059.9
3362.3
3359.8
3278.4
2545.8
1509.6
657.2
36.5
28.6
504.1
1246.3
2429.9
3096.5
3373.5
2903.3
2984.5
3128.6
2619.9
1054.2
702.2
55.1
27.6
667.2
1501.7
2016.3
3270.7
3427.4
3613.8
3563.1
3161.8
2434.6
1596.5
599.8
34.9
31.8
435.7
1244.5
2102.8
2954.3
3073.5
3621.3
3614.0
3206.8
2496.3
1716.0
713.0
39.4
19.1
196.8
520.6
942.5
1607.9
1661.0
2520.0
2682.9
3117.6
2167.2
1303.0
704.3
36.2
31.1
603.5
723.7
1254.8
2673.8
3200.1
3703.3
3469.5
2950.6
2445.5
1460.5
656.9
39.8
35.1
313.5
1434.2
2210.5
3021.5
3642.2
3788.3
2852.8
2307.6
1894.8
1228.0
617.0
37.4
39.5
667.0
1611.4
2478.3
3133.1
3539.2
3631.1
3556.5
3044.9
2433.0
1633.1
575.5
34.6
38.7
719.4
1670.0
2519.9
3174.0
3563.4
3692.1
3544.5
3148.9
2259.2
1703.2
671.6
47.6
41.2
609.9
1590.6
2478.8
3145.0
3376.4
3197.2
2391.3
1854.8
1681.0
1102.9
431.3
34.0
44.8
621.5
1154.6
1667.2
2280.9
2455.7
3286.8
3265.6
2966.0
2326.3
1472.7
544.2
37.1
49.2
534.2
1385.4
2547.1
3162.0
3568.4
3617.1
3526.2
3204.1
2354.1
993.9
464.2
37.9
49.2
741.0
1685.9
2509.6
3169.0
3555.3
3688.9
3550.3
3129.3
2485.7
1645.9
564.3
33.3
53.0
736.5
1676.6
2543.8
3161.6
3543.1
3661.0
3536.4
3103.4
2467.4
1618.6
555.8
33.6
62.1
694.7
1647.2
2468.9
3188.5
3393.6
3330.9
2931.9
2811.5
2332.0
1418.1
391.4
50.5
60.6
749.6
1618.9
2499.5
3344.6
2923.2
3330.7
2932.9
2310.9
2033.2
1259.4
467.9
43.5
71.7
760.5
1679.8
2434.6
3216.3
3491.0
3798.8
3362.3
3104.4
2496.6
1473.4
580.6
31.4
61.6
662.8
1621.5
2383.7
3201.2
3576.3
3745.5
3596.1
3142.3
2516.7
1652.8
551.9
25.5
66.6
792.7
1734.9
2579.2
3215.6
3586.6
3692.5
3550.6
3136.6
2474.4
1626.2
555.0
29.3
70.6
781.5
1718.6
2556.6
3178.4
3567.0
3696.0
2955.8
2530.4
2236.7
1266.5
396.4
28.9
38.1
210.4
555.3
757.9
1113.8
1419.2
1324.7
1561.1
2031.3
1437.7
623.2
499.8
33.1
23.1
368.0
832.4
1815.3
1248.6
1931.0
2156.7
2518.2
1499.8
1938.4
1499.4
623.2
34.1
67.7
839.1
1750.3
2581.6
3203.2
3639.5
3806.1
3537.6
3163.2
2482.7
1658.5
571.5
25.6
92.3
802.6
1568.4
2551.3
3204.3
3602.4
3671.8
3515.5
3077.9
2526.5
1790.6
761.8
44.1
90.3
661.8
1404.3
2465.3
3207.0
3302.0
3770.8
2930.8
2073.5
2455.0
1681.7
684.0
36.1
99.5
809.4
1735.6
2297.1
3278.6
3614.8
3688.8
2775.2
3214.0
2461.2
1648.0
666.6
34.8
99.6
844.5
1809.3
2607.0
3335.2
3592.9
3708.2
3534.3
3086.9
2346.6
1569.0
544.2
34.4
93.8
799.7
1734.1
2574.8
3219.0
3582.5
3697.5
3524.4
3078.2
2402.2
1553.5
539.9
31.5
100.6
850.1
1803.7
2594.4
3272.0
3637.2
3742.9
3559.6
3112.2
2451.9
1610.9
564.2
29.1
108.9
728.6
1335.4
1381.9
2329.9
2494.2
2973.0
3465.8
3069.1
2445.2
1591.9
552.2
26.0
114.1
896.6
1846.1
2675.7
3289.2
3641.6
3739.7
3557.1
2872.0
1700.8
1710.8
461.4
30.1
114.1
883.9
1772.7
2645.3
3213.7
3604.4
3720.6
2972.3
1549.9
1574.7
1106.4
177.9
47.0
65.8
418.9
941.2
1785.9
3072.4
3320.2
3739.2
2809.7
2902.3
2377.0
1354.2
433.8
42.5
115.8
888.6
1833.9
2693.8
3366.2
3761.3
3872.5
3654.6
3197.5
2520.4
1634.8
603.4
32.5
115.8
845.2
1828.2
2602.6
3223.8
3584.6
3599.3
3366.9
3086.6
2387.1
1536.0
554.9
28.0
81.5
771.6
1193.9
2454.9
3197.3
3570.3
3640.1
3467.4
3056.8
1525.3
743.7
467.8
36.5
128.9
880.6
1549.7
2255.5
2795.0
2643.3
2856.0
2614.5
1315.7
687.2
975.9
274.8
42.0
78.2
755.3
1831.1
2403.2
2177.3
2416.2
2038.1
2536.8
2187.4
1432.0
615.6
337.9
37.5
31.6
369.1
1454.7
1957.0
1782.7
1437.0
1706.2
2585.6
2032.1
2060.3
801.5
341.5
14.2
36.1
248.0
148.8
624.0
1076.1
1625.7
1379.8
3556.4
3268.2
2538.7
1493.6
516.7
20.7
77.5
907.9
1538.4
2603.4
2379.7
1974.2
2840.0
2219.4
1482.1
1092.0
865.9
301.9
24.1
84.6
238.7
1013.7
2315.9
3035.9
2360.2
1898.3
1660.5
1289.0
1166.2
705.3
555.6
29.8
152.3
878.5
1837.8
2670.9
3332.0
3384.1
3887.0
3601.5
3103.6
2451.4
1084.6
304.9
33.7
183.4
988.6
1849.2
2724.3
3338.4
3715.7
3819.1
3651.4
3109.6
2256.4
1592.5
600.9
31.5
162.1
971.2
1904.9
2742.0
3360.9
3713.6
3810.9
3623.9
3163.8
2483.9
1625.8
621.6
30.0
171.3
999.9
1577.2
1786.0
2500.2
3176.7
3926.6
3603.5
3195.7
2550.0
1340.6
610.0
32.6
158.1
943.2
1879.2
2580.4
3300.1
3563.1
3778.7
3552.7
3094.9
2274.4
1653.3
583.0
30.5
165.9
973.1
1922.8
2733.7
3327.8
3698.9
3803.1
3612.1
3161.5
2501.4
1687.2
612.9
34.4
175.3
1015.0
1965.0
2767.9
3360.9
3675.1
3821.7
3520.8
3057.6
2380.2
1436.6
604.9
31.4
176.9
800.7
1838.7
2171.0
3081.0
3732.5
3140.8
3021.6
2555.7
1692.1
1606.6
611.1
39.5
180.4
925.5
1888.6
2795.6
3392.5
3328.0
3826.3
3704.7
3227.8
2162.7
748.3
395.0
31.4
177.2
1003.9
1946.8
2755.9
3368.1
3730.6
3841.6
3701.7
3227.9
2571.4
1734.2
651.7
28.3
214.9
725.1
1739.6
2208.8
2915.5
3569.0
3871.5
3697.6
3393.2
2361.4
1007.3
451.5
16.3
169.9
974.3
1785.5
2718.8
3201.3
3620.5
3718.5
3675.9
2925.3
1586.9
1338.1
232.5
33.2
179.4
979.9
1651.3
2742.7
3218.8
3715.3
3369.1
2555.7
2301.5
1682.1
1459.8
600.7
30.1
178.6
989.6
1919.7
2722.6
3328.4
3679.9
3773.3
3594.3
3139.0
2513.9
1599.3
628.6
26.5
199.1
976.6
1903.2
2721.2
3327.9
3680.2
3774.1
3580.4
3139.3
2481.8
1588.8
624.2
29.3
198.5
1004.7
1927.0
2737.6
3335.3
3670.7
3749.2
3540.8
3097.6
2437.4
1486.9
512.9
41.5
187.6
1006.6
1937.5
2741.6
3325.5
3670.6
3521.7
3148.8
2785.6
1993.3
1828.4
729.4
48.9
185.6
969.3
1763.3
2277.0
3083.6
3104.8
3402.3
3104.0
2549.3
2375.6
879.5
326.8
30.1
183.5
988.3
1897.8
2688.4
3275.3
3653.1
3763.9
3352.6
2773.6
2058.6
967.9
288.0
44.8
73.6
356.5
1536.0
2572.8
3142.5
3248.6
3553.5
3089.0
2641.0
2249.9
1216.5
569.9
19.4
238.0
1033.1
1869.2
2623.8
3238.7
3628.2
3713.0
3551.8
2413.9
1553.2
1294.4
221.0
36.3
148.2
816.7
1347.7
2297.3
3133.9
3383.0
3543.8
2464.2
2105.7
1413.4
984.3
135.7
3.2
11.7
77.8
266.7
1564.5
2282.6
2490.9
3152.1
2769.1
2390.8
2458.1
774.4
173.4
13.1
74.4
264.4
537.6
1508.8
2742.9
3630.2
3387.4
3132.2
2366.9
1493.7
1479.9
388.3
20.5
226.1
920.5
1861.3
2632.3
3151.5
3777.1
3710.9
3624.9
3202.3
2545.8
1513.7
614.4
44.2
194.2
994.7
1935.9
2757.2
3338.9
3713.4
3821.1
3602.9
3211.8
2508.2
1435.5
509.5
49.1
206.4
1026.1
1420.2
1620.1
2944.5
3054.2
3354.8
3374.8
2377.1
2018.3
1219.7
485.1
35.1
202.3
1030.9
1754.9
2778.1
3219.9
3086.0
2800.5
3325.5
2148.6
2021.4
1459.4
614.1
37.1
195.4
976.9
1556.9
2492.0
2826.6
3506.8
3861.7
2089.9
2979.6
1986.0
1730.8
670.5
43.3
131.0
506.4
1933.5
2709.5
3297.5
3243.9
3230.2
2685.8
2643.6
1488.9
1712.8
302.8
50.1
166.3
959.9
1888.8
2673.5
3184.9
3402.4
3901.2
2452.5
2348.9
2749.2
1077.2
215.9
26.8
193.6
896.7
1809.0
2612.5
3213.2
3584.8
3733.5
3417.4
3201.8
2531.8
1767.3
537.9
38.4
184.4
846.0
1704.5
2126.6
2992.9
3639.9
3571.1
3625.3
3244.1
2392.9
996.3
219.4
61.7
186.0
980.3
1585.9
2679.4
3269.1
3631.1
3728.8
3583.8
3133.5
2482.8
1654.5
621.1
27.0
64.6
764.4
680.4
2294.1
3149.5
3491.2
3850.6
3567.5
3115.9
2434.5
1646.0
662.8
51.7
3.9
25.8
120.9
884.0
2394.4
2697.1
2360.0
1460.2
2056.8
2190.8
1641.2
543.9
39.6
92.2
552.6
1001.5
855.5
3024.4
3613.0
3100.4
1855.2
2900.4
2228.4
1146.7
346.6
55.1
228.6
935.1
1898.2
2744.9
3286.8
3539.0
3656.1
3464.4
2855.8
2525.2
1672.0
634.0
41.5
179.5
950.7
1893.2
2687.9
3291.4
3664.1
3752.3
3525.2
3054.8
2374.2
1668.9
608.3
46.2
168.7
929.8
1871.4
2644.4
3286.4
3657.7
3710.6
3635.4
3196.2
2539.3
1704.6
686.2
50.1
187.8
938.9
1826.3
2632.0
3247.5
3598.8
3723.9
3560.1
2781.4
2517.2
1697.9
657.4
46.0
166.5
914.6
1859.6
2587.1
3226.4
3614.8
3650.2
3514.0
2791.5
2560.9
1682.9
642.0
46.4
72.0
598.7
887.7
2241.5
2449.2
2936.0
4041.2
3808.6
3407.1
2688.3
1703.9
665.4
44.3
146.5
854.2
954.3
1820.0
3156.7
2592.3
2681.9
2514.8
2524.7
2665.7
1838.6
712.3
35.6
158.5
921.6
1154.4
1839.9
2505.3
3297.9
2219.3
2980.1
1983.2
855.1
317.8
427.2
104.9
72.5
794.6
1352.5
565.0
609.8
1543.4
1375.4
2612.7
2535.1
2227.6
858.7
248.5
42.2
164.8
848.9
1847.7
2527.7
3060.4
3162.6
2825.5
3092.1
2163.7
2286.3
949.4
534.4
84.8
133.2
692.0
920.4
1142.3
3298.2
2526.4
3008.5
2929.0
1374.6
591.8
429.2
455.2
90.4
90.3
770.1
1644.9
2536.4
2612.4
3144.1
3760.2
3290.0
3334.9
2123.4
1400.2
380.0
63.1
176.8
887.6
1808.0
2592.0
3345.7
3653.0
3594.2
3527.1
2780.9
2783.7
1855.7
738.4
62.8
133.0
893.9
1831.3
2632.2
3238.3
3685.5
3888.3
2622.4
3163.6
2396.8
1899.5
776.1
62.2
145.7
877.8
1810.3
2614.0
3214.4
3584.9
3764.7
3680.5
3234.8
2287.8
1340.4
799.5
92.2
138.5
856.3
1767.3
2565.2
3149.8
3570.8
3246.9
2888.1
2852.3
2784.0
1746.0
785.5
111.8
148.5
671.4
911.9
2364.9
3049.7
3539.0
3675.4
3501.9
3179.3
2570.0
1777.0
724.4
62.1
111.9
870.9
1855.1
2284.3
3106.0
3622.8
3749.5
3619.0
3138.4
2330.9
1854.6
632.7
88.2
49.6
668.3
1511.5
2631.3
2175.5
1735.7
1516.3
2341.9
1280.1
1458.0
1314.9
551.3
42.0
116.1
763.4
1689.3
2479.0
3142.7
3486.1
3080.8
3535.3
2236.4
1984.0
1019.2
587.3
53.7
111.8
758.5
1680.9
2497.4
3106.5
3496.4
3656.5
3550.1
2892.9
2113.1
1725.4
733.3
96.6
120.9
768.2
1513.6
2627.7
3061.3
3514.4
3691.2
3603.4
3222.7
2682.7
1543.7
537.1
107.6
113.8
818.3
1568.7
2294.8
3277.0
2822.1
2966.2
3548.9
3309.4
2320.2
1630.2
777.1
83.7
35.9
232.4
739.5
1583.8
2215.5
3277.6
3158.2
3781.8
2643.8
2533.8
1618.7
640.2
71.9
71.8
750.2
1172.5
2319.6
3267.9
3184.2
4126.0
3609.6
2437.4
1970.3
1208.0
458.6
76.8
95.7
726.4
766.9
741.0
1960.4
2751.0
3907.4
3477.1
3115.1
2850.9
1665.2
816.7
181.7
101.7
726.8
1633.5
2440.8
3117.0
3522.0
3696.3
3648.8
2413.0
1604.8
1141.9
487.0
49.1
108.7
706.9
1665.9
2545.2
3112.3
3566.3
3768.2
3673.6
2739.7
2751.8
1965.3
860.1
107.0
142.3
734.5
726.3
1564.9
2844.7
3445.1
3761.1
3766.4
3426.0
2193.6
1022.8
830.0
106.6
71.7
706.2
1642.7
2489.2
3059.4
3602.0
3751.0
3639.8
3291.8
2680.8
1872.2
856.4
84.5
133.4
823.7
1737.0
2576.6
3221.9
3629.4
3834.4
3717.4
3328.7
2731.5
1946.6
908.3
66.2
70.1
672.0
1621.9
2503.6
3115.9
3525.0
3417.4
3029.3
3304.3
1034.5
735.3
137.3
59.8
45.9
543.6
1595.8
1514.4
1436.5
2870.2
3372.9
3732.0
3036.6
1982.3
1381.9
702.4
91.8
86.4
687.6
1635.4
2469.2
3121.9
3545.8
3719.5
3640.3
3237.9
2695.9
1783.4
926.3
100.5
77.6
687.1
1539.3
2507.8
3270.5
3413.0
3875.3
3660.3
3355.5
2533.8
1938.2
926.4
105.7
90.5
581.6
703.2
1086.3
1157.8
2354.9
3950.4
2794.4
2787.8
2270.9
1882.0
1008.6
132.7
74.0
660.6
1050.5
2084.3
3320.8
3280.2
3696.6
3634.8
3274.0
2436.4
1344.1
360.8
144.5
89.6
561.5
1574.6
1781.3
2958.5
3446.6
3825.6
3555.6
3030.3
2492.3
1775.8
971.8
82.4
68.1
397.9
1420.2
2389.1
2809.5
2866.3
2800.2
3186.9
3027.0
2669.9
602.3
393.8
106.3
48.4
540.2
1357.3
2253.1
3129.3
3470.6
3585.4
2759.8
2312.5
2246.8
1874.8
604.6
127.4
52.6
534.3
1454.5
2254.1
2874.1
3350.3
2324.9
2044.8
1730.1
2005.8
1263.4
745.4
124.7
26.9
351.1
489.6
1606.6
2024.3
2979.0
1880.0
2833.5
3445.0
1191.4
1560.6
657.4
114.3
40.5
475.9
1489.4
2307.5
2925.2
2631.8
2763.2
3546.4
2126.9
1438.5
1693.5
857.8
253.5
22.6
502.8
322.2
1109.1
1657.5
2556.4
2348.3
2628.1
2719.7
1848.3
731.4
330.8
56.9
2.1
23.4
99.3
168.9
187.8
460.1
717.9
746.9
1103.1
1061.2
883.9
506.3
135.3
16.5
132.6
1080.3
2029.5
2598.7
2670.3
2048.6
2298.6
2877.1
1722.4
1017.8
254.6
10.1
31.0
272.8
456.3
1542.5
1509.7
2572.2
1382.0
1269.8
503.5
68.0
42.9
41.2
25.3
25.4
310.5
740.5
1283.6
2270.7
2051.0
2357.8
2913.8
2692.8
2215.0
1068.9
571.3
85.9
2.8
89.6
615.2
1334.8
2296.5
2337.1
2813.1
4025.2
2764.9
2203.9
1444.5
393.8
72.2
5.8
152.7
542.8
1249.8
1091.0
1596.2
1910.3
2593.5
1605.5
1461.3
600.7
355.6
140.7
13.5
170.5
769.6
1354.4
1964.5
1326.8
1454.0
3234.0
2371.5
1374.3
1923.0
860.7
58.2
35.7
215.7
681.0
2030.0
2204.2
2851.8
3140.0
3968.0
3031.0
2415.1
1958.7
1058.2
125.0
33.5
438.1
1483.9
2162.9
2680.5
2753.1
2515.2
2068.3
2384.7
2236.9
1897.7
816.9
204.8
11.7
433.7
328.4
413.9
1138.0
2204.0
2715.5
1310.9
1014.5
907.0
667.7
444.4
143.1
3.3
52.0
281.6
469.0
885.4
1827.6
2039.7
1170.8
1482.6
1499.2
1993.5
924.4
252.0
40.1
718.6
1530.7
2064.9
2795.4
3519.9
2935.3
3161.4
2278.7
1721.6
1790.2
1166.9
123.2
24.5
625.8
1476.5
2116.3
1741.8
2701.1
3749.5
2946.4
2773.9
1376.9
1736.4
1144.6
128.9
30.9
309.5
1251.3
2508.1
3170.4
2730.5
3930.3
3161.9
2810.3
2747.9
2132.1
1130.3
126.1
23.3
380.1
907.9
1878.4
2992.4
3441.0
2911.4
2713.1
2401.6
2807.2
2027.6
1114.7
121.2
12.1
206.5
1062.6
1482.0
2303.8
2772.8
3341.8
3286.2
2531.1
2927.6
1562.3
865.4
161.4
21.0
189.8
521.0
1188.2
1610.9
1740.3
2711.4
2931.0
957.6
3042.6
1084.4
379.0
205.6
14.0
532.5
1508.2
2291.1
2830.0
3202.2
3761.8
3180.7
3272.4
1747.1
1636.4
949.3
104.2
18.8
640.0
1126.9
1555.8
1684.4
1763.7
3481.2
2567.2
3326.9
2821.8
1340.0
974.4
130.4
22.4
366.8
938.3
1492.9
1859.1
3185.4
3130.7
2420.5
1732.5
1584.1
1662.0
661.1
194.5
54.2
159.1
182.4
816.9
2736.2
2493.8
2910.2
3003.2
1728.9
2410.9
1498.7
954.6
484.65000000000003
14.7
212.4
1101.7
1269.1
2870.6
2952.8
3713.7
3620.6
2422.4
1248.5
1391.0
1116.7
129.8
21.1
543.6
1496.5
2342.8
2979.3
2707.2
2641.4
3107.6
2798.9
2643.1
2114.8
893.6
107.3
18.9
690.9
1425.6
2063.5
2306.6
3240.1
3278.1
3438.0
2234.4
2725.2
1388.9
995.8
103.5
21.1
561.5
1449.5
2401.8
2920.1
3243.5
3269.7
3213.2
2745.8
2838.8
1747.8
844.6
113.0
19.1
597.6
1568.4
2527.5
2416.2
2405.0
3606.0
2437.4
1646.3
1352.2
660.9
249.7
75.0
16.6
561.6
1504.6
2338.6
3165.7
3423.2
3667.5
2723.2
2511.5
2458.7
748.0
787.9
90.5
4.7
188.9
733.1
1738.8
2424.7
1661.9
2625.1
2483.4
2176.8
2643.8
1335.1
806.3
144.4
17.9
279.6
1388.5
2278.0
2605.0
3428.7
2626.6
2661.2
2630.6
2413.8
1498.7
988.9
146.8
19.3
645.5
994.1
2006.9
2653.4
3682.8
4035.1
3778.0
3533.2
2971.6
1871.0
1162.5
163.2
19.2
396.3
1197.5
1662.5
2478.0
2634.0
2978.8
2581.8
2604.5
1842.4
1686.6
867.1
176.7
19.9
506.1
1427.3
2377.4
3158.6
2849.3
2716.4
3305.1
2158.4
1828.6
645.7
446.1
159.9
13.8
543.0
1468.7
2231.0
1983.0
2543.4
3298.0
2785.4
2980.0
2212.4
1571.4
1039.5
191.4
20.0
533.0
1488.9
2360.2
3071.0
3465.2
3397.8
2984.8
2860.4
2390.2
1443.8
717.6
132.8
19.0
555.9
1477.6
2312.4
3077.1
3511.4
3800.2
3439.2
2965.7
2398.9
2144.3
1204.0
131.7
21.1
555.1
1496.1
2379.9
3020.4
3594.6
3853.5
3368.9
2812.2
1743.9
1424.8
1127.8
210.2
23.3
557.7
1432.9
2164.8
3091.4
2916.5
2908.2
3645.3
3273.1
2568.9
1457.7
786.8
117.0
13.1
528.1
1244.3
2366.0
3137.6
3591.7
2146.8
2328.2
1244.7
2347.7
2171.2
1379.9
129.2
15.2
381.1
1062.4
2411.1
2894.9
3458.5
3138.7
2797.9
2709.0
1429.6
2006.8
734.1
172.5
17.9
531.0
1469.3
2350.9
3223.0
3290.8
3852.8
3673.5
2918.3
2641.2
1885.7
1100.7
127.9
15.9
554.2
1471.1
2374.3
2280.0
2846.7
1995.0
3422.6
2158.1
2763.2
1735.9
518.9
132.4
12.3
523.2
1258.4
2405.0
3118.5
3626.3
3863.2
3861.6
3333.3
2888.5
2131.2
1051.1
124.5
13.3
531.9
1482.9
2379.5
3100.1
3611.2
3579.7
3430.2
2917.9
2696.0
1743.2
761.1
133.0
17.6
280.3
1424.9
2522.9
2705.9
2287.5
3848.2
3593.7
2474.4
2725.5
2288.5
844.9
91.7
12.4
544.9
1525.0
1595.1
2751.9
2859.8
2558.6
2845.0
2069.2
1832.8
1392.4
1050.3
185.6
26.3
543.0
1536.6
2419.5
3131.5
3749.0
3584.0
3059.4
2937.7
2870.5
1766.1
1128.6
91.8
11.9
521.5
1508.8
2262.8
3000.0
3308.3
3941.8
3315.6
2159.1
2337.2
1838.1
336.7
134.4
11.1
525.6
1490.1
2183.2
2448.3
2873.8
2128.2
2696.2
1916.0
1518.8
2175.3
769.3
87.1
12.2
250.2
1182.1
2058.9
1947.6
1975.8
2666.6
2679.4
2044.0
2154.0
420.2
242.5
82.8
6.3
288.2
862.4
1674.2
2159.5
2253.8
2336.6
2053.2
2284.5
2072.5
1483.5
832.5
148.2
15.0
473.7
1291.8
2083.4
3014.0
3628.4
3830.3
3743.9
3556.1
2806.9
2182.4
1146.9
70.9
22.7
558.9
1591.8
1980.2
2459.4
3427.6
2438.4
790.5
1037.8
1152.2
1391.5
366.9
110.4
3.8
221.7
1403.1
2377.4
3099.7
3552.5
3506.4
2918.6
2994.7
2223.7
2109.9
1112.4
181.0
10.9
591.2
1522.0
2103.0
2568.1
2116.2
2191.6
1664.8
2006.2
2242.4
1754.4
725.4
116.5
16.1
368.8
1144.1
2094.3
3098.3
2413.4
1872.2
2172.2
1324.3
1832.7
915.8
546.6
147.8
12.3
323.1
803.3
1642.2
2729.5
3212.1
3499.7
3426.0
3545.1
2922.6
1721.5
634.4
174.7
214.14999999999998
253.6
1067.5
1376.7
1310.0
1243.4
1794.1
3091.0
2231.6
2522.6
1710.5
457.6
63.5
23.7
364.1
687.4
712.4
1513.0
2088.7
2376.8
3308.3
2572.7
1982.8
1154.5
524.4
112.5
11.2
528.6
1428.8
2397.8
3017.9
3597.9
3780.1
3786.9
2507.1
897.8
569.5
306.1
85.9
7.7
186.3
598.5
914.9
1581.1
1735.5
2256.8
2251.6
3028.2
2300.6
662.1
195.6
15.0
19.6
482.9
1441.6
2299.9
2829.1
3604.5
3833.4
3756.4
2683.6
2428.9
1434.4
800.0
84.7
14.4
178.4
830.9
1898.7
2810.0
3362.3
3226.5
2926.9
2706.1
1903.2
1394.0
739.4
96.2
11.1
557.9
1557.6
2472.9
3002.8
3814.7
3461.0
3211.8
2661.4
2460.9
1989.9
977.9
66.4
11.3
510.4
1480.3
2468.1
2935.2
3189.6
1985.2
3258.9
3511.4
2932.8
1998.7
888.9
69.5
17.7
450.8
622.0
1162.3
2260.4
3051.0
3017.9
3565.4
2881.0
2400.9
1165.7
897.2
74.0
12.7
331.4
1204.1
2201.0
2773.7
2623.7
2921.2
3095.7
2777.4
2794.4
1941.1
849.9
73.0
11.8
282.3
474.1
656.8
1523.6
1849.2
2504.1
2894.5
2829.9
2821.5
1811.5
630.3
31.6
11.0
265.3
930.4
2335.6
3073.5
3682.5
3630.1
3476.0
3086.9
2235.7
1716.8
955.3
109.6
11.4
451.0
1488.0
1850.5
2014.6
2910.8
2650.1
2171.3
1713.7
1028.4
179.6
77.7
42.3
19.0
323.4
453.4
1063.0
2548.3
3077.1
2885.0
3462.1
2537.6
2517.6
1828.3
797.9
97.8
11.1
232.6
675.2
940.0
1280.5
2192.2
3379.4
3547.0
3307.0
2393.6
1767.4
779.8
58.4
6.0
97.8
798.4
407.6
2068.6
2047.6
2763.1
2881.5
3057.6
2637.5
1375.2
480.0
65.8
8.3
333.3
942.8
2073.7
2326.6
2373.2
2571.6
2763.3
2265.7
1958.4
1871.6
704.9
54.4
4.2
114.7
647.1
1928.5
2399.4
3020.8
2605.0
3566.1
3012.4
2218.6
1655.9
796.2
42.7
13.7
547.2
1492.6
2370.5
3087.1
3515.1
3644.4
3236.9
2611.8
1755.5
1729.3
764.8
46.3
13.7
549.0
1288.3
1555.3
2782.4
2688.4
2509.6
2771.6
2132.8
1903.4
1784.1
756.2
46.9
13.2
368.7
1136.9
2191.8
2499.8
2956.9
2858.1
2073.7
3096.3
1516.2
1461.1
742.6
46.5
7.1
395.1
882.9
1167.8
2034.6
2370.3
2500.2
3707.9
2911.7
2646.8
1855.9
766.1
44.1
14.2
518.4
1459.9
2257.0
2796.7
3033.6
3117.4
3431.0
2947.9
2471.2
1238.2
736.5
44.7
23.2
421.7
1018.5
2068.8
2961.8
3140.0
2765.9
2713.3
2894.0
2647.5
1842.9
695.7
38.4
11.2
534.9
1142.2
2144.6
2698.1
3431.8
3628.1
3736.7
3075.6
2262.3
1707.7
676.5
48.0
10.0
603.1
1639.6
2468.7
3100.0
3559.6
3069.8
3491.3
2988.3
2402.1
1719.3
749.8
51.4
9.8
286.9
863.4
667.3
855.1
2154.7
2501.3
2465.2
2501.5
2542.0
1661.6
573.0
48.0
17.9
589.5
1338.2
2124.9
2897.0
3157.5
3686.4
3477.9
3038.0
2574.2
1806.8
766.8
32.0
17.5
359.0
911.8
2188.2
3092.7
3261.3
3092.4
2857.0
2166.3
2563.0
1334.5
1023.2
118.1
13.9
413.3
645.4
2147.1
3094.0
3026.7
3136.9
3150.2
1817.9
1715.1
674.7
132.2
0.4
14.5
436.6
1354.8
2187.1
2831.9
3511.6
3614.3
3498.9
2476.2
2197.0
1797.6
696.0
70.3
11.5
543.0
1309.5
2221.9
2744.2
2786.9
3070.0
3353.1
2609.7
2153.8
1662.1
591.3
39.3
10.5
551.0
1320.6
2327.6
2923.0
2537.0
3056.9
3235.7
3153.8
2075.8
1610.7
625.7
49.5
15.5
561.8
1459.3
2308.1
2941.8
3052.4
3151.3
2113.1
2016.3
2389.5
1217.0
298.2
37.3
12.8
467.1
1212.4
1195.7
1749.2
3729.6
3770.1
2263.0
2123.8
775.7
311.2
299.4
48.2
18.0
249.9
800.6
1480.8
1582.4
1571.5
2255.6
3303.9
3240.4
1423.4
1000.9
591.8
47.9
35.9
23.9
119.1
213.9
489.8
974.5
1012.4
1134.1
808.0
692.5
565.2
352.5
21.3
22.1
481.3
1488.1
1777.9
1938.6
1789.9
2873.8
3205.0
2367.8
1733.4
1280.7
510.9
32.5
15.7
537.4
1500.7
1778.4
1919.9
2180.6
2462.1
2651.0
1833.8
1591.7
979.4
201.4
24.6
10.7
268.7
958.7
1626.5
1279.6
2152.1
3471.8
3230.9
2548.4
1686.0
1145.0
284.7
28.3
16.2
527.9
964.5
1556.6
2381.1
1945.8
2856.5
3013.5
2799.5
2067.5
1383.8
291.8
38.9
15.6
547.1
1461.3
2307.3
2669.0
3308.4
3485.2
3001.1
3080.3
2261.5
1619.9
247.1
26.4
23.1
565.6
1353.5
2360.0
2959.2
3375.6
3597.9
3458.9
3101.6
2523.1
1640.3
241.6
30.3
14.2
561.4
1462.6
2361.0
2552.1
3257.4
3058.2
3546.7
3089.7
2455.1
1622.4
208.4
22.2
15.9
335.3
1262.2
2269.3
2628.9
2856.5
3058.0
2827.7
2702.1
2415.6
1527.1
277.0
23.2
14.0
543.7
1273.4
1332.1
1970.7
3066.8
3306.4
2835.6
2646.2
1755.1
1579.0
207.1
22.1
6.5
146.9
856.6
1559.5
2361.6
3202.7
2740.9
2956.0
3163.9
1880.9
1606.3
243.2
26.5
14.6
340.9
1035.0
1905.7
2591.2
3255.7
3294.8
2546.3
2905.1
1908.8
1007.9
276.2
27.6
16.1
533.7
1411.1
2386.9
2983.5
3431.9
3588.6
3415.8
2954.5
2414.4
1314.7
167.7
19.7
17.0
364.3
1339.9
1687.3
2549.1
3095.0
3115.0
3421.5
2554.6
2316.3
1458.7
180.9
24.5
19.8
528.2
1437.9
2173.0
2906.8
3244.5
3475.1
3383.4
2990.4
2366.1
1456.8
168.0
17.6
15.0
536.3
1439.8
2234.5
2909.8
3311.7
3458.5
3293.6
2482.7
1934.2
1294.8
231.0
24.9
18.1
543.6
1346.3
2177.5
2826.4
3323.6
2829.2
3178.3
2423.2
2034.6
1507.1
244.9
29.9
15.8
492.7
1395.1
1823.3
2469.8
3272.2
3189.3
2739.4
2291.4
1855.6
996.2
310.6
36.0
16.3
504.6
1274.4
1301.9
2307.9
2516.3
2367.4
3264.5
2343.8
1621.6
1246.1
232.7
22.3
12.0
323.1
977.0
2039.5
2261.0
2441.4
3385.7
2785.5
2470.2
2188.1
1413.3
170.0
17.8
14.9
513.3
947.9
1368.0
2627.2
3057.9
3604.5
3056.1
2443.6
1832.6
993.5
182.0
16.0
13.0
418.8
926.4
1456.0
2573.9
2922.7
2456.1
3225.8
2425.1
1975.8
1231.4
157.3
18.2
13.0
289.4
394.5
993.8
2077.4
2034.0
2439.0
2394.7
1556.3
1383.6
571.0
304.7
19.2
11.4
447.7
1468.4
2156.4
2934.8
2248.8
2650.4
2141.1
2009.6
1591.0
981.4
187.8
15.2
14.3
512.9
1319.9
1648.6
1691.7
2657.3
2557.4
2906.8
2226.0
1150.3
1359.1
193.0
14.9
12.2
391.7
765.6
934.7
1383.2
3082.8
2240.6
1780.6
2429.9
1558.2
865.7
123.1
11.8
13.6
520.7
1379.9
2157.2
2813.1
3198.3
3332.9
3223.0
2848.2
2265.2
1302.9
181.1
14.9
9.2
508.0
1419.1
1613.3
2777.7
2900.5
3352.0
2917.0
2519.0
1645.7
922.5
194.0
16.1
12.8
447.4
1362.4
2157.5
2815.0
3135.7
3195.5
3099.7
2220.0
1558.8
1044.5
232.6
16.9
19.6
384.3
771.5
1529.4
3076.1
2674.8
3041.6
3253.3
2432.3
2097.9
1196.2
174.9
16.6
11.5
277.8
666.6
1212.9
2159.3
2737.2
2971.9
2701.7
2148.5
1488.5
905.7
241.6
21.1
17.9
224.1
514.9
1269.1
1546.7
1743.6
1872.5
1937.8
1262.1
711.5
623.2
213.9
17.0
11.4
512.8
1447.1
2096.0
2273.6
3089.2
3695.7
2911.2
2153.7
1300.3
1311.1
184.4
15.9
13.3
472.0
1099.0
1723.2
2161.2
1477.0
1846.8
1057.8
1444.8
1207.3
623.7
138.1
12.6
16.4
515.1
1261.8
1807.3
2579.0
3117.0
3165.1
2254.0
1301.0
789.1
556.2
262.1
17.7
15.6
480.9
939.6
2339.1
2483.4
2305.5
2157.9
2558.3
2411.4
1612.1
1034.3
225.3
16.9
8.1
201.4
642.8
1233.4
2667.6
2275.4
1631.5
1962.4
1757.9
1917.3
1042.4
261.5
5.9
5.8
130.1
515.7
655.2
1538.9
1925.4
1571.1
1847.9
1406.3
1058.7
600.9
272.1
7.3
3.5
128.7
388.4
1031.2
1112.1
1169.3
1711.6
1947.8
1398.8
1404.5
1165.5
173.2
12.4
3.3
143.7
311.0
861.5
1009.8
1380.8
1616.0
1844.2
2125.0
1118.6
750.3
214.6
10.0
10.7
238.4
801.2
578.2
1141.3
1241.2
1109.8
1005.5
1523.8
1067.4
1082.5
222.7
22.6
7.5
217.3
716.3
967.4
1763.0
1459.7
1170.4
1208.2
1640.8
1560.6
1152.6
184.7
11.5
11.2
190.7
635.6
1199.5
2120.0
2994.0
3034.4
2398.3
1428.6
1261.8
1042.1
226.6
12.3
14.1
282.4
1252.5
2197.3
1562.1
2107.0
1603.8
1941.0
1532.1
1622.6
367.5
118.2
8.5
9.4
473.1
1073.2
2053.8
1994.5
1270.4
2060.1
1603.6
1175.7
783.5
557.5
204.5
22.2
9.2
475.5
793.7
703.0
932.6
2004.9
2500.5
1844.2
1949.1
1195.9
609.7
173.3
15.0
3.0
106.2
280.8
571.0
859.0
1127.7
1320.8
1373.4
1630.5
1571.1
1143.6
216.8
16.9
8.9
457.6
1293.2
1855.4
2592.5
2653.6
3410.8
2481.2
2177.7
1844.5
977.1
217.3
10.1
9.3
454.5
1257.2
1998.2
2621.7
2874.0
3090.0
2700.9
2344.2
1944.9
942.3
131.6
9.9
12.6
169.5
422.5
1054.5
1902.2
2013.2
2463.4
1691.0
1916.2
1717.8
1044.9
195.8
12.5
6.9
414.7
1040.2
1896.0
2628.6
2882.5
2446.3
2242.1
2704.3
2218.3
1231.8
160.6
14.8
7.7
447.2
988.0
2110.1
2716.4
2548.9
1844.0
2273.5
2082.3
1902.2
1042.8
164.6
25.2
8.1
320.2
1034.4
460.4
997.1
2006.9
1537.9
953.0
1150.1
1011.1
853.7
262.6
12.5
8.2
432.9
1243.0
1990.0
2725.5
3069.5
3080.9
2288.6
1788.1
1350.1
1142.3
215.0
15.7
13.4
178.5
261.7
531.1
798.1
1335.0
1441.5
1966.9
1852.9
1501.0
923.5
182.4
13.2
5.3
439.1
1291.4
2011.2
2027.1
2589.0
3081.3
3049.4
2705.5
2118.3
1142.4
225.5
13.5
3.6
180.3
515.4
559.0
1502.8
1923.3
2363.4
2490.9
2396.7
1821.7
934.8
261.4
19.7
7.8
438.2
1019.6
1452.7
2589.9
3060.4
2661.7
2578.5
1578.7
1490.2
713.1
287.0
18.6
2.8
173.7
773.9
1254.8
2645.8
3000.3
2667.5
2056.0
1033.9
604.8
1256.4
154.3
8.1
6.9
375.0
1215.3
1949.7
2573.4
2894.2
2991.7
1640.1
910.8
1574.4
1081.2
171.2
12.8
7.3
388.2
1179.3
2015.9
2463.5
2529.7
2637.8
2814.3
2489.9
2226.5
1017.6
208.2
14.0
4.3
394.1
1159.2
2046.6
2202.1
2648.9
3114.8
3000.5
2612.1
2113.2
1235.0
187.8
13.6
10.8
347.1
828.1
1926.9
2701.8
2974.4
3162.9
2842.8
2762.0
1559.7
728.7
172.5
17.3
6.8
217.6
502.5
806.5
1540.3
1843.6
2060.0
1897.4
2054.4
1043.6
934.9
210.3
12.6
1.8
229.2
822.7
1307.9
1169.8
1198.4
1587.2
1256.7
821.7
575.2
341.5
176.4
18.2
3.3
89.3
323.6
638.3
901.4
1386.5
2202.3
1522.9
2277.0
1381.3
1062.1
297.0
21.5
7.2
359.5
824.2
600.1
809.9
1119.9
2052.1
1769.9
1249.4
1468.5
798.0
278.3
23.6
1.7
228.5
688.6
1108.8
1848.4
1858.0
2623.2
3060.2
2639.4
1766.7
809.5
215.5
21.7
146.5
271.3
819.3
764.9
596.7
1542.3
1667.3
1452.8
1081.0
1000.2
1009.2
263.7
22.3
5.9
169.8
403.8
773.6
1672.4
1174.6
1001.7
954.5
818.0
917.4
786.0
202.1
23.2
4.1
382.8
1199.8
1929.5
2552.5
2882.1
2259.4
2290.3
2104.3
1095.9
733.5
324.2
21.3
3.2
283.4
656.7
2146.6
2561.1
2987.9
2776.6
1765.3
1105.4
556.2
619.3
353.7
31.1
4.0
367.1
1117.8
1924.2
2538.8
2945.3
3109.2
3029.9
2695.2
2151.2
1213.4
383.8
37.3
4.7
200.6
433.7
837.3
1448.8
1775.7
2346.8
1664.3
2135.7
2062.1
1285.9
224.6
21.0
3.0
357.5
1147.5
1883.0
2528.7
2680.6
2728.3
2044.7
2193.6
1854.4
555.5
170.5
18.9
1.4
100.7
354.0
1398.1
2146.3
1381.7
1198.6
1807.5
1061.0
1333.0
880.1
236.1
20.8
0.6
259.7
1054.2
1162.3
1598.0
2101.1
1817.9
1114.0
1104.5
1054.5
825.4
345.4
25.4
1.3
246.8
406.1
1099.9
1178.0
1884.7
1507.5
1842.9
1581.7
918.0
727.3
231.2
26.9
0.3
102.7
530.5
896.2
1007.5
1530.8
1466.6
1172.4
1481.6
1778.8
1081.0
276.3
22.8
1.6
109.0
370.0
616.5
752.8
1106.7
1402.7
1582.6
690.6
1729.8
1353.7
173.9
25.0
0.7
89.6
679.5
1189.1
693.7
988.6
1641.2
2643.8
1845.8
1913.7
1334.1
289.2
22.8
0.8
82.2
255.5
735.2
1056.4
1742.9
1407.5
1125.9
1222.2
890.6
788.1
229.1
21.5
1.4
372.5
836.4
1333.0
2134.7
2754.2
1912.1
2382.5
1968.1
1584.1
1410.1
302.3
21.5
2.3
168.0
439.6
773.5
1253.8
1365.8
1372.0
1690.5
2190.9
1607.4
1126.5
327.0
21.9
3.6
257.7
791.5
1120.3
2304.2
3048.8
2496.0
2709.4
2702.9
2013.8
1152.1
336.7
29.5
1.0
221.4
591.6
1128.6
1790.3
1854.0
1857.1
2469.2
2579.2
1649.7
1023.0
234.3
22.1
0.3
153.0
489.1
1687.8
1049.1
2135.7
1844.7
2615.2
2553.9
2206.9
1312.9
295.0
28.5
1.1
114.9
423.4
819.8
1318.4
1113.0
1996.7
1989.1
1164.1
796.1
939.5
311.3
28.3
0.8
413.1
1168.7
2246.8
2592.0
2439.6
2059.2
2216.3
1322.4
1246.5
1172.9
269.3
33.2
76.95
120.7
378.1
1055.6
1755.4
2280.6
2299.4
1909.2
1310.8
850.3
552.2
266.3
13.7
179.29999999999998
344.9
842.8
1453.8
2078.2
1805.3
1605.1
1583.6
1350.0
1360.6
784.1
278.0
23.6
1.3
173.6
797.8
1482.9
1825.8
2622.4
2178.8
2541.2
2617.7
1652.2
1084.8
216.1
25.6
2.2
165.5
419.2
806.7
1667.7
1836.5
2784.7
3075.7
2593.2
1946.3
1533.2
304.3
27.0
2.2
126.8
488.7
1158.8
2774.5
3024.4
3160.2
3137.8
2806.5
2275.2
1438.7
279.7
27.0
1.3
349.4
1168.5
1497.7
2288.2
2801.2
3242.0
3062.3
2758.9
1973.9
1407.3
278.7
29.1
0.9
355.6
1204.6
1926.8
2612.4
3031.9
3215.6
2988.4
2818.6
2260.7
1500.8
283.9
26.9
1.5
117.2
414.8
832.1
1393.4
1684.4
1698.3
2331.3
1868.1
1834.5
1331.5
351.4
36.8
0.9
205.0
1093.5
1508.7
2079.5
2860.5
2890.0
2885.8
2070.7
1920.2
1496.4
336.9
29.6
0.6
136.0
488.8
855.2
1385.2
1537.4
2262.3
2723.1
1951.3
1395.0
1122.7
267.0
43.0
0.3
201.3
937.8
1071.7
1133.2
1911.2
1949.5
3000.4
2640.4
1995.1
1415.5
462.4
33.7
1.0
315.8
670.6
2072.0
2450.2
3163.1
3198.8
2962.9
2760.7
2257.5
1509.9
305.7
27.5
1.0
179.8
481.8
1525.5
2483.1
3064.7
3211.7
3134.7
2792.2
2291.6
1489.9
377.6
43.3
0.6
168.3
662.9
1242.2
1919.9
2791.8
3267.2
2967.0
2289.2
2152.0
1170.0
308.1
30.8
1.4
176.0
536.1
999.0
1582.0
2328.9
2595.8
2209.2
2369.9
1772.9
1513.9
362.5
28.1
1.5
364.9
1215.0
2017.4
2702.8
3062.1
3244.5
3239.3
2845.1
1730.9
1472.7
389.8
39.9
1.2
373.9
1225.9
2035.5
2722.5
3158.7
3325.3
3239.4
2895.9
2332.2
1573.4
379.9
35.4
1.6
372.4
888.4
1357.0
2316.0
2947.6
3090.9
3041.1
2864.2
2302.7
1553.8
383.5
36.7
59.75
82.8
387.1
1131.7
1409.7
1320.2
1427.2
1226.4
741.1
806.6
610.2
370.2
41.1
0.9
203.7
634.8
1222.9
2164.7
3226.8
3113.1
2299.1
1258.5
1290.1
1001.3
259.7
31.3
2.0
370.2
1199.9
1981.3
2648.9
2827.7
3154.8
2971.8
2848.8
1717.0
1713.5
548.6
45.7
1.4
367.9
747.1
1493.6
2702.6
3016.5
3260.7
3288.1
2218.8
1877.1
1327.9
508.9
38.1
6.9
365.5
898.5
1776.0
2026.4
1467.1
1936.0
2724.0
2049.8
1875.6
1069.9
464.9
36.4
0.7
148.2
565.9
880.3
1645.1
1876.9
1706.5
1613.7
1704.5
1722.8
979.3
470.8
42.3
1.9
131.6
643.4
856.6
1363.8
1570.1
1795.0
1533.1
1236.1
1370.5
781.3
301.6
26.0
1.8
141.0
658.5
1192.7
853.9
1105.8
1262.9
1046.1
1480.8
1504.3
686.7
186.0
25.7
0.8
315.8
683.2
1424.7
2738.3
1934.0
1859.3
1638.8
1486.4
790.6
624.9
264.2
32.1
2.0
126.9
764.0
682.0
1495.6
1517.7
1388.6
2344.2
2105.4
1636.5
1145.5
386.9
35.3
3.8
344.3
924.5
2061.1
2706.8
3188.2
3278.1
3200.2
2844.1
2370.2
1603.6
456.7
33.4
3.2
405.6
1283.5
2093.1
2751.2
3181.4
3361.1
3277.9
2948.1
2373.7
1610.2
478.7
32.4
4.6
393.7
1147.9
1519.3
1356.0
3040.9
2120.1
2695.3
2405.7
1981.7
1497.0
375.5
33.5
5.4
405.3
1272.6
2083.2
2802.0
3180.6
3353.6
3265.9
2953.7
2367.2
1528.9
516.8
32.3
5.8
324.3
1254.0
1574.0
2537.7
3276.5
3160.1
2791.6
2351.0
1708.0
1494.3
527.2
36.7
4.6
408.1
750.5
1673.2
1912.7
2512.3
3483.2
3390.8
2685.5
2062.6
1154.7
447.2
37.5
2.9
135.1
926.0
1726.8
2821.4
3289.9
3389.0
3168.5
2545.4
2370.1
1436.8
378.1
35.9
4.6
435.9
756.9
2182.5
2835.5
3259.1
3443.3
3345.5
2996.3
2421.0
1642.6
549.0
37.7
1.4
114.7
417.2
936.3
1244.9
1759.5
2574.5
2876.8
2574.0
2036.1
996.1
486.7
50.2
3.6
232.3
815.8
1210.4
1762.2
2278.0
2518.2
3000.4
1796.5
1078.1
1227.9
456.0
67.5
5.7
455.0
1180.4
2175.5
2798.9
2994.9
3532.9
3026.7
2780.4
2430.0
1671.9
581.9
42.3
5.7
475.6
1402.2
2113.9
2906.5
2681.4
2672.2
2843.7
3206.5
2003.9
1606.9
541.9
52.1
4.1
331.2
1101.3
1392.6
970.2
1397.1
1372.8
1626.8
1785.9
1506.5
703.0
407.9
46.5
8.0
442.5
1357.6
2047.8
2930.2
3286.1
2691.0
2413.1
2160.6
2058.0
1039.8
507.2
31.3
9.1
293.4
831.6
1023.1
1104.5
1831.8
2006.7
2069.1
1472.8
1180.6
730.9
305.9
38.6
6.4
220.3
702.1
980.3
1843.3
1890.1
1467.7
1793.1
2457.3
1847.4
1663.0
284.1
60.0
9.4
510.0
1420.8
2242.8
2926.8
3388.3
3494.3
3333.7
3077.5
2462.3
1666.7
613.9
39.5
4.8
196.8
840.7
1205.1
1980.8
2889.1
2614.1
2447.6
2354.9
1738.8
1597.9
673.4
40.9
10.3
501.9
1357.3
2319.7
2939.3
3059.0
3562.5
3188.0
2925.1
2488.8
1701.1
757.4
57.9
11.2
336.9
1188.5
2476.5
2795.0
3201.8
3311.5
3091.4
2895.0
2264.2
1667.7
641.2
39.4
6.7
169.8
382.3
707.1
1616.6
2584.3
2653.6
3133.7
2273.6
2320.7
1639.6
656.5
39.3
6.2
189.1
577.6
1470.8
2358.1
3334.9
3436.5
3494.4
3017.5
2428.7
1719.2
611.4
40.0
13.1
282.9
622.7
1163.9
966.7
1993.6
1459.7
1919.2
2067.0
1603.1
1116.4
556.1
55.6
14.3
562.4
1500.7
2341.5
2893.0
3439.7
3590.2
3470.8
3020.2
2469.4
1652.4
665.2
40.3
5.4
149.9
444.8
840.7
1419.8
1566.7
2779.9
2997.0
2348.1
2015.3
1428.6
665.0
46.4
15.7
350.3
963.0
2065.6
1400.7
1956.2
1687.7
1569.8
603.9
1016.9
1199.5
320.2
40.3
12.3
198.3
1106.3
1511.3
1237.9
1854.9
2456.6
2116.9
1860.1
1256.4
918.8
475.2
54.4
24.4
411.7
1337.4
2104.1
3460.3
3579.4
3003.9
2858.9
2313.3
2394.0
1171.3
607.3
46.7
23.3
673.9
1722.8
2258.3
2640.2
2299.3
1631.3
1767.5
1656.5
1307.3
963.2
250.2
48.5
5.2
203.7
718.8
973.2
1420.7
1568.1
1759.4
1582.1
1098.2
914.8
581.9
268.3
31.5
9.4
494.3
1268.6
2338.3
3019.6
3490.4
3058.7
3457.6
2425.3
1711.8
1203.2
425.3
47.8
19.7
534.3
1092.6
1407.8
1379.6
2439.4
2902.4
3177.6
2481.2
2144.9
1248.7
571.6
44.0
21.1
508.9
1345.4
1236.0
1001.9
1239.0
1696.7
1604.3
1865.6
1869.6
1328.1
628.8
37.0
6.1
161.0
703.7
1051.4
2106.2
2743.3
3039.6
3094.0
2660.6
2278.8
1431.0
520.6
44.5
31.8
528.8
1035.5
2099.1
3004.6
3432.6
3574.1
3437.4
3059.0
2411.4
1590.8
633.6
33.6
14.0
248.4
659.1
1750.5
1094.2
866.5
1251.4
2285.1
2214.7
1631.0
1224.6
622.2
39.4
25.5
605.7
1547.3
2399.3
3059.8
3481.8
3611.8
3477.7
3065.7
2423.2
1605.3
617.9
32.4
35.1
328.3
780.9
1507.6
1535.5
2004.1
3163.2
3789.8
2266.9
2434.7
1461.7
304.9
43.5
27.1
300.2
472.9
710.6
1271.8
1560.0
2261.5
1997.5
1950.6
1931.6
1649.5
710.4
41.0
30.3
611.7
729.1
1116.0
2112.6
2413.8
2660.8
3128.0
2189.4
1926.9
1259.0
599.6
31.8
31.6
576.8
1253.6
1608.4
2278.8
2117.2
2194.1
2237.7
2158.7
1923.0
1244.4
437.3
32.4
37.8
574.4
1548.0
2386.6
3040.5
3469.7
3598.3
3169.8
2962.0
2167.9
1428.0
598.2
37.6
32.4
550.5
1500.0
2369.5
3032.1
3462.1
3462.5
3280.9
2679.0
2371.5
1564.6
535.0
36.4
50.9
636.5
1529.3
2365.3
2814.8
3277.6
3521.2
3501.7
2699.4
2319.4
1602.1
533.1
35.4
45.7
627.8
1284.9
2473.8
2962.2
3526.7
3707.2
3336.4
2722.1
2184.3
1290.7
487.6
32.8
36.9
662.8
1609.7
2439.8
3089.3
3511.1
3544.3
3502.0
3312.5
2439.4
1454.9
595.8
32.6
42.2
657.7
1569.6
2465.5
2959.2
2903.3
3149.6
3199.3
3097.6
2113.1
1309.7
440.0
33.0
43.3
694.1
1623.1
2472.2
3116.7
3497.6
3484.5
2860.4
2282.1
2202.3
1739.5
427.1
31.5
40.5
704.8
1631.0
2414.7
3039.5
3449.0
3678.1
3280.0
2398.5
1901.8
1193.6
576.0
42.8
43.4
637.3
1637.0
2395.3
2185.2
2469.5
3504.5
3471.9
2858.9
2074.4
1234.3
557.4
31.9
48.9
683.2
1534.6
2394.5
2200.6
2310.1
2589.5
2581.5
2866.0
1945.4
1609.0
633.1
35.7
30.1
227.4
797.5
1673.9
2730.2
2794.1
3484.1
3572.7
2980.3
2387.5
1601.9
617.6
25.8
39.2
301.5
839.8
1713.6
2045.2
2123.2
2834.7
2039.4
3012.5
1913.4
1463.7
432.3
19.3
30.8
372.1
696.7
1251.7
1315.9
1749.4
1595.7
2342.5
2167.0
2276.4
1640.7
590.5
31.2
24.4
272.3
684.5
1017.4
1142.0
1578.9
2113.4
2355.1
2202.2
1672.9
1399.7
457.7
27.5
53.2
588.8
1137.7
2249.5
2536.7
3649.1
3678.7
3154.8
2032.7
2077.5
1383.8
497.0
40.6
35.4
288.8
542.5
1187.0
1240.1
1903.5
3135.9
3225.8
2239.8
1396.4
1310.8
417.4
32.6
55.6
408.3
816.4
1828.0
3046.2
3389.2
3897.4
3636.2
3225.9
2545.4
1689.7
597.5
30.4
55.6
539.2
1975.5
2638.6
2788.6
3738.3
3949.0
3781.9
3220.1
2304.4
1593.9
376.7
37.2
43.7
727.3
1806.4
2647.6
3294.9
3773.9
3253.5
2779.4
2092.8
1933.3
1587.2
626.7
29.9
47.6
825.1
1897.4
2636.8
3204.4
3330.1
3734.2
3685.7
3186.6
2529.7
1679.6
587.6
34.6
53.3
759.9
1814.4
2643.7
3262.1
3764.1
3563.9
3299.3
2671.7
1562.9
1137.2
403.8
33.7
56.3
777.0
1791.8
2637.7
3237.3
3670.4
3791.1
3547.8
3068.8
2452.8
1659.6
350.4
43.7
19.9
256.4
1011.7
1648.5
2057.9
1679.5
1892.4
3078.3
2334.4
1965.1
1055.0
320.5
40.2
88.8
433.6
838.8
853.5
1282.9
1680.2
2664.3
2874.5
2664.6
2268.4
1204.3
555.6
30.0
57.7
800.4
1799.1
1950.1
3159.0
3857.2
3844.7
3146.7
2502.5
2323.3
1108.0
240.5
24.6
69.8
710.4
1224.7
2486.0
3332.0
3594.3
3547.8
3690.7
3211.3
2412.0
1397.7
469.8
42.1
57.5
728.0
1748.7
2592.9
3217.4
3631.6
3747.8
3585.7
2780.9
2136.6
1324.6
504.8
28.4
86.1
731.8
1764.3
2342.1
3263.4
3635.6
3745.3
3543.4
3092.4
2411.8
1530.2
571.6
37.5
69.0
757.0
1797.9
2659.2
3317.0
3680.8
3727.8
3106.2
2911.7
1985.9
882.3
329.5
30.3
65.8
837.2
1948.2
2748.2
3368.6
3767.1
3859.3
3666.1
3180.6
2326.4
1473.5
631.7
45.0
67.9
839.1
1872.0
2675.6
3292.8
3666.6
3765.7
3576.6
3126.0
2559.7
1593.6
653.4
39.5
66.9
823.0
1796.3
2133.2
2461.8
2409.3
3266.1
3341.5
3211.8
2538.2
1665.5
626.0
26.4
62.9
811.4
1817.0
2641.3
3256.1
3610.2
3692.7
2904.1
1309.8
1390.1
652.9
414.7
22.6
71.4
817.9
1836.8
2664.0
3285.4
3657.0
3736.8
3528.1
2941.2
1601.8
1043.8
630.7
12.4
13.1
193.2
515.8
1116.1
2974.2
3078.8
1953.4
1667.7
1095.3
1328.3
940.0
609.6
28.2
76.2
423.8
924.9
465.8
671.5
1105.7
2383.0
2925.5
2596.5
1521.5
1485.4
517.4
44.3
69.2
799.3
1832.9
2698.5
3508.9
3594.0
3815.2
3179.2
2525.3
2278.5
1291.2
525.3
33.5
36.4
424.7
1075.7
1342.1
1495.2
1711.2
2174.7
2852.7
2272.9
1554.3
1571.4
656.7
32.2
80.2
871.7
1894.8
1855.8
2270.8
3100.0
3358.0
3379.7
2727.9
2108.5
1226.2
573.6
43.4
81.4
747.2
1727.0
2769.5
3245.1
3285.5
3400.5
3200.9
2897.3
2366.0
1602.9
611.6
31.4
79.9
848.6
1853.2
2737.6
3364.2
3671.5
3604.6
3371.3
3157.8
2387.0
1743.6
529.9
26.8
85.0
859.9
1639.0
2043.0
3144.3
3532.4
3825.5
3111.6
2693.6
1661.5
1374.3
634.5
29.6
75.1
861.2
1896.1
2767.0
3368.8
3687.2
3831.6
3673.6
2708.5
2648.2
1310.7
625.1
28.2
80.1
865.4
1907.8
2724.8
3365.8
3130.7
3488.8
3462.7
2418.1
779.7
1553.8
660.3
50.3
85.4
866.8
1892.0
2704.9
3178.4
3835.7
3922.3
3135.6
3472.5
2670.7
1688.1
598.1
30.2
93.9
827.4
1856.9
2710.3
2951.6
2943.5
3258.7
3659.2
2312.3
2525.8
1639.4
609.5
28.7
105.6
819.2
1892.9
2703.8
3260.2
3677.0
3139.7
3170.0
2256.8
1829.6
732.5
572.8
29.9
137.5
659.9
1534.9
2667.4
2914.1
3434.1
3677.8
3618.1
3234.5
1718.3
467.3
352.9
55.9
82.4
885.9
1899.9
2697.7
3296.6
3679.7
3846.4
2959.9
3047.5
2169.2
1235.4
580.2
330.75
81.3
888.7
1892.7
2698.0
3275.4
3667.3
3751.6
3289.5
2513.1
2389.4
1623.1
524.8
26.7
94.8
858.6
1108.0
2492.3
3239.3
3612.2
3591.4
3558.1
3017.1
2018.9
1414.4
618.6
59.5
81.9
894.4
1890.5
2693.5
3302.7
3671.4
3445.1
3085.1
2306.8
1469.3
975.1
465.3
46.2
117.1
862.0
1839.6
2300.9
3091.0
2652.8
2680.7
2733.4
2231.0
2027.6
472.8
171.3
17.0
77.3
707.6
1685.6
2036.2
3245.4
3648.7
3741.5
3472.5
2933.0
2581.6
1020.4
274.9
15.2
82.6
823.4
1675.9
2721.3
3316.7
3455.5
3059.9
3393.1
2916.3
2316.4
1707.4
675.5
32.6
101.7
886.9
1543.1
2361.7
3233.2
3759.2
3173.8
3396.1
2667.0
2499.0
1686.5
682.8
39.2
103.4
588.9
1942.2
2459.8
3334.5
3689.8
3777.7
3554.6
3110.2
2502.7
1695.2
703.7
41.1
74.2
933.1
1924.0
2735.0
3314.1
3674.8
3765.2
3594.6
3117.9
2492.0
1692.0
655.9
27.7
94.2
370.4
719.8
1988.1
3252.7
3731.9
3825.1
3402.3
2879.5
1961.4
1209.8
744.2
30.7
71.0
936.7
1942.0
2770.8
3370.8
3718.4
3789.4
3599.3
3087.5
2565.3
1789.9
553.8
34.7
72.7
907.8
1892.5
2780.3
3343.9
2927.9
2852.6
2319.9
2706.5
2747.9
1754.0
314.3
41.4
78.7
896.8
1858.2
2642.5
3297.0
3624.5
3732.8
3551.6
3084.7
2510.0
1695.9
459.6
24.3
74.5
909.4
1880.0
2674.3
3258.8
3301.2
3460.6
2504.8
1835.0
1614.2
1363.3
774.2
54.1
99.5
852.7
1544.4
2604.3
3193.2
3496.4
3597.3
3150.4
2133.2
1917.0
809.9
222.7
21.5
4.4
78.9
261.3
1006.9
2095.4
1861.9
1286.1
1096.3
1407.5
801.1
455.1
253.1
28.9
247.0
605.1
517.5
1097.4
1354.2
3167.6
2841.5
2383.7
2582.0
2016.3
1476.0
629.6
101.8
102.2
401.9
1312.4
1627.4
3138.7
3026.5
3469.1
3126.3
3232.2
2306.3
1326.2
562.7
54.8
59.1
822.9
1846.2
2789.5
2719.8
3393.4
3047.6
3345.9
3128.5
2263.5
1458.5
670.6
38.8
73.0
901.7
1905.7
2705.6
3315.5
3668.7
3789.2
3648.0
3254.3
2372.2
1666.6
528.8
55.9
88.1
891.4
1874.1
2689.2
3305.4
3489.9
3650.2
3200.7
2683.0
2094.7
1475.8
531.1
45.0
80.2
882.0
1847.9
2659.1
3260.6
3624.4
3494.3
2648.2
2150.6
2169.8
1133.3
352.9
40.0
81.1
876.4
1851.2
2643.2
3172.1
3664.6
3107.4
2732.8
2411.4
1649.2
1626.6
755.2
64.1
78.6
872.7
1852.5
2663.1
3266.1
3623.4
3758.0
3519.7
2709.7
1486.6
1110.6
636.6
43.1
104.6
832.4
1843.0
2589.8
3261.2
3643.1
3656.7
3666.9
2283.7
2235.8
1462.4
419.5
75.0
80.3
674.1
1771.1
2496.1
3207.7
3275.0
3260.5
3284.8
2816.9
1783.1
1473.7
344.4
80.3
113.7
734.5
1803.3
2436.4
2660.9
3588.9
2744.5
2347.4
1439.8
710.9
1317.9
502.2
77.9
75.5
727.6
1727.0
2018.9
2769.4
2444.3
1722.4
2629.4
2223.2
1427.0
1566.4
670.8
63.0
118.1
606.9
1641.4
2162.5
2556.0
3093.6
3690.1
3434.3
2778.4
2023.9
1376.5
683.3
52.3
79.5
771.9
1788.8
2586.3
3221.0
3616.0
3869.2
3447.4
2510.7
1638.6
1556.3
414.5
51.8
90.3
569.8
1120.9
1607.4
2373.5
2200.7
2507.3
3231.2
953.9
887.6
1058.3
333.1
16.3
68.7
446.3
1598.6
2070.6
3170.6
3081.3
3089.4
3289.4
2417.6
1898.2
1230.0
804.5
90.4
108.3
430.6
1029.0
1080.3
2062.1
2960.7
2459.3
2396.2
1742.7
1347.1
954.7
448.2
71.8
70.6
647.7
1765.1
2591.2
3264.4
3222.5
3072.1
2383.6
1692.0
1880.2
1830.0
729.4
81.2
73.3
817.4
1766.9
2605.8
3207.9
3602.0
3706.8
3661.2
3092.0
1945.8
1221.2
546.7
58.5
79.6
798.3
1774.7
2599.6
3209.0
2843.0
3479.0
1742.8
1519.7
1733.6
438.4
556.5
101.0
74.2
769.8
1736.5
2308.2
2065.7
3115.2
1740.5
2442.3
2151.8
1813.8
783.6
490.6
63.0
73.2
515.7
1654.3
2561.7
3100.2
2981.8
2954.4
2282.1
1308.5
1242.7
1210.1
829.9
89.8
92.6
704.0
1557.2
2636.1
2696.8
2484.7
2846.6
3028.6
2796.4
2146.2
1415.8
555.1
85.3
89.4
740.7
1568.6
1446.1
2855.2
3431.6
3217.8
3575.8
3055.5
1492.3
1128.0
429.9
71.4
78.8
655.5
719.4
2400.9
2597.2
3417.6
2450.9
2311.9
2248.1
1415.1
1769.0
844.6
120.0
50.5
674.2
1472.4
2292.6
1794.6
2404.2
1535.8
2373.5
2033.4
1377.1
450.3
514.2
131.0
55.3
302.5
345.5
448.7
1636.4
2640.5
2446.3
2932.1
1532.5
1673.3
455.4
372.3
91.3
44.2
306.6
1240.4
1283.2
1820.0
1850.2
1825.3
3255.4
1773.4
1269.0
758.6
224.4
35.6
37.5
244.8
830.2
1047.8
2173.6
3433.6
2675.0
1947.3
2455.7
1407.0
1239.9
502.8
86.2
25.8
235.5
662.5
1918.8
2028.8
2342.8
2699.4
2438.5
2692.0
1438.6
808.3
441.5
122.4
63.9
570.5
1714.8
2563.6
3139.4
3561.1
3639.3
2536.8
2621.7
1286.8
708.9
227.9
88.7
61.8
292.4
699.2
996.2
1015.2
2257.9
1253.6
2327.8
2109.4
1946.2
1054.4
501.1
105.6
23.5
124.8
200.6
510.4
808.2
1091.2
1314.0
530.0
765.8
1511.4
831.6
528.0
76.4
59.0
447.3
1218.4
2307.1
2537.0
3272.9
2296.0
2725.5
1985.3
1822.7
1734.4
973.3
79.3
49.5
668.6
1819.4
2238.9
3084.5
2461.9
2103.2
2332.2
2866.3
2044.7
1776.5
437.8
114.6
55.1
101.9
1328.7
1281.8
2353.1
2516.7
3135.0
2354.9
2305.9
2031.0
1340.3
615.3
95.8
67.8
441.2
1371.6
2547.1
3263.5
2576.7
3503.0
2615.0
2379.2
2170.6
1196.5
555.8
82.6
59.1
575.6
1305.2
2097.8
3038.8
3402.6
3770.1
3743.6
3217.4
2013.0
1824.1
1146.3
77.3
42.8
354.3
876.3
1556.3
2733.6
3491.9
3790.0
3141.4
2212.9
2271.7
1939.1
958.9
103.3
49.4
598.3
1601.0
2419.0
3078.6
3332.0
2818.4
3458.4
1829.1
1813.1
1936.1
416.0
81.2
47.0
616.2
1438.0
2403.3
3092.3
3568.3
2084.9
1808.0
2331.5
1889.0
1170.6
583.9
118.5
