y
8.389132521348719
8.434897948689407
8.421122722665503
8.390041405755754
8.370084326378025
8.350429973538136
8.35608503102148
8.348774539791274
8.35608503102148
8.379079889286603
8.38022733634308
8.422882511944996
8.414052432496725
8.453187861440325
8.496786381638575
8.491465042843506
8.460199469896118
8.424419791263883
8.433594167539924
8.445267451844648
8.445482343862237
8.431853144249223
8.418256443556213
8.447843113281444
8.478244441277663
8.51057131510735
8.531096096585228
8.516593011344206
8.476371196895983
8.468002947225466
8.460622839927844
8.464635940677562
8.445482343862237
8.448700194970938
8.465478755729558
8.506940814951886
8.502688505213357
8.553910774351401
8.558718938244736
8.529714471969909
8.47782846789396
8.492900498847193
8.486115235845377
8.508757712595136
8.485083137498004
8.48714627006394
8.52595469708481
8.532081803909987
8.556990661290303
8.585225601808064
8.598588829620232
8.595079730073309
8.560252680876685
8.539932678385727
8.528528701079983
8.555451903533328
8.54830418644129
8.564076777315087
8.574518258035507
8.581669210600602
8.610865667278873
8.646465527120377
8.652423140676342
8.631235907456897
8.590815331286851
8.588210678651517
8.597666575566114
8.616133139271142
8.596558746796978
8.609042845046117
8.601718146485926
8.58783803098557
8.571491964823617
8.60611940061064
8.655737000864297
8.643297068211963
8.569026340056254
8.568076401730806
8.57828829077605
8.592671652592143
8.587278798982926
8.601718146485926
8.629092283913646
8.655040258108363
8.66544076787644
8.696008608880904
8.732304571033183
8.696510239189893
8.653645314551737
8.63994165667529
8.649448770536708
8.657824321155983
8.65032450401942
8.63550941823428
8.658519127506672
8.704336438489406
8.745921121024347
8.780172651227646
8.769662508112274
8.729558869558568
8.723882104658486
8.701346403039162
8.71308886823731
8.728749873478527
8.721602344674197
8.71915396346254
8.707152175339404
8.755264763314685
8.756682421266532
8.826587830773668
8.857372832825773
8.784927626058323
8.722905701000768
8.729073550451737
8.73052880173936
8.762646029650282
8.754634047431272
8.740656691541368
8.786303878282583
8.81358720447004
8.797397374012059
8.846928500099018
8.829665432675236
8.790573479157159
8.796943893541737
8.779249716229046
8.786303878282583
8.824236617346639
8.790725628263576
8.803123730829212
8.83200393125627
8.83724564389847
8.9001399880938
8.98969370086056
8.893160828735379
8.854664928370534
8.823942326585245
8.798907492088226
8.80086724247048
8.835355971121606
8.822764296703758
8.842604480678025
8.890823576004383
8.891098830616636
8.899867211223587
8.944419791305915
8.892748769118258
8.886823846515187
8.807471889715284
8.789964651132264
8.77137018531062
8.802221746402456
8.77863395266279
8.7937637591133
8.804775258867686
8.796338932845732
8.854522203757432
8.914088348841334
8.893160828735379
8.903407519932264
8.837536046107568
8.805525052709516
8.80941494391005
8.80071662871916
8.796338932845732
8.776167099731275
8.811801223938751
8.846496938558838
8.900685318713995
8.928772900524256
8.971448463693834
8.8963143241848
8.813289762469037
8.828787083914332
8.821289805136113
8.83927669058535
8.85395110151461
8.840580188488795
8.848222068371385
8.874308038583354
8.928507824313293
8.935903526274423
8.962263554116761
8.93022956502072
8.886409166849282
8.843182098022606
8.865170419651774
8.878218658092228
8.851663425366777
8.870382066070137
8.882252884889363
8.895355616996392
8.990815266184685
9.0068768914288
8.960082528170402
8.922124823918258
8.910045761473558
8.866158492284917
8.869398159883518
8.881836305004146
8.862341963516347
8.906122330884303
8.928905412284868
8.918784137975802
8.984693690443855
9.002085433155724
8.980927207648378
8.865170419651774
8.805674944038582
8.789660098061537
8.850660919017152
8.869257522797287
8.890685920281129
8.921457578947884
8.93313654381203
8.967376693212666
8.999372396592106
8.983690681332686
9.018937706446035
9.000853147109458
8.933268478636418
8.899730794880696
8.918917979908679
8.936824154997302
8.90231952852887
8.916371914881694
8.936692688488204
8.973858256222792
9.04735074348172
9.052867513151618
9.078407700715356
8.975250749643573
8.92757950384347
8.934455109403913
8.939843124278502
8.941807118363164
8.92757950384347
8.911664758049536
8.933268478636418
8.988071438072634
9.023890304598448
9.062188330952324
9.09985563880091
9.064736398117391
8.970686268534983
8.948715833843691
8.951310542097564
8.961879012677683
8.964439833539357
8.9939241414114
8.991686725934825
9.033006356693267
9.09301972939964
9.121946221213587
9.143559338285831
9.113499020526627
9.033961124637857
9.013473543740192
9.0068768914288
9.062883902508307
9.01627006814768
9.041803370152845
9.06773940337716
9.05753878171822
