y
7.302496423727326
7.257002707092073
7.283448228756631
7.289610521451167
7.336285660021297
7.340835554123275
7.351158226430694
7.3395376954076745
7.379008127628304
7.313220387090301
7.3914152346753585
7.3914152346753585
7.3613754289773485
7.317876198626496
7.3613754289773485
7.377133712833954
7.393263094763838
7.403061091090091
7.417580402414544
7.455876687491824
7.430707082545968
7.452402451223638
7.450079569807499
7.462214939768189
7.431299675155903
7.389563953677635
7.4205789054108005
7.409741954080923
7.4318919168078
7.433666540166168
7.449498005382849
7.45298232946546
7.468513271496337
7.493317248862145
7.488852955733459
7.480992162869525
7.454719949364001
7.406103381237015
7.462214939768189
7.458186157340487
7.469654172932128
7.474204806496124
7.502738210754851
7.524021415206125
7.542213463193403
7.549609165154532
7.534762657037537
7.530479995245536
7.51425465281641
7.469083884921234
7.507141079727608
7.513709247839705
7.543802867501509
7.549082710812286
7.556427969440253
7.576097340623111
7.583247524303362
7.604396348796338
7.59890045687141
7.596392304064196
7.5443321080536885
7.515344571180436
7.550135342488429
7.543802867501509
7.566828479208331
7.591357046698551
7.6004023345004
7.633853559681768
7.655390644826152
7.67368812926773
7.641084249174914
7.616775808698373
7.591861714889934
7.4977617006225685
7.540090320145325
7.5595594960077
7.562161631225652
7.597897950521784
7.6128310304073565
7.637716432664798
7.644919344958857
7.666690200080086
7.664815785285735
7.660114319173928
7.632885505395133
7.589335823170617
7.653020413804189
7.671360923190644
7.684783943522785
7.6953031349635665
7.694392802629421
7.709308333385869
7.731930721948486
7.75190533307861
7.724004656676065
7.72356247227797
7.703459047867175
7.631916513071252
7.71244383427499
7.704811922932594
7.724446645633537
7.751045117971802
7.763021309018518
7.786136437783072
7.791109510610028
7.814399633804487
7.7702232041587855
7.789868559054706
7.7702232041587855
7.7501841622578365
7.799753318287247
7.767263996757308
7.795646536334594
7.775695749915245
7.7823903355874595
7.820439515262181
7.806289289267033
7.826443135456014
7.81762544305337
7.787382026484701
7.779885115070522
7.725771441587952
7.774015077250727
7.8083230503910555
7.805474625270857
7.803843303538772
7.848933726364071
7.847371836159788
7.852050207265889
7.908754738783246
7.879291485082271
7.915348169263078
7.8636512654486515
7.814803429489359
7.868254265520613
7.8636512654486515
7.903596289614301
7.879669914604289
7.908754738783246
7.922623574217286
7.950502434808851
7.946617563244473
7.923710333969238
7.943072717277933
7.908387159290043
7.84971375760487
7.904334842085095
7.880804344674901
7.907651594711089
7.898039690764619
7.949091499830517
7.969703583278656
7.994294986415977
8.022896869601457
7.992268643270745
7.993957547573565
7.913886714856082
7.904334842085095
7.9599745280805365
7.910957382845589
7.959275960116396
7.9441374911141125
7.972810784121404
7.983781068977451
7.978996370854115
7.988542982737695
7.990576881743923
7.9714309977693505
7.925157512224703
7.846198815497425
7.9355873855892
7.908754738783246
7.984121958702927
7.969703583278656
7.966239776559467
8.019941687677365
8.000684784514748
8.025189321890835
7.994969522697877
7.977625098784593
7.9420068084898565
7.8826922062890254
7.9617188159813645
7.893198869544609
7.888709524182015
7.8567067930958405
7.885329239273191
7.896924656268864
7.896924656268864
7.948031990637284
7.909856667269403
7.85748078694253
7.848933726364071
7.791935956938058
7.8636512654486515
7.851271997109883
7.896924656268864
7.908754738783246
7.944492163932159
7.9658927350845286
7.9854843567338225
7.994632311431825
7.990238185720363
8.00469951054955
7.970740390007095
7.950149887652018
7.942717540573791
7.874739125171811
7.884952945759814
7.904334842085095
7.971776122880628
8.017966703493599
8.034306936339489
8.058327306580958
8.00903068506973
8.003697339094368
7.964155718840937
7.922623574217286
7.970740390007095
8.003363058629947
8.024862150286411
8.026170194946426
8.022568946988255
8.058960017769417
8.067462667010057
8.076515327552329
8.064007347096661
8.063692634269517
8.017637159908478
7.928406026180535
8.007700012884026
7.984462732262196
8.039157390473237
8.045588280803528
8.08794755464267
8.137103389639302
8.125630988477065
8.137688184977605
8.10258642539079
8.104703468371108
8.064321960910803
7.993619994827744
8.1101268019411
8.075271546297458
8.129469764784231
8.12651816878071
8.139148678884066
8.189244525735901
8.210396255104774
8.22389538017882
8.196436811235028
8.176110342237342
8.151333337900432
8.105609402299896
8.151909872940905
8.155936337972394
8.199189359078067
8.182279739259018
8.219864741912652
8.247743887225516
8.261784679514752
8.279697133877628
8.251142139090751
8.23403420769204
