y
7.254177846456518
7.2682230211595655
7.317876198626496
7.32052696227274
7.350516171833998
7.336285660021297
7.344719054149673
7.3752557780097545
7.371489295214277
7.398174092970465
7.367077059881012
7.328437352895162
7.317876198626496
7.283448228756631
7.336285660021297
7.384610383176974
7.356279876550748
7.3632795869630385
7.385230923066573
7.406103381237015
7.454141078146678
7.463363045520021
7.380879035564116
7.399398083331354
7.368339686311381
7.358830898342354
7.408530566894626
7.454141078146678
7.421775793644647
7.416979621381154
7.453561871643373
7.448333860897476
7.480428306074208
7.470793774195062
7.463363045520021
7.414572881350589
7.388327859577107
7.418780882750794
7.4360278163518485
7.462214939768189
7.428927194802272
7.431299675155903
7.445417556701687
7.487173694213739
7.4977617006225685
7.493317248862145
7.473069088032197
7.462789157412448
7.48324441607385
7.450660796211539
7.492203042618741
7.5569505720129
7.52294091807237
7.48605261786314
7.500529485395295
7.524021415206125
7.539027055823995
7.580189417944541
7.537962659768208
7.502738210754851
7.502186486602924
7.513163545234075
7.51479976048867
7.553810852008231
7.585788821732034
7.586803535162581
7.5740450053721995
7.621684998724611
7.653494909661253
7.66105638236183
7.6676260915849905
7.583247524303362
7.57095858316901
7.5688956634069955
7.615791072035833
7.6577552711348655
7.632885505395133
7.60489448081162
7.636752112435779
7.666221925662725
7.680637427560936
7.698029170272805
7.662937850461535
7.645875825184813
7.6362696033793735
7.635786861395585
7.682021510826875
7.690743163541872
7.692113339595466
7.696212639346407
7.680637427560936
7.7142311448490855
7.746732907753622
7.738052297689316
7.701200180857446
7.693937325509272
7.667158255319148
7.6760099320288875
7.72356247227797
7.745435610274381
7.760893195851024
7.731053144007127
7.7475968386928855
7.786967002614872
7.84971375760487
7.843064016692054
7.798523053625206
7.799753318287247
7.7706452341291765
7.789868559054706
7.831617276352611
7.836764783264067
7.846589975291186
7.81923445385907
7.806696372521179
7.855932199718614
7.890956716138919
7.927685045615778
7.904334842085095
7.8804263442924
7.873978379604501
7.855544677915663
7.878534196140362
7.8961806086154915
7.911324018963353
7.888334500738654
7.91862865334224
7.95892649305011
7.951559331155252
7.963807953231451
7.981049759665957
7.951207156472972
7.9294865233142895
7.934871565945177
7.937374696163295
7.945909598613133
7.962067308753666
7.940227765145702
7.923710333969238
7.990238185720363
8.020270472819238
8.051022208190679
8.025516386489008
7.944846711001996
7.941295570906532
7.964850887447313
7.913155185928068
7.9287663216266955
7.937374696163295
7.92443418488756
7.917536353943631
7.952966790923131
8.013012110368916
8.059592328887545
8.03365842788615
7.970740390007095
7.952615111651
7.94873845481361
7.980023592310645
8.036249942132116
7.974532844130228
7.952966790923131
7.951911381854188
7.981049759665957
7.999342952713282
7.99699040583765
7.984121958702927
7.940939762327791
7.97349996402463
7.951559331155252
7.988882253309227
8.005367067316664
7.9976631270201
7.995643604287271
7.964155718840937
7.9865049385539955
8.065579427282092
8.038834757787749
8.042056410058754
7.976251943745623
7.980023592310645
7.974188669286011
8.016977746762262
8.034955024502159
8.01102337918644
7.987184748233473
8.008698182988528
8.046549357283078
8.057694194815587
8.105911197986508
8.06211758275474
8.052614818815567
8.056109659545061
8.072779333169498
8.04044688130311
8.03398273468322
8.063062911326792
8.025516386489008
8.026496938945412
8.051340933292979
8.121777419161074
8.144969417087875
8.131530710604252
8.073714641109857
8.061486866871327
8.071218539969863
8.077136638538454
8.046869510959576
8.025843344150903
7.987184748233473
8.0323601479245
8.085178748074537
8.128585200374497
8.202208436436448
8.13622555490846
8.134760782418645
8.064636475774222
8.06054004653864
8.09346227450118
8.096512917501594
8.076515327552329
8.10258642539079
8.057060681965766
8.081475040137052
8.179199798423086
8.190354403763262
8.123261319121745
8.137980454452139
8.087640287778983
8.074337694089515
8.126222529458525
8.136518252115291
8.121183242078828
8.098034756176071
8.101374671228582
8.131824785007195
8.170751423757535
8.171599480345463
8.152774052744075
8.147288258706624
8.083328608786376
8.082093278178382
8.144098463338524
8.163371316459912
8.124743020385568
8.121777419161074
8.0925452638913
8.173575486634153
8.224163512637862
8.282483003730562
8.302513718514158
8.286017468404763
8.216628493133443
8.19836438996762
8.232971790593437
8.232971790593437
8.237479288613633
8.199738960630786
8.18757739559151
8.214194414852564
8.246695943718557
8.329175442077402
8.270781013162674
8.238536930171769
