y
13540
13461
13659
13279
13387
13100
12993
13259
13115
13829
13862
14042
14930
14715
14904
15501
14907
14899
15094
15190
15594
15840
15805
15751
15518
15157
15517
16304
15582
15634
15509
15839
16392
16075
16089
16117
15696
16179
16273
16494
15886
15970
15982
16352
16434
16453
16723
16690
16700
16615
17289
17761
17291
16890
16590
16971
17586
17489
17983
17621
17158
17089
17294
17285
17577
17180
17452
17984
17869
18232
18164
16660
16124
16191
16932
17028
16500
16330
16656
17158
17517
17859
18059
18202
17684
18113
18522
18825
18240
18213
17936
18657
18980
18818
18710
19306
19248
19218
19391
19369
18909
18738
18732
19249
19754
19385
19379
19298
18915
19327
20243
20296
19245
19343
18762
19393
19904
19838
20486
19506
20090
19775
19907
20097
19912
19653
19332
19838
20027
20326
20766
20382
20704
21653
20718
20452
20068
19293
19130
19438
19529
20305
20968
20099
20943
20870
20150
20215
19296
18753
18533
19085
18919
19815
19837
19359
19314
19495
19611
20520
19303
18652
18389
18698
19239
19148
19361
19268
19686
19584
20173
19878
18885
18860
18392
18500
19351
19443
19915
19748
20074
19694
20849
20730
19741
19178
19270
19376
19602
20105
20153
20023
21092
20711
20763
19957
20327
19114
18812
19036
19460
20349
20785
19726
20158
20029
20221
18065
17378
17316
18381
19325
19785
21224
20377
20807
21498
20538
21989
21063
19963
19752
19528
19801
20669
20797
20237
20723
20527
20326
22018
21770
20789
19925
19949
20376
20443
20496
20581
20763
20159
20704
22083
21706
20584
20481
20136
20745
21190
22135
22489
22841
22479
22120
23128
22742
22971
21978
21435
21817
22175
23084
22217
22484
