y
4399
4605
4542
4403
4316
4232
4256
4225
4256
4355
4360
4550
4510
4690
4899
4873
4723
4557
4599
4653
4654
4591
4529
4665
4809
4967
5070
4997
4800
4760
4725
4744
4654
4669
4748
4949
4928
5187
5212
5063
4807
4880
4847
4958
4842
4852
5044
5075
5203
5352
5424
5405
5220
5115
5057
5195
5158
5240
5295
5333
5491
5690
5724
5604
5382
5368
5419
5520
5413
5481
5441
5366
5279
5465
5743
5672
5266
5261
5315
5392
5363
5441
5592
5739
5799
5979
6200
5982
5731
5653
5707
5755
5712
5628
5759
6029
6285
6504
6436
6183
6148
6011
6082
6178
6134
6119
6046
6344
6353
6813
7026
6535
6142
6180
6189
6391
6340
6252
6544
6725
6617
6953
6834
6572
6614
6498
6544
6797
6573
6655
6850
6886
7333
8020
7282
7007
6795
6627
6640
6873
6787
6923
7265
7267
7331
7665
7279
7236
6684
6568
6447
6649
6494
6593
6666
6610
7006
7436
7282
7357
6888
6671
6697
6639
6610
6478
6713
6950
7337
7546
7875
7305
6723
6828
6777
6900
7002
6909
6962
7146
7544
7600
7803
7557
7233
6927
7081
7174
6986
7118
7203
7298
8029
8159
7786
7496
7406
7088
7111
7200
7061
7377
7547
7471
7980
8120
7950
7081
6672
6566
6979
7110
7264
7491
7579
7843
8098
7972
8258
8110
7580
7330
7472
7607
7349
7453
7606
7894
8496
8543
8764
7905
7537
7589
7630
7645
7537
7418
7580
8007
8299
8623
8954
8645
7869
7698
7718
7800
7820
8054
8036
8375
8893
9154
9354
9077
8383
8213
8159
8629
8236
8449
8671
8583
