y
9.513403546466266
9.507551894644093
9.522153924002891
9.493939118990328
9.502039365785897
9.480367509189243
9.472166029882736
9.49243184611472
9.481511892300974
9.534523115464658
9.53690656247793
9.549808117577195
9.611127890533236
9.596622660667574
9.609384912281424
9.648659816955295
9.60958618027043
9.60904937558734
9.622052592844813
9.628392595589819
9.654641503869545
9.670293665368417
9.668081624649718
9.664659134301736
9.649755919453895
9.626217750431657
9.649691476083484
9.699165755462506
9.653871680890804
9.657203308780275
9.649175779559453
9.670230532062421
9.704548689918736
9.68502054910582
9.685891087651035
9.687629894522718
9.661161181805145
9.691469384005337
9.697262571660614
9.7107519573933
9.673193497193077
9.678467241209058
9.679218367934409
9.702105493003431
9.707107638491133
9.70826311038665
9.724540296381123
9.722565016655881
9.723163998404846
9.718061180788695
9.757825740104776
9.784760321267326
9.75794141390479
9.734477009801846
9.71655538318449
9.739261284011265
9.774858409938947
9.769327390849192
9.797182146165197
9.77684665156873
9.75021981613291
9.746190260646909
9.758114899520375
9.757594352355724
9.774346508212899
9.751501195538246
9.7672095342435
9.797237752693418
9.790822646878661
9.81093357092552
9.807196892217842
9.720765915720834
9.688064124237057
9.692210811286753
9.736960601640813
9.742614326948043
9.711115659888671
9.700759185964511
9.72052579085475
9.75021981613291
9.770927116951647
9.7902628618215
9.801399454452342
9.8092867571373
9.780415554946133
9.804385191492917
9.826714493730215
9.842941052668094
9.811372263628323
9.809890903798543
9.79456514531194
9.833976689772
9.85114107216392
9.842569137566711
9.836813419268136
9.86817120740856
9.86516243821446
9.863602618837213
9.872564319882619
9.871429128842239
9.84739327818122
9.838308826511133
9.837988570303432
9.865214390314636
9.891111281468072
9.87225485010503
9.87194528452625
9.86775674258033
9.84771053706713
9.869258360985468
9.915564333761576
9.918179101279117
9.865006565717847
9.870085875902097
9.839588826685896
9.872667455196241
9.898675995538905
9.895354569305939
9.92749700499648
9.87847738953196
9.90797745780898
9.892173792635855
9.898826707653933
9.908325829176377
9.899077844047428
9.885985277399985
9.869517032964975
9.895354569305939
9.904836642105424
9.919656133697712
9.9410723128634
9.922407437388639
9.938082197300627
9.98289929196029
9.938758166618047
9.92583595619989
9.906881785604144
9.867497614802973
9.859013062434299
9.874985192063416
9.879655819282782
9.918622440120398
9.950752745003243
9.908425341565751
9.949559740638511
9.946068000071246
9.91095956737483
9.91418018207487
9.867653099526912
9.839109018599922
9.82730820579731
9.85665796517933
9.84792198708642
9.894194505624535
9.89530415972811
9.87091270660395
9.868585500526864
9.877913301416697
9.883845912280838
9.929155299284705
9.868015803227875
9.833708657928211
9.819507938740854
9.836171845251261
9.864694747816973
9.8599535505124
9.871016012389166
9.866200967750112
9.887663002189157
9.882468185312053
9.912100355634351
9.89736887152795
9.846123235146557
9.844798556187449
9.819671066443018
9.825526011066415
9.870499376709148
9.875242387095826
9.899228495615745
9.890807499378754
9.907180724373745
9.888069299807748
9.945061264446057
9.939337205429826
9.890452970265668
9.861519067713626
9.866304761408411
9.871790465792873
9.883386880829125
9.908723819331374
9.911108439667489
9.90463689179265
9.95664910065036
9.938420239076152
9.940927835509973
9.901335237967984
9.919705330558962
9.858176329826126
9.842250243064939
9.854087202241
9.876116355739995
9.920787049614189
9.941986851686737
9.88969284151394
9.911356510914823
9.904936502301233
9.91447694733573
9.801731643581741
9.762960317399152
9.759386208561871
9.819072801393764
9.869154873455622
9.892679353819524
9.962887895817575
9.922162092800937
9.943044747534582
9.975715186533009
9.93003210775824
9.99829760729877
9.955273225685358
9.901635839172654
9.891010031025015
9.879604612072796
9.893487720457795
9.936390272211836
9.942564024517921
9.91526789107166
9.938999473537487
9.929496371717178
9.919656133697712
9.999615579630348
9.988288154228593
9.942179279647114
9.899730503658416
9.90093429574841
9.922113016659292
9.925395804585008
9.927985024136515
9.93212359907246
9.940927835509973
9.911406117780423
9.938082197300627
10.002563360726816
9.985343999005961
9.93226935396158
9.92725290608639
9.910264536815152
9.940060532766969
9.961284651262345
10.004915345166241
10.020781579758486
10.036312445648633
10.020336819032421
10.004237455636272
10.048799283696182
10.031968714184668
10.041987829781233
9.997797232006869
9.972780379032077
9.990444761392025
10.00672080717778
10.046895015830858
10.008613040577128
10.020559224121966
