y
8.36985260351753
8.305731144875866
8.322880021769905
8.32579052588609
8.317277766221235
8.325063693631197
8.31581113188354
8.296297112642508
8.30844552038576
8.388905171114706
8.379997952238393
8.401108712395436
8.402231172946555
8.32845106681936
8.38320455141292
8.403352374992478
8.39479954320217
8.391403185357937
8.383890344101816
8.398184404834035
8.42726848388825
8.446341450444287
8.457018468380168
8.470311205516108
8.471149252914831
8.417593826193484
8.453614209773367
8.449984441722787
8.463581421967588
8.428361977709622
8.443331342817782
8.463792414689122
8.46884293047519
8.48673398393153
8.50086053679534
8.518192691749322
8.499640032168648
8.456168489578463
8.512381634419015
8.487970332739334
8.475120414994329
8.470101583882387
8.468002947225466
8.504918160540624
8.507344855361422
8.545197387825835
8.543445562560303
8.541495483939203
8.553525120663627
8.49351506406166
8.514188682395938
8.540519016719735
8.543445562560303
8.533066540572527
8.543250725735527
8.558910784768106
8.546363568716018
8.601718146485926
8.613048677059759
8.621012520055235
8.61341204915678
8.572627898304338
8.58783803098557
8.569216219483389
8.600982717145921
8.564267598802166
8.58185670474196
8.594154232552366
8.60557030203365
8.645586406184636
8.628018746505122
8.619027497297505
8.582980931954241
8.536799721055155
8.592486175451668
8.576970395452099
8.554488976159934
8.541300266759471
8.567315800819449
8.612685172875459
8.627123250788433
8.662158961666423
8.649273531773446
8.694167141883597
8.655214489313613
8.628555659269699
8.71915396346254
8.679992081721329
8.692825760059396
8.683724062303869
8.67317077287059
8.671286726753637
8.682029433869172
8.719807451477955
8.721928343047091
8.726805608446096
8.697679732264463
8.613048677059759
8.704004653483045
8.693999567522082
8.682538124003075
8.667163717992533
8.688959234270676
8.714895850248494
8.714895850248494
8.734881892047483
8.722254235179681
8.739376281635323
8.74798740166097
8.701180027529253
8.765302488748196
8.743850562030243
8.769662508112274
8.721765357145012
8.718009330846357
8.752107198329362
8.746398334109042
8.768418726857403
8.76732914779405
8.776321456449958
8.804475183846678
8.772610303280743
8.811205187562887
8.832733591996416
8.804475183846678
8.76201995356159
8.785386587284156
8.792397742356906
8.785692444451245
8.829958044235482
8.81922185757494
8.81537000096066
8.837826364007704
8.798454696065095
8.833608482690892
8.808070154764538
8.808219665118408
8.76170676846664
8.789203094473724
8.804475183846678
8.814776088545281
8.845345196421732
8.844192126244968
8.83651926920248
8.840869624091395
8.809116258125274
8.832149906002899
8.806723554725636
8.804325112562537
8.770904744296866
8.73568594451502
8.754634047431272
8.76280248744611
8.801619971147346
8.804475183846678
8.825118970345061
8.786303878282583
8.745921121024347
8.824824939175638
8.796641458940915
8.813438494528507
8.795430805040018
8.775085935057266
8.783396232190894
8.799510901368867
8.808219665118408
8.828494129466652
8.834628222017367
8.80956425335415
8.756210091886738
8.824236617346639
8.790116892892472
8.806723554725636
8.794521851788527
8.761863373274727
8.780941113572387
8.782322859397507
8.83608319099221
8.841158975945264
8.840724916761715
8.81269461292015
8.757311846936409
8.79300509129753
8.805075243870684
8.803874763534434
8.79527937019457
8.783702698635217
8.809116258125274
8.801469470733185
8.862200330487287
8.880585523102495
8.854664928370534
8.850660919017152
8.828787083914332
8.86177531100083
8.821732380934442
8.862625169408922
8.799812469525556
8.806873266530692
8.787678239039497
8.801017833540714
8.874308038583354
8.897135342293316
8.929435283803425
8.871785969150645
8.826294231241318
8.844336332748933
8.758098072309089
8.757783656334167
8.738414897167749
8.78462153484075
8.783855896643942
8.82893352896109
8.902455592206882
8.858652969548489
8.869398159883518
8.911529941736559
8.859647499714997
8.887790764195326
8.882391706295847
8.84980082722101
8.852664927703866
8.852664927703866
8.869116865929483
8.880307358983872
8.927844826211702
8.920389060080359
8.950662495933999
8.891511570527564
8.853379672927634
8.917310693197807
8.887376485379763
8.891649112650057
8.856803356728378
8.868554040531201
8.895492631451633
8.912338567117548
8.941807118363164
8.959954084268098
8.94793610670867
8.94389780251682
8.921991410536698
8.976514972315112
8.963032193662675
8.97979449089521
8.952605375892354
8.91784674252718
8.953769294549454
8.994296557777195
9.012133305952004
9.045229851912582
9.045937315684574
9.038958755220563
9.005036738790304
9.01602720232985
9.02749867993534
9.027738775974909
9.014325488050225
8.988321188323683
9.008713664124222
9.024733424190698
9.033125752550372
9.076923258535832
9.078407700715356
