y
4315
4047
4117
4129
4094
4126
4088
4009
4058
4398
4359
4452
4457
4140
4373
4462
4424
4409
4376
4439
4570
4658
4708
4771
4775
4526
4692
4675
4739
4575
4644
4740
4764
4850
4919
5005
4913
4704
4976
4856
4794
4770
4760
4939
4951
5142
5133
5123
5185
4883
4985
5118
5133
5080
5132
5213
5148
5441
5503
5547
5505
5285
5366
5267
5437
5241
5334
5400
5462
5685
5586
5536
5340
5099
5391
5308
5190
5122
5257
5501
5581
5780
5706
5968
5740
5589
6119
5884
5960
5906
5844
5833
5896
6123
6136
6166
5989
5503
6027
5967
5899
5809
5937
6093
6093
6216
6138
6244
6298
6010
6408
6272
6436
6135
6112
6324
6288
6428
6421
6479
6664
6455
6709
6855
6664
6387
6538
6584
6540
6836
6763
6737
6890
6624
6861
6688
6689
6385
6563
6664
6733
6942
6934
6881
6911
6695
6851
6679
6663
6444
6221
6340
6392
6645
6664
6803
6544
6285
6801
6612
6724
6604
6471
6525
6631
6689
6826
6868
6698
6350
6797
6569
6679
6598
6386
6509
6518
6878
6913
6910
6719
6357
6588
6668
6660
6603
6527
6695
6644
7060
7191
7007
6979
6828
7057
6780
7063
6633
6680
6553
6641
7146
7311
7551
7128
6811
6935
6362
6360
6238
6533
6528
6829
7350
7035
7111
7417
7042
7243
7204
6973
6993
6993
7109
7189
7539
7483
7713
7270
6998
7460
7240
7271
7022
7105
7299
7423
7645
7785
7692
7661
7495
7915
7809
7941
7728
7464
7737
8057
8202
8478
8484
8425
8144
8234
8329
8331
8220
8009
8174
8306
8376
8751
8764
