y
116
123
128
122
126
129
131
134
138
142
142
146
144
142
135
142
138
148
145
154
154
157
157
162
154
150
153
147
162
161
157
158
170
171
173
175
174
155
158
176
167
179
205
201
218
220
216
215
222
218
210
234
224
234
224
224
230
227
229
223
218
213
217
218
217
226
225
236
249
235
258
244
240
236
228
237
243
250
249
273
289
306
344
333
351
351
352
381
415
417
434
467
488
518
530
537
559
518
529
535
541
542
539
561
572
573
579
559
574
538
558
565
575
579
582
603
616
616
601
607
603
577
593
599
607
615
647
654
675
676
677
676
681
634
670
662
684
693
727
759
773
803
841
878
895
834
745
753
834
886
905
919
902
932
932
931
912
880
888
880
906
893
915
921
908
923
922
922
920
857
898
906
931
929
949
957
937
964
953
952
955
890
926
921
953
936
950
964
980
1016
1006
1009
1015
964
1007
1023
1035
1042
1054
1080
1097
1078
1081
1099
1104
1064
1098
1086
1082
1100
1115
1148
1152
1156
1158
1166
1166
1069
1117
1100
1168
1147
1165
1185
1192
1217
1185
1173
1179
1103
1163
1194
1211
1221
1193
1215
1242
1250
1234
1240
1232
1111
1187
1212
1201
1214
1244
1282
1272
1296
1304
1320
1307
1248
1275
1287
1309
1336
1339
1346
1374
1395
1384
1397
1351
1272
1316
1329
1374
1335
1218
1210
1196
1213
1217
1204
1326
1294
1347
1381
1434
1418
1436
1483
1462
1490
1475
1470
1484
1418
1456
1465
1535
1542
1558
1540
1602
1500
1622
1622
1574
1507
1574
1599
1625
1641
1665
1730
1687
1724
1720
1741
1688
1619
1670
1652
1689
1692
1719
1725
1752
1796
1788
1774
1728
1646
1741
1734
1754
1762
1813
1852
1886
1900
1872
1864
1834
1753
1821
1833
1889
1899
1913
1951
1965
2007
1996
1991
1890
1836
1901
1889
1933
1981
1999
2067
2112
2151
2082
2032
1982
1804
1882
1919
1924
1994
2024
2075
2090
2136
2132
2122
2065
1977
2107
2146
2175
2198
2196
2229
2280
2326
2262
2261
2216
2063
2236
2219
2263
2324
2352
2407
2419
2476
2369
2416
2369
2322
2440
2362
2430
2382
2398
2491
2456
2506
2484
2410
2392
2266
2378
2461
2454
2450
2563
2559
2571
2721
2642
2739
2601
2477
2613
2601
2707
2643
2721
2759
2837
2826
2762
2816
2720
2565
2709
2646
2718
2692
2833
2892
2964
3050
2958
2963
2735
2709
2864
2727
2862
2819
2901
2933
2919
2947
2953
2897
2766
2556
2795
2721
2934
2892
2882
3041
2983
3057
2966
2915
2813
2651
2869
2679
2667
2583
2658
2689
2689
2830
2724
2585
2563
2421
2601
2569
2689
2721
2820
2881
2938
2965
2952
2995
2895
2836
2815
2630
2657
2709
2898
3035
3085
3160
3008
2992
2876
2759
2895
2991
3056
3060
3049
3162
3189
3218
3178
3177
3034
2775
3004
2935
3100
3120
3255
3419
3380
3421
3303
3310
3179
2962
3328
3214
3393
3383
3426
3602
3679
3729
3628
3555
3468
3313
3470
3484
3638
3577
3714
3819
3873
3943
3832
3767
3618
3372
3516
3624
3738
3682
3752
3888
3935
4056
