y
1031
1029
1036
992
1028
1012
1039
1055
1074
1094
1130
1171
1198
1145
1168
1105
1171
1158
1194
1212
1194
1212
1210
1251
1276
1241
1225
1236
1256
1232
1242
1253
1236
1299
1320
1346
1397
1304
1342
1344
1310
1324
1319
1342
1375
1417
1413
1455
1468
1379
1435
1515
1501
1500
1542
1551
1573
1611
1622
1652
1649
1666
1698
1586
1611
1664
1678
1790
1854
1906
1942
2026
2026
1924
1928
1957
1943
1969
1960
1983
1988
2185
2046
2141
2149
2021
2058
2207
2272
2275
2313
2387
2380
2434
2390
2417
2528
2304
2219
2028
2078
2012
2048
2090
2150
2249
2254
2260
2309
2252
2347
2310
2308
2336
2321
2293
2373
2523
2349
2447
2453
2388
2441
2404
2448
2499
2518
2512
2547
2593
2690
2615
2639
2519
2598
2507
2489
2488
2544
2615
2662
2706
2820
2783
2808
2673
2670
2692
2775
2790
2859
2861
2797
2922
2925
2853
2931
2800
2832
2825
2871
2822
2854
2836
2865
2904
2874
2884
2911
2718
2910
2926
2924
2895
2920
2912
2940
2955
2958
2977
3022
2818
2929
2893
2860
2877
2829
2908
2973
2982
3031
3086
3256
2961
3244
3115
3090
3059
3186
3182
3221
3273
3364
3311
3400
3350
3420
3391
3372
3363
3358
3400
3421
3503
3455
3492
3644
3449
3427
3470
3529
3491
3533
3581
3565
3770
3804
3762
3864
3666
3788
3885
3904
3733
3803
3806
3833
3937
3982
3915
3968
3770
3814
3978
3885
3865
3922
3918
3956
4052
4097
4109
4072
4023
4112
4059
4109
4099
4056
4122
4187
4437
4208
4249
4287
4135
4294
4263
4341
3762
3233
3254
3268
3368
3420
3432
3671
3556
3583
3899
3957
3897
3964
4039
4052
4225
4272
4220
4315
4047
4117
4129
4094
4126
4088
4009
4058
4398
4359
4452
4457
4140
4373
4462
4424
4409
4376
4439
4570
4658
4708
4771
4775
4526
4692
4675
4739
4575
4644
4740
4764
4850
4919
5005
4913
4704
4976
4856
4794
4770
4760
4939
4951
5142
5133
5123
5185
4883
4985
5118
5133
5080
5132
5213
5148
5441
5503
5547
5505
5285
5366
5267
5437
5241
5334
5400
5462
5685
5586
5536
5340
5099
5391
5308
5190
5122
5257
5501
5581
5780
5706
5968
5740
5589
6119
5884
5960
5906
5844
5833
5896
6123
6136
6166
5989
5503
6027
5967
5899
5809
5937
6093
6093
6216
6138
6244
6298
6010
6408
6272
6436
6135
6112
6324
6288
6428
6421
6479
6664
6455
6709
6855
6664
6387
6538
6584
6540
6836
6763
6737
6890
6624
6861
6688
6689
6385
6563
6664
6733
6942
6934
6881
6911
6695
6851
6679
6663
6444
6221
6340
6392
6645
6664
6803
6544
6285
6801
6612
6724
6604
6471
6525
6631
6689
6826
6868
6698
6350
6797
6569
6679
6598
6386
6509
6518
6878
6913
6910
6719
6357
6588
6668
6660
6603
6527
6695
6644
7060
7191
7007
6979
6828
7057
6780
7063
6633
6680
6553
6641
7146
7311
7551
7128
6811
6935
6362
6360
6238
6533
6528
6829
7350
7035
7111
7417
7042
7243
7204
6973
6993
6993
7109
7189
7539
7483
7713
7270
6998
7460
7240
7271
7022
7105
7299
7423
7645
7785
7692
7661
7495
7915
7809
7941
7728
7464
7737
8057
8202
8478
8484
8425
8144
8234
8329
8331
8220
8009
8174
8306
8376
8751
8764
8478
8210
8362
8452
8710
8279
8162
8279
8335
8467
