y
1414
1434
1507
1511
1557
1535
1548
1596
1590
1633
1583
1523
1507
1456
1535
1611
1566
1577
1612
1646
1727
1743
1605
1635
1585
1570
1650
1727
1672
1664
1726
1717
1773
1756
1743
1660
1617
1667
1696
1741
1684
1688
1712
1785
1804
1796
1760
1742
1778
1721
1794
1914
1850
1783
1809
1852
1880
1959
1878
1813
1812
1832
1835
1908
1970
1972
1947
2042
2108
2124
2138
1965
1941
1937
2030
2117
2065
2008
2073
2135
2166
2204
2128
2092
2072
2071
2169
2188
2191
2200
2166
2240
2314
2294
2211
2195
2137
2156
2261
2311
2347
2278
2316
2409
2565
2548
2437
2440
2370
2416
2519
2532
2557
2488
2457
2581
2673
2773
2709
2645
2628
2580
2640
2687
2728
2666
2748
2861
2840
2875
2925
2839
2778
2793
2800
2824
2870
2808
2762
2952
3042
3137
3058
2821
2811
2878
2733
2776
2800
2764
2745
2844
3020
3164
3083
2895
2843
2832
2922
3091
2906
2844
2841
2925
2979
2972
2934
2810
2903
2840
2948
2997
2974
2968
2876
2941
3183
3099
3109
2911
2922
2905
3032
3087
3014
2943
3007
3123
3158
3314
3172
3142
3153
3206
3104
3084
3175
3058
3061
3138
3367
3446
3400
3209
3170
3201
3220
3124
3059
2943
3079
3246
3390
3649
3416
3411
3180
3167
3273
3283
3218
3303
3156
3234
3566
3606
3372
3422
3254
3211
3382
3417
3365
3288
3299
3401
3536
3539
3473
3454
3240
3236
3443
3510
3377
3367
3270
3546
3730
3954
4034
3968
3702
3635
3763
3763
3780
3640
3596
3693
3815
4143
3908
3784
