y
86.9
491.2
861.5
1000.2
1002.1
1711.9
1698.5
2648.9
3450.9
1092.9
1371.6
386.3
109.0
35.5
314.3
465.4
1763.6
756.7
1135.4
1870.9
2788.0
1837.0
1687.8
1297.3
270.6
30.5
20.6
888.2
1615.8
1338.6
1827.5
2472.3
2129.8
3219.2
2470.5
2133.8
632.2
351.8
77.0
118.7
811.6
1686.9
2736.7
1441.2
2605.1
2144.2
2501.2
2324.0
1050.6
1482.0
753.4
134.8
90.5
843.0
1778.1
2519.0
2309.4
3908.1
2122.4
3171.6
3129.2
2378.4
1499.4
992.1
143.4
143.6
877.4
1099.6
1540.8
1593.3
2699.6
2185.8
3573.3
3014.6
2640.1
2066.6
1077.9
137.1
92.6
849.6
1795.7
2746.8
2791.8
3458.9
2514.2
3550.2
3503.8
2899.8
1922.4
986.0
158.3
90.4
907.4
1484.3
1150.1
2733.8
3692.4
2784.3
3966.7
3004.3
2924.8
1993.2
904.4
72.1
111.5
850.6
1528.1
1354.7
2771.7
2857.4
3049.2
2496.4
2164.9
2570.2
1662.4
777.9
86.4
11.7
101.6
107.9
291.7
768.5
1421.3
1300.6
2910.3
3284.2
634.3
1616.7
862.3
316.1
93.9
338.1
214.3
1793.1
3178.3
3650.2
3789.9
3745.4
3255.0
2484.0
1585.0
806.2
117.5
89.4
964.0
1677.1
1930.7
2766.2
3423.9
3922.9
3579.0
3302.0
2768.2
1935.0
892.6
134.2
83.8
900.5
1640.0
2162.3
3411.4
3874.9
3568.9
3732.3
3458.1
867.1
590.5
966.5
182.6
51.9
660.5
1859.7
2586.7
2404.6
3272.5
1823.0
1594.5
1419.6
2202.6
1567.1
1006.9
183.4
75.2
310.4
1068.9
2426.1
2936.4
2233.3
3266.5
3071.7
3596.6
2884.6
1964.1
1007.8
165.5
102.9
835.0
1477.8
1553.6
1923.5
3350.4
2056.5
2657.5
3302.1
2408.5
1197.1
1067.8
131.5
94.7
847.6
1405.6
2469.0
2863.3
3537.6
3852.1
3797.5
3455.1
2914.9
2229.6
1160.4
179.1
83.0
799.5
1295.2
1690.1
1895.9
3384.8
3995.7
3868.1
3361.0
2758.3
1932.1
1028.6
169.8
43.4
543.7
1145.9
2465.8
3059.2
3143.8
4015.6
3832.3
3032.5
2796.4
1984.0
443.5
121.3
47.1
723.4
1393.7
2588.3
3241.8
3514.2
2932.0
1671.3
2107.6
1547.9
1171.8
1164.9
288.2
113.0
764.5
2162.0
1701.9
1797.0
2978.7
2691.9
3182.0
2940.4
2083.3
1593.8
709.8
303.4
37.0
534.2
793.4
1965.0
1339.2
842.4
2619.7
2295.3
2298.0
2131.5
894.0
593.8
267.9
64.9
721.1
1762.0
2035.7
2247.2
1503.4
2319.2
3313.8
2524.8
1699.8
1367.4
396.1
29.7
28.5
405.4
1423.8
2214.4
2522.6
1398.5
2063.3
2573.8
2170.9
1655.3
220.4
79.7
19.5
32.5
158.8
488.4
605.6
752.7
1134.0
3017.6
1868.5
1416.6
1034.3
562.1
76.7
104.8
14.9
273.3
1006.6
1789.1
2159.2
1434.2
1819.2
2219.9
431.4
164.1
199.2
478.5
121.2
4.5
69.0
268.1
625.5
934.7
1232.5
1193.3
1467.5
1546.2
1660.1
1240.2
559.8
87.9
73.3
375.3
730.9
1579.4
2194.1
2563.7
3657.4
3848.3
3620.7
2800.5
1372.9
812.1
117.6
30.9
416.0
1412.7
1886.3
3027.2
3040.6
3533.1
3838.8
3429.5
2745.6
1938.7
1001.7
169.0
55.1
600.4
1554.5
2453.7
2688.9
3399.0
3806.4
3669.5
3345.0
2752.2
1888.3
964.6
162.0
51.2
669.7
1611.1
2469.2
3127.0
3576.1
3785.5
3708.2
3401.7
2763.1
1939.6
1002.7
168.5
56.5
735.5
1684.3
2567.0
3212.7
2903.5
3003.9
2237.4
2050.2
2894.5
1453.9
1163.3
180.4
17.7
160.0
668.5
766.4
2457.6
3099.5
3294.9
3676.6
3628.1
2943.9
1985.4
1035.7
154.1
51.4
408.7
859.1
1546.1
1533.6
1411.2
2098.2
2652.0
2485.0
2275.0
1912.5
938.3
167.3
30.1
532.3
1116.4
1793.0
2746.5
2934.2
3528.6
3461.7
3439.9
2809.2
1980.8
1038.7
177.8
35.9
681.8
1415.9
2010.6
3027.1
2991.1
3113.2
3414.6
2861.9
2668.5
2010.8
1040.8
172.9
36.3
609.0
1525.9
2039.3
2501.5
3055.5
3010.4
3100.7
3402.9
2766.5
1956.6
1018.8
181.8
40.3
504.7
770.6
1643.9
2915.5
2771.0
3222.1
3148.9
2893.8
2562.5
1786.8
946.1
146.1
39.9
227.1
1013.0
2337.5
3204.1
2599.0
3441.4
3625.0
2553.2
1918.6
2184.3
1047.7
133.9
17.2
184.8
721.0
2361.9
3163.1
3466.7
3632.4
3350.2
2282.8
1277.5
931.9
103.2
35.9
17.5
162.0
182.7
697.5
1265.1
1805.5
1865.4
2755.0
2458.7
1292.2
892.2
572.5
80.8
13.6
299.2
897.8
1658.6
2953.4
2946.3
3281.7
2656.1
2830.5
2902.0
1599.9
854.9
35.9
20.2
647.0
1903.0
1807.0
1402.5
2437.4
3056.6
2767.4
2793.5
2799.2
1879.2
1053.4
173.3
24.8
357.9
951.6
968.7
1189.6
2503.0
2342.9
1995.4
1958.9
2603.4
2220.9
1181.8
215.2
17.5
234.6
1031.1
1202.5
2486.7
3271.5
4025.6
3746.4
2497.0
1855.6
1533.3
589.5
129.0
54.8
687.4
1629.4
2505.9
3109.6
3330.4
2701.4
3268.5
2170.9
2367.6
1690.0
823.9
139.8
45.9
583.4
1592.2
2417.9
3123.3
3428.9
3509.4
3177.2
2180.2
1590.6
1522.6
988.8
207.3
47.6
708.1
1080.2
2196.9
3139.4
3215.1
2053.9
3652.4
2835.2
2551.3
1502.1
433.1
120.5
11.7
219.0
670.2
1233.1
1167.0
1934.9
1455.8
1326.0
2509.1
2701.3
2035.2
876.0
89.3
47.3
357.3
1029.5
1518.3
2450.2
2894.3
1332.6
1767.2
1409.3
788.6
911.2
838.0
93.2
3.6
111.5
278.9
451.8
1019.5
1160.3
2094.9
2516.2
2718.6
2808.7
1907.5
581.0
121.1
4.7
174.3
657.6
1374.8
1875.0
1705.3
1584.2
2883.5
2580.0
1934.8
1293.0
946.0
147.3
34.4
254.9
639.5
1335.6
1765.7
2990.1
2447.2
1928.4
2004.2
2313.8
1317.6
705.0
81.5
22.0
304.5
1014.0
1620.7
2494.4
2909.0
1932.4
2845.3
3276.4
2585.1
1996.9
894.7
64.5
24.2
467.9
1342.8
2502.6
2455.3
2834.0
3173.2
3346.1
3000.4
2389.7
1688.7
1014.3
133.2
18.4
227.0
668.1
1876.0
2536.0
2827.0
3373.9
2670.8
3131.4
1919.0
1465.3
950.0
97.7
58.4
643.2
1339.7
1600.8
2608.3
3547.7
2496.2
1975.1
2404.7
1613.4
1557.1
668.3
86.6
30.0
663.4
983.5
1443.9
2273.7
3392.8
3334.4
1960.2
2117.4
738.4
1312.3
872.2
93.0
29.5
239.9
1202.1
1668.7
2443.5
2125.8
2387.3
3147.6
3190.1
2547.7
2000.5
934.2
41.5
27.2
583.8
1156.2
1857.0
2664.7
3233.7
4012.3
2432.0
2303.9
1186.2
1476.9
488.1
61.1
48.3
35.5
191.8
402.0
1628.6
3887.7
2545.2
2546.3
2030.8
2099.0
962.5
771.9
83.7
13.1
270.1
859.7
2260.1
2906.0
3161.0
1999.4
2685.0
3131.0
2671.1
1585.0
325.8
89.4
7.2
77.1
345.7
442.3
1686.9
1298.4
2251.9
2490.4
1862.0
848.6
1416.1
1211.1
176.3
7.0
223.0
708.0
1389.3
2484.0
2917.4
3363.9
1574.8
1274.2
1273.4
1330.6
882.0
94.1
27.4
693.6
1257.2
2264.3
1958.6
2703.6
3911.0
3357.3
2988.5
2677.4
1936.5
974.1
115.1
39.9
565.3
1387.4
1829.6
2617.3
3393.7
3971.7
3427.9
2945.2
2620.1
1876.6
896.1
109.0
32.2
442.6
1409.3
1673.9
1969.8
3198.0
3172.1
3578.9
3086.4
2637.1
1807.1
874.1
113.9
38.1
381.4
1128.6
1961.0
1484.7
2236.5
2084.4
3678.7
3267.3
2384.2
1886.4
896.0
118.4
26.1
588.0
1107.5
1861.1
2363.7
3251.3
3136.2
3076.7
3424.2
2655.9
1912.4
885.0
99.0
43.3
699.6
1443.6
2166.6
2730.0
2858.8
2495.7
2959.8
3392.2
2657.5
1828.8
880.0
95.2
27.1
459.5
1676.1
2521.6
1362.3
2110.7
1889.7
2335.9
2444.2
1353.8
1363.8
578.4
23.8
29.7
364.4
948.1
1996.3
2188.2
3308.2
3754.3
2481.9
2758.4
2819.9
2040.3
327.6
31.3
20.0
203.2
473.0
1370.3
2007.8
1762.4
2029.8
3494.3
1613.5
696.4
441.5
121.6
28.8
27.6
228.5
214.7
1256.4
2426.8
3414.8
3203.9
2208.2
2525.2
2194.8
950.9
399.4
88.7
22.1
604.4
1042.5
1261.6
1732.6
2437.8
2892.2
2845.4
2474.2
2117.0
966.6
594.7
53.4
40.0
508.0
1111.8
2098.5
2422.8
3016.2
3629.6
3623.3
3273.1
2035.9
768.8
359.2
54.8
32.7
680.2
686.0
1480.5
2578.5
2853.5
3393.9
2608.6
3083.2
2503.7
2279.6
175.3
22.7
48.0
726.2
1613.7
1793.4
2380.1
3502.8
2924.5
2862.4
3095.3
2634.4
1750.2
781.6
72.8
28.7
516.3
1318.9
1574.7
2567.6
1810.4
3406.0
3740.3
3136.6
2599.2
1747.1
775.5
29.1
33.1
436.0
1370.9
2459.9
2807.0
3119.9
3411.0
3656.7
3205.1
2532.2
1680.4
751.6
69.1
36.9
625.9
1542.1
2457.6
3130.7
3060.5
3464.1
3120.8
3169.3
2610.7
1697.0
771.1
55.4
45.5
656.2
1644.9
2382.1
3018.0
3497.0
3637.0
3634.7
3219.0
2564.3
1720.0
772.4
52.5
53.5
604.9
1341.1
1405.6
2516.5
3499.1
3605.5
3288.8
3154.3
2555.7
1561.9
633.1
44.4
52.7
562.0
1507.2
2414.7
2930.1
3387.0
3556.2
3155.1
2504.5
2273.3
1734.6
725.1
46.1
59.9
615.9
1135.7
1897.7
2514.9
2750.5
3102.8
3084.9
2541.6
1100.5
1399.9
745.3
51.5
32.3
455.8
1611.6
2207.6
2795.7
2562.6
3521.8
3612.2
3153.9
2498.1
1627.3
726.1
39.7
32.4
619.1
1455.8
2051.3
3074.5
2950.5
3122.0
2372.6
2114.8
1562.7
837.9
107.5
25.0
48.5
681.5
893.3
2021.4
2494.3
3087.5
3202.1
3428.5
2508.9
1447.3
1465.0
642.3
45.6
25.8
326.5
589.8
644.3
1652.1
2229.6
3019.0
2910.3
2689.0
2241.0
1490.1
636.0
37.3
18.1
274.0
943.7
2002.0
2093.0
2497.7
2763.8
2389.6
2178.4
1562.3
701.1
252.2
11.3
59.1
727.6
1645.2
2486.9
2869.9
3013.2
3598.3
3674.0
3145.7
2349.3
1122.6
661.5
33.6
36.5
813.2
1977.4
1893.5
2434.6
2202.6
2086.1
2989.7
2143.7
2031.2
291.0
184.4
19.4
31.7
558.3
1398.8
852.3
2506.4
3404.9
3346.4
2727.8
1741.8
1483.4
1403.3
404.5
25.5
9.1
365.4
571.6
782.0
2682.3
3274.8
3256.2
3408.2
1968.6
1206.5
697.2
313.9
31.1
51.0
258.2
907.0
1073.6
1791.2
3272.0
3188.7
3238.4
2553.2
1841.2
1324.1
429.3
47.8
44.2
391.2
772.9
973.0
1241.3
1435.2
3585.3
2704.6
2680.3
2299.7
1565.5
632.9
15.4
54.9
724.4
1107.0
2172.8
2254.6
2768.5
2606.6
3175.0
3005.5
2263.5
1707.1
624.5
20.3
32.8
499.7
781.1
1818.4
1794.4
2336.6
3202.4
2741.7
3076.5
2535.2
1586.4
611.8
20.4
31.4
465.7
860.8
1951.3
2241.6
2710.9
3581.3
3419.7
2935.3
2070.0
1476.8
609.7
21.5
8.6
158.6
865.8
1425.9
2119.8
2564.3
1307.6
1726.0
1665.4
1542.1
1571.9
607.6
26.6
36.1
368.3
1216.0
1797.1
2114.1
2295.3
3421.9
3333.3
1744.5
2324.9
1145.2
262.0
15.4
55.9
299.9
978.7
2197.9
2862.6
2193.3
2737.2
2410.5
2469.3
1777.3
957.5
586.8
20.3
52.2
628.4
1495.0
1420.0
1881.3
2154.5
2713.9
3290.0
2332.3
1557.8
1568.9
711.7
16.1
35.0
689.4
905.3
1399.5
2509.2
2819.3
1839.1
2047.2
1502.4
1729.6
909.2
369.5
8.5
22.9
268.5
1111.0
1504.3
2215.0
1987.9
2263.8
2890.0
3117.7
2487.2
1560.7
527.8
11.6
33.6
583.0
1022.8
1773.8
3214.2
2495.3
2776.7
1949.9
2607.7
1709.2
1314.9
497.7
15.2
49.0
541.9
978.7
1050.6
2184.8
1797.3
3160.5
2817.1
2234.4
1584.5
1506.1
722.1
60.3
35.3
221.8
305.1
531.0
2142.2
1825.3
2527.7
2327.0
2378.8
1789.3
1253.9
475.9
6.2
52.2
843.9
1043.1
1179.0
1717.3
2467.1
3397.8
2550.5
2011.0
1069.5
624.9
208.5
9.4
30.1
238.8
578.7
1456.2
2045.4
2150.4
1974.4
1772.0
1182.5
1823.5
1156.4
523.4
26.8
26.5
584.7
1132.7
1253.7
2339.1
3403.4
3271.4
2819.3
2476.5
2101.1
991.8
251.5
4.0
36.9
380.6
855.3
2191.2
3114.6
2686.2
2208.2
1980.7
2686.1
1720.8
1112.5
474.1
17.7
44.7
475.2
1417.8
1559.5
1862.7
2380.0
2408.5
2653.6
2683.0
2031.1
1408.3
507.9
14.6
40.1
403.9
959.3
1423.9
1837.4
2518.4
2212.8
2292.5
3142.9
1668.5
806.2
366.6
11.4
22.1
215.6
596.7
1292.9
1984.4
1859.3
2323.2
2501.2
2864.4
2107.0
1191.4
480.8
7.7
27.5
619.4
1109.0
2001.1
2584.4
2366.5
2141.6
2958.0
2291.9
2123.6
1355.6
456.8
6.2
26.9
467.2
854.7
1090.2
1564.0
2353.5
2752.4
2892.6
2770.8
2102.0
1067.9
438.0
9.6
51.5
569.3
1058.6
1058.9
1924.0
2422.6
2709.0
2907.9
2394.5
1407.5
693.4
401.0
12.2
20.2
329.2
983.7
747.8
2280.6
2716.8
2352.9
2710.5
1903.6
1165.0
1227.6
419.8
11.4
31.4
322.5
1232.1
1728.7
1973.3
2719.3
3195.7
2977.1
2694.3
2260.8
1236.8
452.8
8.9
33.7
658.8
1561.6
1876.1
2145.1
3105.5
3330.3
2430.8
1892.5
1706.1
1231.0
463.6
4.8
28.5
474.9
671.4
1370.6
1824.9
2591.9
2726.7
1863.2
1746.5
1760.3
1254.5
427.2
5.1
18.7
651.1
1347.8
1810.2
2728.5
2923.1
2942.4
2434.2
1652.8
1392.8
1388.5
238.2
6.4
43.8
354.7
649.1
1590.3
2799.1
3292.8
3040.3
2845.4
2131.7
1977.9
1105.8
378.7
5.9
23.6
383.9
576.1
698.1
1209.3
1975.4
2256.4
2167.7
1351.7
1406.6
1227.0
216.3
5.9
48.6
293.1
951.2
1780.9
2850.5
3143.8
3338.2
2871.3
2866.0
2124.0
1172.5
377.4
9.8
34.6
347.4
818.3
1814.8
1941.2
2592.0
2374.1
2843.1
1445.4
1935.7
1048.0
410.7
8.0
20.2
184.7
517.2
2095.4
899.7
909.0
1613.9
1324.1
1053.5
1253.1
672.9
228.9
2.6
36.6
380.5
724.2
771.4
1422.0
1368.6
2122.9
2448.6
2406.3
1746.1
1031.0
309.7
6.9
18.7
124.7
469.9
1499.5
1251.2
2202.1
1411.1
1591.6
1824.5
1351.2
1158.5
270.0
8.2
46.4
408.1
1038.5
1775.1
2276.3
2460.7
3048.1
2827.7
2354.2
2006.8
1185.6
183.1
0.3
41.3
539.0
1374.3
1645.9
1933.6
1132.6
1827.0
1997.5
1766.1
1408.6
1228.3
266.8
4.4
15.1
133.1
616.7
1096.4
1139.3
1379.2
1855.6
2843.0
2549.4
1641.6
1229.1
363.6
2.1
30.3
330.2
830.3
2303.1
2885.0
2545.3
3236.7
2472.7
2584.7
1786.0
807.0
363.9
1.7
39.9
703.4
1193.2
2314.5
2539.4
2868.5
2994.7
3037.0
2400.6
1720.2
957.4
361.0
4.0
36.9
688.7
1094.6
2506.6
2870.2
3190.7
3254.6
3038.3
2658.9
2045.6
1232.4
359.8
2.3
19.0
288.0
665.9
1477.5
1256.1
1602.2
2640.9
2758.7
1907.5
1447.3
1222.7
358.2
2.4
27.7
590.0
1394.4
1978.1
2556.0
3186.5
3246.3
2942.5
2650.4
1994.4
1210.9
345.9
2.2
30.3
269.6
562.5
1000.5
1306.9
1980.1
1543.0
1429.7
958.9
908.7
515.1
187.1
1.2
25.8
297.5
667.1
946.1
1720.2
2630.8
2900.4
2145.8
1708.0
1347.9
741.7
230.4
3.2
12.5
129.8
599.9
809.6
979.4
1988.3
1652.7
1528.3
1333.5
1155.7
1192.5
351.4
2.2
35.2
645.7
1289.5
2009.7
2199.9
2712.3
2198.2
1908.0
2113.4
1369.8
783.9
199.4
1.0
31.8
550.6
1096.0
1491.4
2319.3
3094.5
2268.5
2695.7
2621.2
1884.5
1181.9
338.5
1.2
25.4
272.6
738.6
920.7
2067.9
1358.4
1407.8
1655.3
2208.8
1396.0
1204.0
347.5
187.4
27.3
410.7
1523.1
2301.8
2688.4
2419.9
2081.4
2269.6
1938.1
1967.9
1088.7
345.2
2.4
27.5
490.7
881.9
1066.9
1308.8
1137.5
1472.0
1749.5
1648.4
1591.6
1044.8
356.7
2.4
34.5
573.4
1444.2
2282.4
2265.9
1814.9
2041.3
2414.3
2400.7
1511.1
1196.7
327.2
0.6
26.0
588.5
1148.8
1951.0
2315.6
2653.9
2521.0
2699.1
2379.0
1778.0
1176.1
353.0
1.2
22.5
404.7
827.1
1473.5
1402.8
1378.7
1691.7
1510.2
2274.5
1067.2
898.0
356.1
1.3
17.5
280.9
778.0
1143.8
1445.9
2026.2
2119.7
2249.5
2779.1
1867.5
1172.0
355.3
1.1
21.4
383.8
1093.3
2033.2
2156.3
2828.9
3237.5
2995.6
2591.6
1870.5
1219.4
353.8
1.1
20.5
609.7
1094.7
1941.5
2719.8
3088.2
3157.8
2726.2
1864.8
1540.4
1191.2
386.4
2.3
20.8
592.3
1253.7
1542.3
2055.1
1908.2
2042.7
1961.7
1046.3
927.9
530.0
123.1
71.5
19.9
193.4
684.9
1123.2
1590.1
1313.8
1828.1
2062.5
2272.6
1547.0
972.5
214.3
5.6
30.9
389.2
677.8
1303.5
1159.5
3188.4
2844.6
2672.5
2238.8
1627.5
1147.0
342.5
1.1
10.7
234.8
639.8
1045.4
1082.9
2634.6
1594.5
1419.2
1889.9
1675.3
892.9
271.9
3.7
25.1
278.7
1003.4
1294.7
1573.0
1966.5
1944.3
1428.4
1879.5
1024.5
925.3
281.3
2.7
23.4
520.8
1137.7
1560.7
1441.5
1233.1
1327.4
1382.2
665.8
531.1
610.6
185.8
3.6
13.7
339.9
1189.8
1223.0
1183.0
1764.9
1915.8
1518.0
1975.9
1166.5
647.7
212.4
3.8
11.5
198.3
498.4
1086.6
1333.0
1296.9
1915.7
2199.1
1664.9
1285.2
1051.3
220.1
2.0
21.0
313.8
810.5
1730.5
2369.0
2458.5
2744.0
2339.8
2128.2
1804.2
1114.1
356.9
3.8
19.0
243.0
594.0
963.5
1394.9
2018.3
2352.6
2688.0
2395.1
1897.5
1073.2
319.7
2.5
42.8
547.6
918.8
1818.6
2386.8
2999.5
3164.8
2369.0
2357.2
1537.6
1083.6
375.6
5.9
17.6
236.1
452.1
1028.6
1260.6
1320.1
1868.2
1982.8
1840.0
1284.5
929.9
387.7
7.6
17.5
306.9
654.4
1087.4
1042.2
1258.8
1298.0
1989.6
1394.5
852.2
434.6
156.9
2.7
12.4
213.7
613.6
1082.6
1992.9
2224.0
2796.5
1889.9
1789.7
1816.8
1128.0
336.0
2.8
16.9
458.8
660.1
690.1
1302.0
1695.0
1181.4
1132.5
934.2
903.9
267.8
88.7
1.3
19.0
524.0
1248.4
1348.0
1494.6
2138.9
3041.3
2371.5
2184.8
1877.9
1140.1
362.0
3.3
9.1
433.0
935.8
1727.0
2352.3
2804.4
3055.4
2905.1
2500.1
1859.7
1139.8
330.4
3.9
12.9
278.4
624.8
1066.1
1836.4
1388.6
1503.2
1410.1
1474.6
1192.7
801.4
399.2
4.3
15.4
484.3
1102.8
2215.5
2617.4
2998.9
3111.2
3084.3
2296.7
1592.7
816.9
271.5
7.1
13.5
155.6
401.7
1020.7
1285.7
1575.5
1819.4
2184.8
1987.9
1248.6
750.0
272.8
2.9
10.8
411.8
979.1
1010.7
1430.5
2243.7
2205.1
2404.1
1960.5
1298.1
696.7
203.0
4.8
9.3
234.1
355.7
974.6
1468.5
1378.7
1156.5
1034.1
833.0
885.4
420.6
240.6
5.5
11.4
298.5
994.9
1457.2
2230.6
2712.8
2801.0
1796.8
1859.2
1318.5
589.8
242.9
3.2
21.2
204.1
783.5
1012.5
1658.1
2718.1
1900.9
2461.3
2594.7
1813.4
1056.5
382.6
4.5
13.1
411.3
799.5
1303.3
2273.1
3015.3
3201.7
2335.8
1601.4
1677.3
1261.5
471.6
8.0
9.8
241.1
560.4
1010.8
1420.4
987.0
1287.7
1349.8
844.6
1045.2
619.3
237.9
6.4
12.7
475.8
1316.1
2055.4
2604.4
2950.1
3106.9
2955.0
2568.5
1994.7
1191.2
385.1
4.8
13.0
483.4
1343.2
2087.1
2632.8
2871.7
3072.3
2944.7
2577.4
1929.3
1189.9
394.2
5.4
11.5
497.4
1343.2
2086.9
2627.8
2955.0
3051.1
2914.0
2566.6
1970.7
1032.9
328.9
10.4
11.1
501.8
1362.8
2099.5
2653.6
2991.1
3104.1
2969.0
2572.7
1947.8
1214.7
405.2
4.7
11.8
403.4
1002.4
2135.8
2537.2
3069.7
2924.1
2538.6
1982.3
1445.1
1027.5
292.0
7.5
10.8
397.9
929.9
2028.6
2604.6
2983.0
3082.8
2614.0
2558.8
1968.2
1217.0
303.5
7.4
8.3
168.9
773.6
891.6
1977.9
1376.0
2175.8
2491.7
1832.6
747.5
421.1
150.0
2.9
13.5
520.5
1055.8
2026.4
956.4
2963.4
3081.4
2959.4
2397.8
1940.9
1174.4
427.0
8.9
9.7
335.8
1261.5
1633.6
2303.6
2840.4
2532.5
1952.7
1471.2
875.5
779.5
239.0
9.3
7.6
140.4
465.9
1438.2
2211.3
2414.4
1255.4
1261.8
1330.5
616.0
550.3
209.9
5.2
7.5
196.9
925.2
1188.3
1022.2
954.6
963.8
658.1
829.8
911.5
861.7
250.6
6.8
10.5
492.5
1115.1
1385.9
1367.9
1143.4
935.9
1427.1
1801.8
1660.7
1103.0
424.6
7.7
9.0
267.0
1213.7
1258.0
755.0
1308.0
2400.7
2589.9
2231.1
1466.4
997.5
431.8
11.0
4.3
169.2
413.0
1047.3
1688.3
2965.7
2311.0
1968.5
1661.4
1204.6
702.0
316.2
8.2
11.3
402.0
1026.1
1030.1
2432.6
2889.4
3130.3
2984.4
2618.1
2012.2
1043.3
261.2
17.5
6.0
217.1
644.9
606.8
1026.4
976.6
1203.7
2558.3
2319.8
1783.4
525.6
136.5
6.6
19.5
504.1
1172.0
2038.1
2940.1
2927.6
2319.3
2780.0
2554.9
2075.1
1289.9
454.6
13.4
7.6
266.3
846.0
2248.7
2606.2
2975.0
3143.1
3076.7
2148.6
1569.4
1230.8
354.1
12.0
11.2
315.0
1206.3
1115.9
1507.8
2762.1
3217.9
3071.5
2684.6
2072.4
1309.8
471.0
10.2
6.8
323.5
1030.0
2220.7
1984.1
2588.6
2309.2
1714.7
1493.9
1034.7
890.6
457.4
12.7
5.9
271.8
1047.9
755.8
1659.7
2406.0
2097.5
2406.7
2449.9
1837.3
813.3
250.6
9.1
15.7
346.0
752.7
959.5
1775.0
1516.8
1994.6
2022.7
976.9
864.0
732.9
361.2
10.1
12.6
373.9
1181.2
1629.0
1306.3
1636.3
1674.8
1812.5
1534.2
1381.4
724.1
251.4
12.5
8.7
356.7
830.1
1011.1
1619.6
2731.3
2622.9
2363.1
2044.5
2145.7
985.3
456.6
10.2
13.1
401.3
1139.9
1225.0
2183.4
2536.8
1963.7
2112.5
1685.6
1201.4
1080.7
449.8
10.2
14.0
488.9
1292.2
2070.8
2531.9
2985.5
2540.1
2461.7
2456.7
1178.0
1024.7
426.5
11.1
12.0
470.3
999.2
1089.4
1467.9
2013.3
2374.3
2332.8
1933.7
1598.6
1097.3
408.0
11.5
7.3
140.9
522.2
904.4
1760.3
1790.3
1729.4
1897.9
1288.4
1043.7
780.9
387.7
12.2
8.3
229.6
597.4
816.3
1771.1
2083.1
1959.1
2582.6
2631.6
2150.2
1339.6
479.7
10.8
16.9
244.1
656.4
1452.6
1641.7
1907.0
2644.5
2796.8
2094.0
1906.1
1168.7
414.1
10.2
20.2
368.4
1032.4
1248.3
1634.3
1796.2
2072.5
2373.8
2739.4
2013.8
1265.6
392.3
10.2
14.7
504.9
1354.6
1963.9
2075.3
2022.2
2050.2
2711.8
2566.5
2057.2
1284.9
452.1
10.9
11.2
529.0
675.6
760.0
1453.9
2496.8
1833.8
1841.6
2207.1
1746.7
1253.0
415.1
14.0
11.9
240.5
563.2
653.5
2105.5
2329.7
2114.9
2535.1
2491.8
2013.8
1348.9
434.6
12.7
15.5
359.6
1191.4
2158.5
2747.9
3112.1
3202.1
3075.9
2667.5
2040.7
1265.2
435.6
13.9
10.2
218.8
478.0
882.8
832.1
1435.4
1505.9
1383.0
2240.9
1310.7
892.3
420.6
17.0
4.1
411.6
1064.1
1843.4
1812.9
2788.5
3102.6
3212.5
2809.8
2151.5
1261.4
413.2
18.4
9.8
187.2
1407.8
1459.4
2364.2
3158.8
3313.9
3224.3
2835.3
2107.2
1384.0
492.8
15.7
7.1
228.0
729.1
1183.4
1442.9
1878.4
2273.0
2061.2
1829.4
1673.9
1038.1
483.5
14.0
21.0
432.1
775.4
1343.4
2717.2
3255.5
3375.8
3253.2
2832.2
2124.6
1331.2
499.4
13.7
26.2
601.2
790.1
1716.4
2398.9
2557.8
2850.2
2184.1
2182.3
1673.7
1453.0
479.0
13.8
9.2
117.8
529.3
767.9
2064.0
2310.7
3112.3
2931.0
2776.5
2154.1
1369.0
495.2
13.0
27.5
613.2
1456.7
2305.7
2894.0
3247.9
3239.5
3219.4
2795.9
2180.4
1388.4
505.8
13.4
12.8
236.2
622.7
972.1
2409.8
3018.0
3183.3
3227.5
2795.5
2132.8
1383.4
503.1
11.7
29.9
631.6
1526.3
2308.9
2898.7
3237.7
3322.1
3196.1
2739.5
2178.4
1385.2
494.6
5.4
30.8
632.1
1524.6
2303.0
2889.7
3231.7
3328.7
3186.2
2821.5
2179.1
1410.0
507.3
10.7
29.7
532.5
1497.6
1995.7
2965.3
3203.6
3294.2
3158.5
2795.2
2163.3
1369.8
490.5
11.2
28.6
615.4
1508.3
2297.5
2881.8
3232.1
3317.0
3176.2
2806.6
2165.1
1358.9
472.1
13.0
19.8
383.5
712.0
1555.2
1994.9
3012.0
3052.5
2876.9
2669.4
2009.5
1267.3
436.6
13.1
27.2
523.3
1320.7
1529.8
2431.5
2778.4
2993.2
3041.4
2470.7
1993.4
1223.6
415.8
12.8
24.0
599.5
1081.4
1094.3
1473.5
2233.9
2564.6
2781.9
2081.1
2060.2
1203.4
509.0
13.2
24.7
648.5
1051.7
1389.5
2011.0
2312.2
2461.7
1961.7
2096.3
1970.3
1427.3
555.9
14.1
46.1
732.2
1075.9
2206.6
2115.3
2723.7
2256.9
2597.2
1810.1
1984.0
1030.2
507.5
12.4
32.3
313.9
887.0
1731.9
2798.0
3048.6
2561.9
2224.9
1775.2
1510.3
841.6
402.7
15.1
47.1
291.6
1026.5
2117.1
2548.1
3535.0
3112.2
2942.6
2841.9
2171.6
1291.5
428.3
12.4
35.0
571.3
1315.7
2260.5
2831.5
3140.5
3162.2
3056.1
2642.9
2041.2
1259.3
433.4
12.6
27.8
322.7
875.7
1220.5
1440.5
2151.0
1917.7
2403.2
2615.9
1928.6
1181.2
407.1
12.5
13.7
319.2
1064.5
1549.8
1868.4
2209.9
2492.0
2858.9
2558.5
1741.8
1244.7
395.8
15.7
37.3
535.2
1434.8
2008.0
2208.8
3046.0
3001.6
2511.5
2027.1
1582.2
1129.6
418.0
11.6
16.6
424.7
1210.9
1865.4
2484.0
3063.0
3095.9
3063.5
2703.7
2093.0
1234.6
415.2
11.2
47.0
511.4
1424.4
2312.9
2872.2
3174.3
3260.9
3111.9
2693.4
2115.1
1316.2
458.8
10.9
47.5
600.6
1477.6
2335.5
2930.7
2866.0
2736.9
2919.1
2702.8
2120.7
1326.9
464.6
11.0
48.7
600.4
1316.4
2265.7
2945.1
3139.4
2516.4
2516.6
2173.1
1390.3
1176.1
489.5
11.3
41.6
385.3
917.2
1474.0
1688.0
2347.0
3268.1
3265.2
2830.6
2239.2
1417.7
510.0
11.6
57.4
701.6
1437.3
1974.1
3138.1
2714.6
3242.5
3178.9
2666.4
1737.6
1322.1
518.5
16.8
80.8
792.8
1741.7
2575.7
3099.9
3339.0
3351.4
3114.0
2773.6
2244.9
1431.9
529.2
11.3
79.9
773.5
1765.6
1806.3
2412.2
2142.6
2369.3
2791.8
2231.5
1845.2
1256.5
519.2
11.5
87.9
779.8
1490.6
1968.8
3162.7
3421.4
3437.4
3268.4
2860.7
2255.1
1436.7
518.2
11.1
84.7
759.0
1738.3
2575.9
3135.2
3419.7
3419.9
3250.6
2842.7
2248.2
1422.6
522.2
11.1
87.2
754.1
1740.3
2569.1
3135.7
3386.8
3409.1
3219.5
2819.7
2245.4
1440.5
536.3
9.8
78.3
541.0
1522.6
2409.5
3110.0
3369.4
3372.0
3197.1
2775.4
2209.5
1416.7
510.6
9.0
91.0
714.1
1358.6
2456.3
3045.5
3190.9
3356.3
3174.3
2769.9
2166.7
1343.7
480.3
11.1
94.3
731.4
1432.8
1952.4
2278.2
3179.3
3189.4
2539.9
2400.7
2041.4
1267.1
480.8
11.8
67.3
728.8
1617.5
1071.5
1390.8
2183.0
2430.3
3101.8
2733.9
2085.6
1144.6
442.8
15.7
70.9
617.1
1400.4
2081.3
2077.7
3290.4
3154.2
3034.9
2542.3
1899.9
1383.0
535.7
9.8
71.8
341.9
1055.9
2687.1
3141.2
3361.4
3399.6
2984.2
2618.9
2211.1
1393.4
501.0
10.5
68.7
426.6
1139.3
2414.6
2622.4
3438.7
3408.1
3209.7
2816.8
2246.3
1442.1
527.9
9.4
73.3
351.8
1602.2
2245.3
3328.8
3453.1
3438.3
3227.2
2798.4
2246.4
1399.3
524.7
10.7
35.5
234.4
371.8
1254.8
1716.9
2660.4
2773.5
2476.8
2484.8
2004.9
1105.3
535.2
8.5
33.1
340.1
576.2
862.1
1403.7
2187.5
2900.5
3126.0
2606.3
2216.0
1436.2
522.6
8.5
133.8
809.3
1749.5
2209.4
3246.0
3351.5
3354.3
3110.9
2980.4
2066.6
1354.1
483.1
9.4
131.4
820.7
1847.1
2551.2
3211.8
3401.8
3348.8
3165.9
2775.1
2193.3
1378.8
481.1
9.3
150.2
835.5
1866.4
2701.1
3228.3
3410.8
3373.0
3168.2
2754.1
2185.3
1378.1
484.1
8.6
143.4
824.8
1765.8
2301.1
2979.0
3237.7
2723.8
2267.1
2373.2
2302.1
1347.3
481.4
8.5
146.2
610.7
1096.8
1041.3
1713.7
2035.2
2556.5
2615.3
2639.5
2202.5
1382.3
483.3
8.1
97.9
717.0
1298.9
2370.3
3228.7
3411.2
3373.8
3169.3
2772.5
2200.5
1401.0
500.9
7.0
48.9
483.9
1111.9
2194.2
3248.3
3407.6
3372.4
3160.6
2764.8
2194.3
1398.2
498.6
7.4
159.1
728.8
1524.0
2825.4
3159.1
3448.4
3363.8
3139.2
2733.2
2161.9
1366.5
483.8
7.1
127.8
700.4
1401.9
2143.9
3106.3
3408.1
3346.2
3125.7
2665.6
2167.6
1359.7
469.6
14.0
162.7
596.6
1447.2
2149.1
2920.0
3233.7
3005.4
2778.9
2457.4
1945.5
1156.9
340.7
16.5
103.5
651.4
1377.6
2329.4
3022.8
3140.7
2880.5
2766.4
2636.3
2121.0
1323.3
464.1
7.4
147.0
716.2
1184.8
2209.5
2994.1
3324.9
3416.8
2976.3
2723.2
2208.5
1370.0
512.4
6.4
145.5
725.9
2017.4
2482.9
3215.7
3453.2
3395.5
3137.9
2741.9
2167.9
1355.3
470.2
6.4
171.2
898.4
1938.8
2755.1
3210.0
3428.8
3353.9
3094.9
2713.4
2125.4
1301.4
412.3
6.6
120.5
772.3
1740.1
2189.1
1822.7
1727.5
1961.6
1942.4
1681.4
1673.7
1161.7
459.9
7.3
92.4
467.1
1164.9
1778.4
2443.1
2429.2
3076.1
2786.1
2780.5
2173.1
1270.7
299.6
4.4
198.1
1022.3
2011.6
2724.7
3322.1
3605.4
3587.6
3261.1
2802.4
2195.4
1311.0
428.5
4.5
211.6
1021.2
1553.0
2168.0
3332.8
3571.3
3578.8
3282.6
2769.1
2167.9
1305.9
457.1
4.8
215.0
915.5
1892.5
2726.0
3131.3
3456.0
3570.3
3280.0
2734.2
2065.5
1278.9
413.1
5.7
139.4
954.3
1834.8
2421.4
3217.6
3599.4
3580.7
3269.5
2768.7
2153.6
1292.6
400.4
5.1
239.0
1064.3
1979.5
2840.0
3279.7
3579.8
3560.5
3247.0
2731.0
2099.9
1226.5
418.6
6.9
209.8
999.5
1978.2
2785.9
3315.6
3574.5
3558.0
3247.1
2733.6
2102.3
1242.1
427.6
6.4
219.4
708.9
1663.2
2733.8
3382.4
3623.8
3614.4
3303.6
2800.0
2175.4
1291.1
437.1
4.9
128.5
753.4
1616.6
2590.4
2592.7
2388.6
3443.2
3299.8
2764.1
2157.6
1291.0
430.7
4.3
266.3
1108.1
2105.7
2915.0
3424.2
3645.4
3567.0
3251.1
2783.9
2175.8
1293.8
420.1
4.9
252.8
1072.1
2060.0
2839.1
3359.8
3565.3
3519.7
3329.9
2680.7
2151.2
1281.4
377.7
5.4
94.8
320.5
985.0
2465.5
2749.5
3213.5
3505.0
3196.0
2728.9
2130.9
1290.0
338.9
5.4
268.0
1084.3
2096.4
2904.2
3452.9
3665.6
3609.6
3307.4
2801.9
2191.2
1319.5
294.2
4.8
246.1
1043.4
1988.2
2831.8
3352.0
3575.3
3518.8
3220.5
2744.6
2053.3
1191.4
289.7
4.5
112.9
550.1
1678.6
2023.8
3111.2
3341.7
3437.3
3219.7
2514.0
1690.3
1051.8
317.2
5.2
300.1
1038.5
1886.1
2633.5
2605.5
3637.4
3596.8
3036.5
2802.9
2039.4
1307.5
334.2
5.0
269.1
768.6
1215.0
1950.3
2787.5
3019.4
2234.6
3103.0
2762.2
2064.0
1254.6
408.7
5.4
134.0
443.8
695.5
2497.0
2207.5
1627.9
2400.0
2276.1
1533.6
1731.2
1277.8
351.2
0.9
40.6
173.2
214.7
257.1
955.9
2103.5
2889.9
2324.4
1712.6
1872.8
1594.2
459.9
3.8
225.5
1018.5
1895.1
2591.0
2293.1
2024.1
3946.5
3042.2
3328.2
2544.4
1493.2
479.3
5.3
176.2
691.3
1289.2
2264.3
2907.5
3390.1
2488.4
1872.6
1403.0
1824.2
1074.9
453.8
7.4
286.6
1131.9
2134.7
2866.8
3424.3
3560.6
3648.2
3133.7
3054.2
2205.2
1101.1
290.5
7.3
313.5
1088.8
2034.3
2953.0
3526.1
3804.7
3781.8
3496.4
3032.6
2277.9
1378.3
447.4
5.7
316.1
759.7
1557.3
2416.1
3475.4
3804.9
3783.5
3479.5
3039.6
2300.1
1396.4
456.9
5.5
318.9
1126.5
1873.8
2847.7
2752.2
2961.3
3771.6
3462.2
3017.4
2282.2
1389.6
455.5
6.3
319.9
1172.7
2163.1
2961.4
3496.0
3759.1
3749.4
3445.2
2993.5
2277.6
1397.9
466.5
5.0
325.9
1187.0
2181.1
2974.0
3507.8
3773.0
3773.1
3487.5
3020.0
2264.2
1367.4
448.8
6.4
338.1
1217.4
2235.4
3046.1
3568.6
3813.8
3791.3
3482.8
3023.3
2329.6
1394.6
454.9
5.9
337.5
453.8
1376.5
2028.5
2535.2
3678.9
3783.0
3474.4
2915.4
2254.6
1436.2
469.7
5.4
350.1
1270.3
2033.8
2783.2
3565.4
3837.6
3827.9
3423.0
3057.1
2329.5
1428.5
471.8
5.1
287.2
1217.1
2211.2
3004.5
3530.8
3785.5
3762.8
3500.6
3033.8
2291.6
1403.1
462.9
5.9
208.0
1068.7
1969.2
2900.5
3383.9
3817.1
3671.6
3358.6
2898.2
2268.8
1193.0
331.0
4.8
182.7
530.3
1662.2
2317.1
3387.3
3672.3
3629.0
3330.0
2912.4
2206.8
1321.1
448.9
9.5
346.7
806.2
1229.9
1381.5
2430.0
3151.5
2658.3
3046.1
2539.9
2225.2
1382.8
462.0
6.4
359.2
1218.2
2163.2
2995.4
3516.5
3734.8
3715.1
3392.2
2968.7
2264.4
1401.5
419.8
4.7
340.4
1185.7
2178.7
2962.4
3507.6
3752.1
3709.3
3399.4
2978.0
2277.3
1399.7
469.4
7.3
361.4
1097.4
2213.4
2967.9
3489.0
3710.5
3682.1
3397.9
2944.0
2217.6
1343.1
450.1
8.0
355.0
1175.3
2192.0
2980.2
3510.0
3723.3
3682.4
3399.8
2985.2
2305.2
1489.9
472.2
8.1
336.5
1092.8
1599.0
1789.5
2833.3
3779.1
3742.7
3366.0
2925.5
2241.9
1380.8
432.5
10.9
340.9
1175.2
2154.9
2936.2
3462.6
3696.4
3616.0
3173.1
2972.1
2264.6
1349.5
454.9
9.8
333.8
1138.3
2042.1
2701.7
3120.3
3148.2
3511.9
2719.2
2504.6
2314.2
1371.0
447.4
8.9
325.2
1180.6
2141.7
2923.4
3419.1
3605.6
3600.4
3373.7
2944.9
2291.9
1417.5
513.5
8.7
356.1
947.1
2147.7
2100.3
3402.1
2397.2
2422.6
1949.5
1578.8
994.7
885.4
131.1
1.7
216.7
321.2
158.2
741.8
1126.4
1712.5
3508.9
2920.4
2788.7
2270.8
1141.5
253.6
10.8
102.7
218.5
1050.5
1348.8
2059.3
3754.6
3652.1
3251.9
2657.1
2215.8
1422.5
529.8
14.5
386.1
1304.5
2057.6
2878.8
3314.1
3791.9
3784.3
3560.7
3046.4
2342.9
1453.9
501.1
5.5
400.5
1322.6
2132.0
2655.1
3395.0
3810.0
3772.5
3583.4
3089.0
2369.4
1481.1
519.9
10.5
168.4
746.4
444.7
1386.0
2261.8
3234.3
3112.2
3360.7
2928.8
2318.7
1491.8
524.7
10.6
305.3
851.9
1213.9
1878.1
2180.7
3329.7
3564.9
3493.9
3080.8
2343.8
1472.1
516.1
10.9
302.6
630.7
1248.9
1833.8
2392.9
3381.4
3703.3
3573.1
3173.5
2280.4
1474.5
520.8
12.0
374.9
1264.7
2179.1
2944.5
3466.8
3742.0
3771.7
3643.4
3051.4
2222.3
1337.7
406.2
15.4
352.5
1222.7
1940.9
2633.5
3014.0
3233.3
3682.1
3554.3
3050.0
2302.9
1425.8
496.4
20.2
328.2
1140.9
2112.1
2862.6
3331.3
3791.1
3437.6
2342.1
2957.3
2331.7
1462.1
475.6
18.0
319.2
1194.2
2100.3
2857.4
3412.9
3367.4
2986.7
3592.9
2859.1
2524.0
702.7
611.9
25.3
346.3
1236.4
2131.6
2895.0
3431.8
3697.3
3533.8
3444.2
1728.3
1215.4
1492.8
408.1
2.9
165.6
613.3
1096.2
2468.7
3317.9
3345.2
3827.5
3537.6
3004.7
2298.0
1410.0
355.6
5.6
10.4
19.4
100.9
530.1
1333.8
1263.1
1701.9
2185.2
2677.2
2271.1
843.6
221.9
10.5
22.3
262.9
468.4
821.1
1964.9
2541.2
2591.5
2770.7
2753.9
1551.1
829.6
374.9
27.6
376.1
956.9
2123.2
2801.4
3387.5
3704.5
3675.7
3496.9
3032.5
2347.0
1493.4
564.6
13.3
368.2
1283.7
2197.9
2951.9
3462.6
3716.6
3709.2
3523.1
2999.7
2219.0
1532.6
587.9
17.1
354.1
1254.5
2156.9
2918.6
3467.8
3757.1
3700.6
3513.3
3040.3
2356.4
1496.8
547.6
23.9
361.5
1210.7
2116.5
2879.6
3430.0
3718.0
3668.5
3497.4
3045.6
2392.2
1533.2
597.5
19.8
315.0
1194.3
1833.0
2884.2
3448.1
3486.0
3578.4
3463.3
2983.5
2186.8
1443.6
556.9
20.9
129.0
962.3
991.4
2030.5
3236.2
3828.8
3622.8
3522.5
3118.8
2263.8
1490.9
598.0
24.5
296.3
897.2
1408.2
2303.6
3368.9
3811.5
3167.9
3651.7
2933.4
2314.9
1406.1
511.3
18.0
181.0
578.3
1155.3
2002.9
2806.3
3870.3
3786.4
3729.4
3259.2
2566.0
1729.1
840.8
39.2
122.8
399.8
1764.6
1624.4
1473.0
1621.1
2777.1
1973.3
2640.8
1271.5
1036.4
426.6
39.7
331.8
981.5
1309.9
1865.3
3464.8
3887.8
3488.3
3547.4
2961.4
2082.4
1294.6
372.8
51.9
249.8
1247.3
1239.4
1298.8
2928.1
3075.5
2910.6
2553.3
2554.8
1134.9
571.9
224.7
26.6
198.5
540.4
1232.9
1530.2
2375.1
2591.2
3177.5
2928.9
3106.0
1561.7
1202.5
669.5
45.5
311.6
1131.2
2042.7
2918.7
3469.8
3699.6
3709.9
3526.3
3106.4
2441.1
1584.0
655.2
37.1
308.6
1163.8
2071.8
2833.7
3386.0
3686.3
3748.9
3477.1
3092.1
2444.2
1589.1
665.3
42.0
308.1
1168.7
2084.3
2833.0
3369.7
3654.4
3627.3
3500.3
3095.8
2431.3
1515.4
674.5
41.9
300.3
1140.6
2044.5
2793.6
3344.9
3618.9
3741.5
3080.6
3180.5
2493.0
1577.6
684.7
45.7
119.7
448.7
949.5
1911.9
3213.7
3486.1
3597.0
3459.1
3034.7
2373.2
1565.8
669.6
47.9
195.4
1113.4
1967.1
1640.2
2848.4
2999.7
3299.3
3399.2
3036.3
2226.1
1555.3
658.2
50.3
329.1
967.4
1512.0
2197.5
2277.8
2615.5
3245.9
1890.1
1437.1
2407.4
672.8
222.9
20.6
254.0
1076.4
1977.6
2661.8
3049.0
2040.3
3122.1
2483.7
2449.0
1699.5
710.8
627.3
46.0
238.3
988.9
1919.6
2729.8
3306.9
3647.2
3621.1
3527.8
3131.5
2382.5
1523.4
632.0
52.1
253.5
1013.6
1937.5
2672.4
3279.7
3645.6
3641.1
3536.8
3043.6
2423.6
1581.7
670.2
54.9
120.1
518.5
1212.9
1729.6
2997.2
3245.1
3369.9
3384.0
3105.2
2459.2
1527.8
582.4
54.7
157.3
346.6
855.8
2239.9
1605.1
2919.7
3453.3
2853.0
2968.7
2491.9
1644.8
735.8
62.9
151.6
659.0
1805.6
1812.2
1245.6
3183.9
2955.3
3569.1
3101.8
2339.0
1521.5
717.5
75.0
225.9
790.4
670.2
1356.9
1543.0
1841.7
2937.3
3301.6
3029.7
2456.0
1615.5
724.7
64.9
229.2
1011.6
1936.6
2734.0
3314.2
3632.9
3626.4
3513.5
3093.4
2457.0
1650.8
750.1
54.7
245.0
1053.5
1969.5
2757.4
3358.7
3673.3
3703.0
3562.7
3140.0
2528.5
1669.4
750.0
73.7
192.1
1167.0
2000.7
1933.0
2991.2
3461.5
3813.3
3626.7
3176.8
2556.6
1726.5
796.3
76.5
160.2
980.5
1938.8
2803.5
3177.3
3499.2
3698.3
3543.3
3114.5
2538.8
1675.6
784.8
89.6
288.5
1073.6
2036.9
2834.3
3430.8
3755.7
3759.7
3597.5
3178.0
2558.2
1752.7
809.2
77.9
226.9
693.0
1880.3
2606.8
3438.9
3161.8
3753.2
3356.3
3048.1
1613.0
1134.3
580.9
113.8
66.0
311.8
506.3
631.1
1024.9
2408.5
3487.8
2955.0
3004.7
2431.0
1622.7
832.7
94.7
214.7
975.4
1884.5
2706.7
3284.5
3638.9
3657.7
3539.5
3108.1
2480.7
1654.8
713.1
91.4
217.0
987.5
1895.2
2726.5
2579.3
3714.7
3592.1
3583.2
3131.3
2513.2
1735.0
803.3
90.4
170.0
892.9
1112.4
614.3
1442.1
1801.5
2772.0
3675.7
3366.6
2609.8
1723.7
770.3
82.7
193.8
835.6
1379.9
2740.5
3201.9
3695.0
3630.6
3678.0
3159.6
1734.5
960.9
781.6
90.6
191.8
1005.9
1891.1
2571.8
3290.3
3648.3
3689.6
3569.7
3181.8
2588.7
1801.4
873.0
100.7
184.7
884.5
1872.8
2574.0
2312.7
2917.2
2748.5
2454.7
3003.0
2468.4
1717.1
759.4
87.1
68.2
436.8
1647.6
1623.2
2983.9
3471.2
3662.2
3297.7
2925.1
2102.8
1446.1
669.4
80.8
56.6
325.7
1167.7
1719.6
2813.1
3129.2
2687.3
2810.0
2893.6
1707.8
790.7
366.2
40.2
52.4
241.1
923.4
1155.4
2193.6
2465.9
3427.7
3761.7
3288.6
2608.2
1740.4
812.1
101.0
102.3
871.1
1811.0
2017.8
2897.8
2744.7
1823.0
1972.1
1431.1
2317.4
1322.4
740.1
73.2
3.2
33.6
170.2
845.7
1519.7
2012.0
2573.9
2903.7
1639.8
2013.6
405.8
144.8
9.2
2.4
11.6
56.8
161.0
246.3
587.0
462.0
731.0
760.5
918.4
548.0
291.4
44.6
28.0
285.9
519.3
1006.4
2236.1
1109.7
1107.0
2269.4
1646.1
1143.8
171.6
32.9
0.4
52.2
392.5
1198.2
1109.2
2466.6
1546.0
838.4
201.7
60.7
215.6
416.7
76.2
17.1
100.7
468.5
870.7
1809.5
2294.8
3082.3
3029.4
3487.2
2287.4
1981.0
474.1
293.5
103.0
83.8
475.1
1046.5
2100.2
2392.0
2203.3
2551.8
1483.9
1561.8
1603.7
1475.7
914.4
106.6
51.6
308.4
332.4
328.5
134.9
810.8
1399.5
2060.7
1882.6
1318.4
1184.2
495.4
49.5
51.3
173.0
397.7
631.0
2031.4
2816.5
1716.5
574.3
1196.6
1852.5
1561.2
403.3
31.9
70.0
535.1
1055.1
2003.1
3050.2
3183.2
3390.1
3668.1
3250.4
2626.2
1791.9
860.7
100.0
130.5
896.6
1777.3
2664.9
2401.4
2477.1
3670.1
3673.3
3178.8
2162.6
1477.7
519.1
79.5
28.6
376.1
475.0
2068.6
2301.1
1654.1
2862.2
3021.5
2095.5
1334.1
581.4
332.3
22.3
3.5
88.1
620.2
799.0
1489.8
701.1
1227.4
2623.5
1403.3
2746.1
1398.2
777.8
106.3
109.2
585.8
1833.9
2592.3
2767.7
3024.4
3660.5
3776.5
3366.3
2737.9
1825.5
896.9
106.2
125.4
878.5
1848.9
2066.4
2177.6
3087.6
3596.4
3797.4
3148.5
2645.0
1794.8
849.0
103.4
55.2
370.8
413.2
1566.0
2717.6
3144.1
3110.4
3420.5
3298.9
2603.4
1786.6
869.8
106.6
58.1
581.3
1629.8
2503.8
2825.9
3408.1
3685.0
3594.5
3241.5
2678.1
1820.3
880.0
105.2
79.3
667.7
1396.6
1286.1
1808.6
3513.4
3473.2
3196.2
3359.0
2655.7
1789.3
885.0
109.0
68.0
352.7
964.1
1520.2
1682.9
1991.9
2747.0
2033.9
2100.2
2611.5
1831.8
832.6
107.3
85.3
835.9
1820.3
2266.8
2710.3
3391.6
3565.3
2911.2
3544.5
2424.8
1879.0
753.0
66.3
60.0
464.8
1270.2
2440.1
3136.1
2551.8
2807.3
3471.7
2988.2
2130.8
1680.6
463.1
110.0
48.3
620.8
1708.7
2485.1
2342.8
1877.8
2306.3
2516.6
2033.8
1579.4
1894.3
947.4
79.2
45.5
112.7
525.1
1695.3
2436.1
2142.5
1759.1
3089.3
1561.3
2739.1
837.0
373.6
80.3
65.8
534.0
1098.9
1430.5
2730.2
3181.3
3652.1
3626.6
3267.5
2674.0
1845.8
911.8
105.3
104.6
871.6
1721.6
2560.4
3215.6
3562.0
3195.3
3104.3
3171.5
2659.6
1804.8
704.0
57.2
85.1
637.4
1809.0
1871.5
2856.3
3701.6
3018.8
2843.4
2822.6
2733.4
1895.1
954.5
93.7
104.9
869.4
1639.8
2282.9
2605.6
3299.6
3227.7
3521.1
3348.1
2627.4
1901.8
836.2
117.3
98.9
851.3
1779.1
2282.8
2936.8
3142.6
3702.0
3474.7
3335.6
2178.8
820.9
553.6
69.2
73.1
841.7
1590.3
2684.0
3368.2
3609.8
3702.6
2922.4
3092.7
2275.2
1820.4
415.1
63.0
63.6
319.9
490.5
1479.9
2311.5
3485.7
1839.8
2720.4
2547.2
1790.7
1372.5
900.4
58.4
53.1
660.9
1120.2
2158.0
2302.7
2167.9
2207.6
2690.0
2034.7
1656.4
1624.8
774.2
116.6
105.5
495.4
1586.9
2427.9
2888.0
3490.9
3933.9
3791.2
3244.1
2425.8
1951.3
795.2
115.2
67.1
740.6
1709.9
1957.8
2069.0
2437.7
2557.8
2753.2
2166.0
1717.4
1027.4
397.2
63.2
93.1
800.0
1511.5
1762.6
2274.9
2502.3
2967.6
2652.4
2802.3
2245.6
1474.4
663.6
88.4
50.8
319.2
970.7
1534.1
2668.4
3350.0
3765.4
2648.5
3194.2
2398.0
1775.3
813.3
71.2
90.2
747.3
1451.5
2563.4
3276.6
3620.2
3550.2
3489.5
3231.5
2549.5
1875.7
880.6
116.7
88.5
818.3
1800.6
2657.7
3331.1
3729.8
3859.5
3602.8
3278.1
2743.4
1934.3
841.7
57.4
92.6
842.5
1824.5
2555.2
3323.4
3752.6
3819.3
3599.4
3054.8
2491.4
1785.6
892.9
104.2
93.1
797.2
1754.2
2678.3
3275.9
3379.3
4013.4
3579.9
3229.2
2679.7
1885.4
928.1
107.6
68.2
572.8
1312.7
2426.9
3444.4
3364.9
2742.0
2745.8
2036.6
1968.2
1792.5
371.3
63.4
77.1
850.6
1887.6
2647.3
2839.6
3108.5
3157.2
3610.8
3063.1
2679.3
1877.4
916.7
100.5
84.1
834.4
1621.4
2056.5
3349.4
3734.0
3855.1
3654.4
3305.0
2681.6
1851.2
872.9
86.1
92.4
841.2
1793.3
2406.7
2816.5
3471.7
3923.4
3695.2
3333.7
2744.3
1188.2
570.4
61.6
74.2
579.7
1904.8
2399.6
3573.6
3793.4
3318.7
3634.0
3360.7
2714.1
1865.8
899.6
87.8
95.7
842.8
1817.8
2701.2
3387.0
3246.9
3338.0
3308.7
3283.6
2670.6
1942.4
851.0
93.3
62.0
838.6
1602.4
2473.3
3349.5
3429.6
3955.0
3627.2
3309.7
2719.3
1831.3
819.9
51.2
96.4
710.5
1322.0
2369.4
2618.0
1417.9
3240.5
2252.3
1827.6
1670.0
1778.7
505.1
66.0
78.7
755.7
1560.9
2001.9
2938.4
3725.3
3855.6
3739.2
3431.8
2946.2
1957.8
879.2
85.6
87.4
861.2
1918.7
2243.0
1884.8
2483.8
3550.3
3542.0
3301.9
2658.9
1858.6
880.1
90.6
86.2
751.2
1619.8
2341.8
2338.4
3282.7
3959.9
3770.9
3439.9
2773.8
1866.5
718.4
90.3
91.4
464.6
882.7
1207.6
2413.2
2341.9
2723.1
3697.4
3479.2
2786.0
1363.0
421.1
58.6
17.3
330.9
744.7
858.4
1649.0
1358.0
1814.1
2450.6
2617.4
1800.8
831.9
401.9
55.5
68.4
773.7
1132.0
2447.9
2928.9
3060.8
3373.4
3680.4
3449.3
2697.4
1866.8
793.8
44.8
95.0
708.4
1201.6
1817.1
3109.2
3315.4
3253.0
2848.8
3037.9
2657.8
1891.3
807.7
79.6
47.6
723.5
1828.1
2637.9
3349.2
3146.5
2041.6
2299.2
3101.3
2738.4
1834.9
825.6
59.8
40.0
260.5
832.7
1604.3
1114.7
1520.1
2428.0
2610.6
2176.4
1668.8
1544.2
876.4
77.1
53.5
562.1
1096.3
1814.7
2155.5
2754.2
2023.4
2439.1
2598.6
2368.5
1559.1
817.2
41.6
83.1
804.1
1988.8
1895.1
2711.2
2342.8
2331.6
3009.3
2758.5
2719.7
1740.7
427.0
46.7
42.0
283.4
337.7
1959.7
1852.0
1788.9
1747.3
1924.4
2865.7
2540.6
1903.7
624.0
34.8
50.2
600.8
1477.6
1898.0
1404.2
2490.8
2643.3
3903.7
3556.8
2627.4
1889.7
349.2
43.0
77.0
636.5
1611.8
2132.4
3122.8
3516.4
3770.3
3584.4
2507.3
1484.9
948.0
309.7
27.7
84.3
777.1
1404.5
2601.4
2621.9
2777.2
2325.9
1659.2
1852.4
1884.3
1052.8
358.2
28.7
86.1
759.1
1680.9
2400.4
3380.6
3535.9
3836.0
3374.9
2791.4
2432.9
1605.2
592.0
37.1
36.8
334.2
661.0
1690.1
3452.7
3762.0
3888.7
3498.1
2579.3
1733.7
1181.2
526.1
40.3
73.4
456.2
1686.2
2782.0
3378.9
3044.1
3148.2
3047.4
2845.9
2484.4
1838.1
842.9
52.2
54.5
801.8
1700.0
2242.0
2696.5
3250.0
4144.2
2818.9
3228.1
2583.9
1703.8
728.3
41.5
42.8
286.1
1092.3
896.1
1065.4
1718.5
2096.9
2682.6
3310.1
2635.9
1674.5
700.3
42.9
104.9
843.1
1544.3
2626.5
2697.3
2551.6
2582.3
3112.6
3422.3
2636.9
1714.3
703.2
38.4
26.1
216.6
585.1
1286.8
2088.4
2683.0
3069.4
3689.7
2709.6
2457.2
1013.4
313.4
19.7
65.7
461.9
1265.5
2713.1
2751.4
3827.9
3967.6
3681.1
3274.9
2569.2
1783.0
670.0
35.1
43.8
567.3
1782.4
2055.4
3184.4
3575.3
3604.1
2364.8
3112.3
2528.9
1197.9
271.4
28.9
34.0
685.1
908.5
1743.6
3026.1
3202.7
2366.2
3264.5
2846.8
2136.6
1657.6
649.4
25.6
55.1
398.6
702.7
2113.9
3003.5
3518.0
1905.1
1143.0
3059.0
2133.5
1587.7
633.8
29.9
43.4
540.0
943.1
979.9
1469.7
3867.8
2259.9
2073.3
2688.5
1108.9
1648.6
578.4
15.8
48.5
306.3
1764.0
2604.1
2918.5
1766.9
3283.6
3160.0
2941.5
2474.9
1541.8
625.1
22.6
43.5
357.6
591.4
1681.8
2823.7
3017.3
3212.3
2969.9
2920.2
2511.6
1621.3
634.7
20.1
90.3
861.2
1827.2
2647.8
3257.4
3658.1
3784.1
2988.0
2935.4
2441.6
1576.1
610.4
19.0
36.2
500.4
1649.2
2299.9
2858.1
3141.5
3076.5
2859.9
2651.9
2349.5
1525.7
588.7
15.8
91.4
857.3
1782.3
2611.3
3077.7
3396.7
3734.9
2600.3
2917.6
2378.1
1532.2
587.6
11.4
27.6
800.5
1253.6
2046.6
2453.8
2843.5
3429.7
3534.3
2999.1
2443.4
1567.1
586.0
11.9
92.0
868.1
1791.7
2831.6
2185.9
3050.6
3457.1
3451.3
3052.6
2425.3
1344.4
467.7
13.4
58.4
483.1
1763.8
2305.0
3131.7
3655.3
3171.6
2024.3
2141.6
2521.5
1607.1
584.5
11.4
93.2
883.3
1603.0
2081.3
3061.7
3560.9
3669.0
3501.3
2619.4
2100.9
1322.5
314.0
10.5
52.0
429.8
1133.8
2703.8
3075.7
2773.6
3009.6
2552.9
2826.2
2208.6
1034.9
491.7
14.6
40.4
398.3
724.0
1083.6
1154.6
2751.6
2174.9
2089.0
2135.6
2104.7
1726.1
645.2
21.7
104.7
783.9
1354.4
2484.8
3159.8
3430.6
3734.0
3373.4
3024.5
2368.2
1495.8
534.6
8.9
54.5
861.5
1619.3
2430.8
3050.4
2186.1
2288.7
3140.5
2246.2
1895.9
1318.4
627.4
11.2
64.6
556.2
1535.5
2097.3
2095.3
2846.0
3023.2
3358.0
2905.1
2183.9
643.0
178.0
1.3
80.0
908.0
1312.0
2291.5
3159.1
3503.2
3508.2
3244.6
2720.6
1891.8
1246.2
543.1
16.4
78.0
563.6
1310.4
2199.3
3066.0
2403.5
2533.0
2565.4
2388.6
1581.9
1239.9
285.2
4.5
82.6
779.0
1292.2
2086.8
2373.5
3383.8
3658.7
3519.3
2848.7
2245.1
1447.9
521.7
16.9
100.4
865.5
1601.0
1859.9
2315.8
2764.6
3388.8
3358.9
2947.6
2280.0
1375.5
476.2
5.9
95.9
853.6
1338.9
2445.1
1945.4
2623.1
3628.2
3415.2
2703.2
2146.5
1384.1
478.0
4.0
76.5
305.4
752.8
1985.5
2810.9
3281.3
2188.4
1780.1
1283.4
2094.5
516.9
268.7
4.0
0.3
40.4
261.1
278.8
507.9
747.9
756.0
616.4
1016.1
559.8
471.0
188.5
1.7
87.2
853.6
1589.5
2378.5
3055.6
3276.3
3294.8
3396.5
2965.8
1880.8
1061.9
448.2
6.7
93.1
788.5
1220.7
2005.6
2733.1
2725.2
3188.1
2735.3
3039.7
2219.2
1341.6
400.4
3.2
64.1
437.2
925.3
2367.0
2424.4
3379.7
3643.4
2811.0
2880.8
2115.9
1313.4
385.6
4.9
98.8
717.3
1016.9
2265.8
2932.5
2840.2
3617.1
2936.3
2309.0
1836.7
1328.5
392.0
2.8
99.7
860.9
1718.5
2311.8
3056.5
3460.0
3236.4
3321.8
2835.2
2147.1
1337.0
392.5
2.0
79.4
757.7
1765.0
2581.3
3194.6
3503.2
3550.1
3333.2
2860.8
2196.1
1349.6
385.4
2.3
97.3
868.9
1760.2
2509.9
3097.1
3082.5
3410.0
3329.1
2808.1
2189.4
1326.6
377.2
1.4
87.5
832.5
1693.9
2527.1
3105.3
3482.0
3592.5
3263.5
2699.6
2102.1
1172.5
398.7
2.2
97.4
835.1
1726.8
2545.0
2370.9
3629.7
3587.7
2875.7
2371.8
2118.2
1312.6
360.9
1.3
45.6
709.2
1058.5
1508.4
2802.9
3098.2
3012.5
2830.3
2691.2
2127.0
1274.1
334.0
0.2
91.9
875.3
1660.1
1809.5
3067.8
3395.5
3401.6
3237.9
2762.6
1866.6
1152.9
145.3
101.15
57.0
675.5
1202.0
1786.2
2740.7
3452.1
3061.9
3222.2
2717.7
2109.1
1272.8
352.0
201.25
50.5
470.7
1018.9
2147.1
2836.1
3090.3
3383.6
3154.3
2701.4
2087.5
1241.9
350.3
1.5
93.3
813.1
1688.4
2433.5
2968.0
3379.9
2954.1
2870.0
2720.2
2099.1
1254.1
339.4
219.2
99.0
852.4
1728.7
2490.1
3061.7
3351.8
3380.1
3166.2
2682.8
2078.0
1238.9
333.4
219.79999999999998
106.2
748.9
1559.0
2453.8
2631.6
3332.0
3373.2
3164.2
2736.8
2082.1
1271.2
353.7
0.4
68.5
655.6
1714.6
2257.7
2360.3
2611.7
2719.4
2570.3
2691.7
2069.1
1344.8
403.9
0.2
91.0
775.1
1664.2
1815.0
2761.5
2696.8
2234.0
2635.3
2281.9
1934.8
1212.7
320.1
206.0
91.9
662.8
971.3
2341.4
1515.8
2562.5
2667.8
3169.9
2642.3
2028.5
1206.2
318.1
207.5
96.9
780.6
1679.0
1437.0
1864.2
1844.0
2242.6
2593.1
2791.9
2085.3
1052.3
311.8
205.75
99.7
784.0
1229.9
1384.5
1382.1
1508.1
3183.9
3132.9
2617.1
1981.4
1097.1
419.1
2.4
18.0
181.3
573.1
997.8
1383.7
1232.8
1726.8
1281.7
1912.2
1784.6
992.1
164.7
119.55
74.4
582.3
866.8
1853.9
2402.9
1993.8
3212.4
3027.5
1705.0
1658.9
1169.3
302.7
166.45
30.2
478.6
1413.6
1697.2
1748.1
2437.3
3314.0
3098.9
2445.5
1959.3
1211.8
311.7
170.54999999999998
29.4
289.1
637.1
707.3
1644.7
2768.6
2224.2
2875.3
2471.7
1965.0
1169.1
315.1
200.8
86.5
482.1
1331.4
1643.5
2829.7
3103.1
3186.6
3037.1
2558.8
1946.8
1146.1
290.9
170.0
49.1
633.8
1175.9
1133.0
1856.3
2731.1
3108.4
2407.5
2544.4
1956.6
965.3
215.1
139.2
63.3
769.7
1396.8
2001.9
2292.7
3250.4
3077.4
2862.8
1960.5
1921.2
970.8
380.4
206.25
32.1
392.0
1273.6
1774.2
1914.3
1748.4
2563.1
2454.2
2073.4
1799.2
1260.5
196.1
109.05
22.0
265.7
671.3
1404.8
1594.5
2719.0
2151.1
2351.7
2110.1
1721.7
1091.9
281.4
163.2
45.0
261.5
831.0
1002.4
1422.3
1903.0
2171.3
2420.7
1478.3
1026.1
865.1
219.8
149.05
78.3
733.7
907.1
2278.2
2399.3
2157.4
2857.3
2058.4
2030.1
1444.8
1137.2
277.0
161.6
46.2
513.1
865.8
1012.2
1730.7
1977.3
1874.5
1691.4
993.8
810.1
780.0
322.0
200.0
78.0
738.0
1146.5
1609.9
2691.0
3092.1
3163.1
2956.8
2580.3
1672.4
860.9
255.8
171.5
87.2
439.4
652.8
916.7
1400.9
930.1
2136.5
2741.6
2543.4
1912.0
1054.7
305.4
169.75
34.1
116.8
631.4
965.9
1112.6
1262.2
1694.6
1202.2
755.3
434.4
461.9
132.0
85.4
38.8
277.4
578.4
817.0
1333.9
1140.7
1480.0
1293.7
1069.5
516.3
382.3
166.4
0.9
21.8
219.9
724.1
1205.4
1799.5
1669.1
670.3
2214.6
2007.9
1208.6
498.3
151.9
85.0
18.1
161.9
343.2
613.2
810.4
993.8
944.6
1370.5
977.3
1324.6
777.3
169.9
122.25
74.6
781.8
1302.4
2074.2
2032.7
2357.4
1678.9
2798.2
1585.4
1142.4
909.2
229.0
151.4
73.8
777.7
1665.5
1949.3
2836.4
2796.4
1427.4
1624.6
1566.3
1500.2
1025.4
304.6
171.85000000000002
39.1
202.0
644.5
1404.0
2044.3
3093.3
1955.3
1494.1
915.1
1253.0
628.4
121.2
80.75
40.3
339.0
896.8
1302.2
1274.5
2202.5
2424.9
1391.9
1672.1
1192.2
596.6
199.0
124.4
49.8
647.1
1316.8
1651.1
2021.5
2617.4
2193.8
2030.8
1989.5
967.2
475.7
132.4
95.5
58.6
351.2
811.1
918.4
1242.6
830.8
1999.2
2292.6
1987.8
1432.9
1015.8
289.3
165.5
41.7
567.8
928.0
1436.6
1977.1
1911.9
1551.2
1577.1
1669.6
1407.3
909.1
283.8
172.60000000000002
61.4
469.7
1419.9
1954.3
2316.0
2814.1
2416.7
2828.8
2139.5
1892.1
869.6
268.7
150.75
32.8
339.3
1086.9
2157.1
2774.8
3114.8
3256.2
2898.3
2564.0
1846.7
1045.6
259.7
148.39999999999998
37.1
310.4
639.3
1513.7
1536.7
2271.9
1612.9
1863.0
2272.7
1728.3
1130.2
318.1
177.95000000000002
37.8
346.2
1258.0
2265.7
2402.1
3109.3
3120.2
2947.1
2517.2
1837.6
1020.1
300.7
167.9
35.1
322.7
1073.2
1110.1
1308.6
1730.7
2522.9
2498.2
1857.0
1356.8
929.9
262.3
147.35000000000002
32.4
297.7
510.6
662.0
1030.4
1358.1
2451.0
1878.2
1802.0
1359.7
1042.9
267.3
154.85000000000002
42.4
696.7
1491.2
1190.6
2598.2
2323.2
2764.1
2612.9
2363.2
1645.8
1004.5
225.3
120.5
15.7
221.8
805.2
1954.4
1680.2
1162.9
1525.2
1718.1
1629.8
1764.4
907.4
268.0
156.15
44.3
514.4
967.0
1940.6
2463.8
3035.8
3105.6
2896.8
2366.1
1626.6
1025.9
227.2
122.0
16.8
241.7
501.4
966.1
1317.4
1325.7
1912.8
2446.8
2707.5
1798.7
901.6
216.6
132.1
47.6
378.4
667.6
1150.9
1698.9
2210.9
2891.7
2112.8
1982.6
1646.9
907.6
270.6
146.9
23.2
226.7
722.8
1586.4
2438.4
2353.8
3110.3
2786.7
2365.0
1785.0
940.4
210.3
120.4
30.5
671.1
1463.6
1870.9
2244.4
2948.9
3064.4
2892.0
2481.1
1771.3
1045.7
270.7
152.89999999999998
35.1
675.9
1258.7
1819.9
2183.8
2898.9
3022.4
2844.4
2429.2
1836.3
1040.3
263.5
135.6
7.7
325.7
512.7
1398.6
2750.2
2841.6
2955.7
2882.2
2478.8
1790.0
1029.1
271.2
150.39999999999998
29.6
571.2
1490.0
2204.0
2717.8
2976.7
2761.9
2650.4
2001.6
1306.2
1011.3
283.4
1.8
22.8
234.0
789.8
935.9
1036.4
1127.1
1171.9
1853.9
2147.7
893.7
622.4
102.7
68.15
33.6
503.2
872.3
1386.8
1570.0
1487.9
1378.2
1121.4
750.1
464.3
228.4
60.3
40.4
20.5
231.7
591.7
772.4
1985.7
1332.0
1235.8
2550.8
2038.6
916.0
811.1
233.3
134.2
35.1
400.9
643.4
759.0
1549.2
1601.6
1528.3
1207.2
894.4
800.5
911.2
279.9
149.54999999999998
19.2
238.8
838.1
1151.7
1920.2
2412.5
2183.0
2354.7
1610.8
1507.7
891.4
110.3
75.75
41.2
534.0
914.2
1148.4
1332.9
1583.5
1180.4
939.8
860.1
593.0
432.0
143.2
0.4
27.7
290.6
761.9
1396.4
1645.5
1659.7
2091.6
2166.1
2472.5
1150.0
843.1
290.0
156.85
23.7
425.7
977.5
1528.3
1996.6
2919.5
3023.9
2866.0
2356.0
1480.1
868.1
289.0
158.1
27.2
475.6
1267.6
2250.8
2539.0
1855.4
2176.7
2124.6
1974.0
1652.4
1026.4
290.5
167.7
44.9
348.0
1328.6
2209.5
2698.3
2995.4
3047.7
2868.7
2457.3
1812.0
1140.3
303.9
0.2
24.4
301.6
786.7
1050.6
1424.5
2633.2
2779.3
2072.0
2416.7
1176.2
582.1
273.0
150.4
27.8
245.7
915.7
1813.1
2186.4
2751.3
3092.9
2755.1
2267.3
1825.7
1079.2
260.1
140.0
19.9
260.7
896.6
2247.7
2155.3
1717.5
1617.6
1429.0
1801.0
1438.5
1147.0
308.5
0.6
36.4
544.8
619.7
892.3
987.4
824.8
2047.7
1046.3
1037.1
1044.4
497.0
272.3
146.85000000000002
21.4
187.3
412.7
1083.9
1446.3
1262.5
1743.6
2368.3
1323.4
629.2
548.4
278.5
149.1
19.7
298.8
612.2
650.6
774.6
1334.2
1140.5
1620.4
1305.5
1186.2
990.1
376.5
191.25
6.0
94.2
498.4
957.5
1137.1
1311.2
1035.8
663.3
1192.0
984.6
508.9
185.0
98.6
12.2
256.7
703.4
941.2
1774.3
866.7
966.8
983.3
1651.3
1435.9
1137.9
311.4
1.0
20.7
293.4
1127.2
1067.2
1124.4
905.2
1131.4
1220.5
1560.6
1056.5
717.0
245.1
0.5
26.9
459.2
1320.1
1364.5
1237.8
1312.1
1938.7
1766.6
1901.1
1313.5
937.2
311.3
0.6
23.0
476.6
1047.5
1440.9
1383.7
1158.8
2676.5
2212.9
2207.8
1729.6
1004.3
261.5
1.0
23.8
532.2
851.6
1165.2
1721.9
1909.8
2365.4
2898.0
2717.8
1587.3
1095.5
322.2
1.0
15.8
199.6
537.6
1138.7
1743.0
1802.1
2243.5
3175.1
2424.1
1819.8
1083.7
316.5
1.5
22.2
302.9
709.1
863.2
1525.7
1839.9
2434.7
2154.8
1676.9
1690.4
971.0
227.4
2.2
24.9
259.9
869.6
1047.2
1150.3
1031.7
1421.9
1275.8
1257.2
919.3
672.9
374.2
2.1
20.6
474.7
1327.1
2660.9
2427.3
2197.4
2088.1
1494.8
1889.5
1095.3
1090.7
332.8
1.5
18.4
264.2
828.2
2224.7
1736.8
1765.1
2349.7
2034.6
1891.0
1187.3
509.7
157.3
84.25
11.2
366.2
955.1
903.1
1101.3
1815.8
1240.8
2297.6
1604.3
1680.3
972.6
157.3
91.4
25.5
500.8
503.0
1017.3
1410.1
1559.2
1806.4
2149.2
2134.9
1656.1
724.1
317.1
2.3
23.6
285.3
667.7
961.8
1346.9
1813.9
2278.2
1903.9
2370.7
1519.7
1159.1
351.3
1.1
16.2
212.3
689.9
945.4
1155.8
1928.8
1996.4
2294.6
2454.9
1821.1
1169.5
350.6
1.7
21.6
415.6
898.9
2254.8
2724.8
2040.0
2645.1
2767.9
2371.9
1847.8
1215.2
355.9
3.6
25.9
631.9
1442.9
2157.2
2747.6
3079.2
3199.9
2999.5
2590.3
1964.6
1176.2
366.5
3.8
13.2
244.8
1245.0
1261.6
1894.9
2344.3
2554.6
2682.3
1822.5
1089.8
1137.8
379.5
1.4
14.1
182.2
896.0
1279.0
1802.9
2291.7
3108.8
2960.0
2593.8
1950.0
1183.6
357.7
2.3
15.8
454.5
845.5
1087.6
1354.0
2040.5
1996.4
2366.0
2488.6
1250.0
1191.5
357.7
3.2
12.8
215.1
1173.9
2030.0
2815.8
2857.7
2324.2
2887.9
2746.7
1908.9
1260.6
369.2
2.6
25.6
356.6
1156.2
1143.2
2643.4
3037.2
3082.5
3011.1
2613.2
1961.1
1203.6
362.6
1.7
15.6
192.6
599.8
1667.9
2580.6
2638.5
3192.9
2950.9
2465.0
1927.3
1150.8
377.0
2.5
14.4
302.8
695.1
1150.3
1731.4
2272.6
2830.8
2785.7
2364.5
1774.5
1187.5
366.9
2.6
17.1
257.3
640.3
1310.1
1684.8
2185.0
2700.1
2785.0
2285.2
1858.2
1201.8
360.4
2.2
23.3
452.6
1120.6
1805.3
2357.0
2895.0
3266.9
2894.7
2500.1
1848.9
1222.1
367.3
2.6
26.2
433.6
1333.8
2285.3
2893.7
3205.7
3268.8
3104.2
2693.9
2024.9
1231.8
375.4
2.7
32.6
674.7
1157.4
1623.2
1920.8
2597.5
2829.3
3051.7
2676.2
2003.4
1218.2
372.3
3.5
8.9
184.7
453.6
1176.5
1864.1
2604.1
2096.1
1977.4
1869.2
959.2
710.5
199.8
2.8
18.3
314.7
1157.5
1883.9
2724.7
2951.5
3181.4
3043.4
2656.5
2138.1
1058.8
334.1
3.6
40.6
613.1
1553.5
1995.8
2902.6
3162.4
3216.6
3079.4
2685.7
2024.3
1246.1
465.6
1.5
34.5
664.9
1018.3
1748.8
2744.6
2980.2
3214.0
3053.7
2694.8
2037.4
951.9
371.3
4.8
38.1
306.4
681.0
1856.1
2004.5
2683.8
2514.3
2194.2
2420.5
2053.2
1275.8
362.5
2.0
25.1
292.3
665.9
896.5
1234.1
1572.2
1718.4
2077.1
1952.0
1213.9
607.8
248.5
3.0
14.5
156.3
517.5
1029.4
1727.9
1188.6
1030.8
856.0
1007.2
874.2
369.0
106.9
2.3
17.3
201.8
938.7
1490.5
1319.8
1525.8
1020.3
1113.9
247.3
1391.2
1096.4
304.0
3.1
35.2
345.8
1424.6
2052.6
2897.6
3220.8
2675.3
1656.1
824.4
598.4
502.8
119.3
2.0
18.0
203.2
634.6
914.4
950.6
1185.8
1935.9
2685.7
2596.0
1785.7
1143.0
363.4
3.5
59.3
576.6
1114.7
1795.4
2496.2
3026.8
3196.6
2641.5
2409.4
1978.3
1210.3
370.9
4.2
31.6
302.0
892.2
1643.2
2373.6
3147.3
3302.7
3129.2
2719.9
2077.6
1278.3
386.3
2.5
35.0
710.1
850.2
1227.9
1453.1
2742.0
3387.2
3134.0
2698.2
2053.5
1251.8
379.9
2.6
54.9
479.8
1490.1
2355.4
2901.5
3206.1
3287.8
3123.2
2693.9
2090.1
1247.2
373.0
1.9
35.2
560.0
1169.8
2215.5
2792.1
2839.3
3291.8
3139.5
2688.1
2069.7
1243.6
376.9
3.2
62.3
661.7
1195.0
1097.6
2141.6
3146.7
3273.9
3116.1
2676.5
2046.8
1249.0
379.4
3.6
80.4
773.9
648.5
1107.3
2786.0
3100.9
3340.4
3162.0
2740.2
2092.9
1276.7
390.2
3.4
48.4
657.4
1210.1
2080.6
2985.0
3305.1
3372.1
3203.1
2761.3
2150.3
1301.8
397.0
2.4
11.5
200.0
388.5
1080.9
1715.2
1755.0
1803.1
1723.1
1679.3
1592.3
1545.8
297.3
7.0
50.7
568.5
1009.7
1897.5
2949.8
3086.5
3348.7
2565.0
2211.4
2062.2
1178.9
395.8
6.3
80.4
580.6
1109.4
2402.7
2869.0
3200.7
3328.9
3159.8
2768.6
2146.0
1305.5
403.7
4.0
79.0
813.8
1783.7
1562.9
2263.9
2879.1
3198.4
3310.2
2710.7
2197.9
1011.4
458.9
8.1
70.6
494.6
1414.2
983.3
922.5
1198.8
1308.5
917.4
1172.3
797.6
721.4
338.8
11.6
64.4
447.2
1204.9
1836.9
2434.4
3164.8
2703.7
2905.7
2503.0
1970.8
1040.4
380.6
4.5
84.7
579.1
819.8
1484.5
1596.4
1540.3
2137.5
1707.9
1398.6
1001.8
590.3
138.5
3.3
39.4
297.1
990.8
1975.6
1789.3
2383.4
1560.7
1768.0
2010.3
1470.7
1339.7
385.4
4.1
73.4
599.8
1709.2
2565.6
3051.7
3435.5
3492.0
3291.6
2810.9
2128.2
1292.3
384.4
3.7
17.1
352.8
764.3
1164.4
1586.0
2396.3
2654.5
2839.9
2665.6
1808.1
1271.2
385.8
3.2
63.1
505.0
976.5
1657.1
1496.5
2765.8
2910.4
3203.9
2596.8
1917.1
1258.4
390.7
5.2
71.1
316.9
679.0
1529.4
2918.1
3233.1
3353.2
2880.8
2632.0
2121.7
1278.6
377.5
2.3
64.3
625.3
840.4
872.3
1643.8
2124.6
2664.5
3237.0
2676.9
2115.9
1315.2
374.7
2.6
36.9
429.5
1748.4
2621.3
3122.8
3089.1
2470.0
2754.9
2881.4
1996.7
1287.5
379.3
3.3
55.7
473.3
695.9
1264.7
1330.9
2013.1
1618.5
1872.0
2628.1
2121.6
1258.4499999999998
395.3
3.0
123.8
666.3
1434.7
2284.8
3164.3
3283.8
3520.2
3334.9
2833.2
2161.4
1302.6
372.3
3.6
37.5
288.9
698.4
1098.7
1429.0
2078.1
3011.8
2822.6
2212.7
2236.2
1397.2
488.1
4.2
87.5
586.5
1173.6
1637.3
2019.2
2029.0
1612.5
1635.5
1335.1
966.7
720.0
201.0
2.7
117.9
743.0
873.9
1567.1
2186.6
2159.9
1857.7
1588.0
1845.7
1419.5
1031.0
382.4
7.1
56.6
414.2
1093.7
2378.2
2243.4
2139.0
2293.8
2235.9
2634.9
1870.1
1305.9
394.3
3.1
91.0
591.4
802.1
1517.7
2089.4
1979.5
2748.3
2676.2
2598.7
1614.4
940.2
276.8
5.2
80.1
638.9
1473.6
2331.0
2663.3
2128.8
2324.6
2116.5
1521.3
847.8
644.2
150.2
0.7
62.3
519.7
556.6
945.6
1815.9
2480.9
2536.2
2354.2
2141.2
1394.2
1143.5
329.1
2.0
88.7
398.9
559.2
1266.1
1091.2
2095.5
2966.4
2937.9
2482.8
1687.6
1201.1
333.0
1.9
126.9
859.9
1030.2
1002.7
1442.8
1951.4
1457.4
2314.4
1561.7
1130.6
1225.4
369.5
2.3
60.5
586.6
1563.5
1175.4
1707.2
2650.6
2953.5
2683.6
2428.0
2063.6
1403.0
386.1
2.6
58.9
617.4
764.8
1314.0
2512.8
3431.3
3531.5
3312.4
2812.7
2110.9
1221.1
349.3
1.8
146.7
930.9
742.7
604.8
1864.9
1673.3
2161.4
2065.5
2354.9
1812.0
1214.0
347.9
2.2
163.8
1004.5
1948.3
2707.5
3164.3
3467.6
3559.7
3335.4
2834.6
2141.7
1251.1
356.6
0.8
109.5
375.6
591.0
1498.4
1560.2
3349.8
2518.4
2807.7
2089.4
2349.2
1346.5
372.5
0.4
89.6
319.5
1214.2
810.2
1677.9
2584.0
2613.7
2339.5
2549.9
2274.5
1340.4
381.7
1.2
100.6
560.4
892.6
1264.6
2083.0
2106.5
2168.4
2344.5
1767.6
2002.9
1144.7
377.5
1.6
48.7
289.9
705.9
1457.7
1745.4
2004.8
2434.3
2366.3
1993.7
1953.3
1212.3
332.5
0.5
177.0
898.1
1371.8
2172.5
3222.9
3460.2
3457.3
3298.5
2788.6
2079.4
1202.0
337.0
1.2
197.3
1012.7
1961.5
2642.9
3193.6
3505.3
3515.5
3282.0
2772.6
2044.2
1154.9
316.5
241.15
165.8
612.5
1162.8
2515.6
2791.0
3216.2
3524.9
3267.0
2749.6
2065.4
1179.1
329.5
0.8
93.4
611.3
1179.6
2341.5
2652.1
3156.0
3413.7
3144.8
2615.2
1899.2
973.6
302.8
245.10000000000002
187.4
1035.7
1802.8
2540.7
3208.3
3512.9
3564.3
3310.2
2813.0
2091.5
1212.1
377.8
1.3
215.7
1051.3
1558.5
2684.6
3296.8
3553.4
3230.0
3343.5
2845.6
2103.1
1214.1
343.4
0.5
231.7
1098.2
2033.3
2784.3
3343.9
3502.4
3161.1
3291.4
2823.1
2100.6
1210.3
339.1
0.4
236.4
1103.0
1881.7
2441.2
3196.7
3340.4
3287.3
3297.0
2829.4
2084.0
1175.8
319.5
266.95
214.4
938.6
1946.4
1830.2
2540.3
3420.7
3555.9
3303.2
2727.5
2107.8
1173.0
341.6
0.6
156.8
1026.7
1807.2
2902.9
3032.7
2682.8
3349.0
3208.5
3028.7
2283.6
1291.1
366.0
2.9
103.4
398.0
1351.6
1687.5
2055.8
3390.1
2722.7
3399.4
2862.4
2260.9
1062.7
253.4
3.8
128.7
451.9
925.9
1098.1
1447.1
1705.0
1621.4
1822.4
2012.1
1381.5
1119.2
362.5
1.5
109.0
356.4
1173.5
1360.6
1490.8
1786.2
1426.0
1345.3
1811.2
1571.5
909.8
373.9
0.8
121.3
469.2
1369.1
1065.3
1357.5
2215.5
3101.4
2910.8
2317.4
1811.8
1178.7
358.8
0.1
121.4
500.5
787.6
1186.8
2625.5
3178.6
3266.5
3309.7
2624.2
2042.9
1225.7
342.3
220.3
98.3
323.7
525.2
898.2
1907.2
2200.5
2175.9
2511.6
2321.3
1860.4
1314.6
360.9
0.7
331.3
1002.7
1589.6
2542.9
3061.0
3325.4
3842.9
3424.3
2966.3
2272.5
1108.0
312.7
280.35
248.0
528.7
1187.6
1991.8
2427.1
3439.2
3845.2
3369.3
2747.7
2142.1
1280.6
369.4
360.2
351.0
1268.4
1806.9
2659.3
2927.6
3528.2
3346.9
3024.6
2732.4
1885.4
1287.9
370.9
0.5
170.0
911.9
859.8
2416.3
2599.0
3469.7
3631.7
3284.2
2858.3
2141.6
1247.3
371.3
0.4
116.4
408.8
1318.6
2793.8
3427.7
3485.4
3528.0
3167.4
2542.8
1659.2
890.5
267.2
315.54999999999995
363.9
1215.6
2199.5
2932.5
3452.6
3693.0
3621.7
3335.4
2703.2
1633.6
933.6
337.6
2.7
298.2
570.9
856.1
1338.9
1583.8
3061.2
3080.2
2800.9
2572.7
2134.3
1255.2
330.8
193.15
55.5
310.9
715.6
1442.4
1935.7
2053.0
2977.1
3186.1
2802.2
2098.7
1235.0
294.9
218.25
141.6
520.7
1661.7
1695.2
2113.3
3478.8
3499.1
3152.3
2499.8
2069.6
1228.2
245.4
224.15
202.9
697.8
1433.8
1584.8
2669.6
3337.0
3602.6
3311.3
2805.6
1917.6
1152.7
284.7
1.6
187.0
478.4
1341.2
2971.3
3446.4
3672.2
3566.5
3221.5
2474.2
1812.5
968.1
238.5
269.45
300.4
1107.8
1241.2
2780.9
3455.2
3687.7
3395.5
3352.5
2714.3
2041.0
1106.7
296.8
338.6
380.4
1209.4
2302.9
3026.3
3523.5
3744.7
3678.7
3319.2
2793.6
2102.3
1235.2
345.4
365.75
386.1
1083.2
2371.8
3100.6
3637.8
3857.4
3672.8
3303.8
2858.3
2074.9
1261.7
381.7
0.1
347.3
1255.3
1892.7
2783.9
3539.6
3761.8
3707.7
3309.3
2777.0
2093.8
1235.7
350.8
234.15
117.5
357.3
517.1
1541.6
2080.0
2873.8
3481.8
3301.7
2785.6
2070.5
1253.5
343.8
369.1
394.4
1312.3
2251.1
2971.0
3471.7
3711.5
3658.4
3230.8
2861.2
2243.2
702.1
302.4
354.25
406.1
1320.0
2253.4
2994.3
3495.8
3739.9
3656.4
3298.5
2727.2
2104.7
897.5
187.3
209.3
231.3
391.1
960.2
1487.9
2632.7
2390.6
3200.5
3368.1
2974.4
1453.5
1146.1
280.6
228.45000000000002
176.3
524.1
741.9
892.7
1558.9
1822.1
2740.2
2755.5
2992.9
2239.3
1277.6
335.7
0.2
281.4
949.1
1507.8
2190.1
3537.5
3706.0
3853.7
3524.9
2981.9
2246.8
1242.0
349.4
247.5
145.6
961.1
1785.6
1105.6
1329.9
1500.0
2465.0
2361.3
2656.1
2204.3
1273.0
359.9
403.6
447.3
1172.1
1746.5
2217.9
2671.7
3198.6
3192.2
3373.8
2802.0
2142.8
1260.2
348.0
390.0
432.0
1235.7
2052.6
2539.7
2266.9
3144.9
3512.8
3514.6
2948.3
2208.9
1287.8
346.6
400.35
454.1
1355.8
1718.0
2604.7
3487.7
3711.1
3495.6
3398.2
2948.9
2196.5
1291.1
357.9
403.85
449.8
1344.8
1914.3
2558.3
3487.2
3451.1
3689.1
2822.6
3014.2
2207.6
1301.7
360.4
415.5
470.6
1124.3
2218.8
2629.2
3230.4
3840.1
3801.8
3495.9
2861.9
2226.3
1303.4
362.7
417.35
472.0
1425.2
2318.5
2905.9
3656.8
3770.4
3759.4
3453.7
2930.8
2199.5
1297.4
354.0
411.55
469.1
1407.0
1966.2
2680.3
2882.1
3337.8
3749.3
3394.6
2859.3
2138.2
1245.9
338.0
300.95
263.9
903.1
2468.2
3015.4
3245.9
3978.0
3699.7
3453.3
2920.2
2199.7
1284.0
353.3
416.20000000000005
479.1
1421.2
2338.3
3062.7
3548.2
3808.7
3736.2
3482.7
2903.8
2177.7
1315.3
386.4
0.3
463.4
1248.9
2306.7
2321.4
3420.9
3177.1
2824.9
3427.4
2896.2
2151.2
1268.4
447.4
459.54999999999995
471.7
1398.4
2312.6
2835.9
3557.5
3733.5
3739.8
3419.7
2890.4
2123.3
1075.3
329.4
0.5
457.0
1379.2
2311.8
3006.4
3499.8
3723.1
3696.9
3426.8
2908.9
2194.5
1313.2
361.6
409.35
457.1
1174.4
2309.6
3033.8
3501.5
3741.0
3305.2
2738.7
2051.3
2052.1
1481.2
421.5
450.65
479.8
1412.9
2322.5
3092.8
3111.2
3480.1
3260.9
2456.4
2229.1
2420.8
1385.3
373.1
419.3
465.5
1398.8
1364.9
2655.9
2692.9
3167.0
3788.6
3534.4
2842.8
1560.4
768.4
248.3
317.0
385.7
1294.1
2330.7
2626.8
3491.5
3716.7
3810.2
2297.3
2685.4
1736.4
724.5
221.3
0.5
510.0
1440.0
2360.7
2988.3
3490.8
3580.6
3710.0
3442.1
2884.2
2161.3
1266.7
348.8
422.8
496.8
1426.2
2292.5
2905.4
3623.2
3594.4
3495.2
3454.0
2929.5
2205.5
1341.5
390.8
0.6
483.1
991.3
2151.0
2930.6
3422.5
3783.9
3742.8
3411.1
2894.9
2202.4
1343.6
393.3
0.5
491.3
1307.8
2343.3
3102.9
3573.6
3763.5
3695.2
3323.2
2894.1
2189.9
1330.7
398.8
1.2
319.8
658.3
1060.2
1358.9
2999.8
3381.1
3408.2
3093.2
2926.5
2211.2
1332.6
400.9
2.6
508.3
1451.6
2343.6
3188.1
3574.2
3781.9
3704.5
3422.9
2939.7
2230.9
1366.3
409.6
1.2
349.7
795.8
2159.7
3033.1
3538.3
3736.4
3694.1
3428.7
2919.0
2216.2
1363.5
415.8
1.8
496.0
1418.9
2348.0
3065.5
3574.6
3797.6
3757.8
3467.5
2936.9
2210.5
1347.6
407.8
1.9
476.8
1392.5
2299.2
3011.2
3508.4
3719.7
3677.6
3424.2
2898.7
2167.5
1202.3
323.5
0.5
348.1
1328.5
2244.2
2917.4
3430.5
3688.5
2749.3
1615.5
2218.6
1360.5
676.2
358.9
191.6
24.3
239.5
795.1
1990.1
2101.9
1604.1
1329.0
1286.3
954.9
849.3
784.2
238.7
2.6
115.8
138.7
374.7
1701.7
1890.0
1883.5
1446.1
1875.7
1603.5
1165.5
760.4
293.1
5.5
265.1
696.2
893.6
1397.9
1391.3
2467.6
3225.6
3426.4
2723.3
2332.3
1151.0
286.9
2.8
538.5
1097.5
1762.5
2051.1
2755.9
2725.1
2757.4
3660.2
2874.6
2209.8
1322.3
417.8
1.7
452.6
1428.0
2320.6
3031.5
3522.1
3766.1
3813.1
3113.9
2842.1
2109.8
1389.9
423.5
3.5
471.1
1405.4
2295.2
3011.8
3516.5
3817.6
3429.4
2794.2
2227.0
2100.8
1402.3
444.6
4.6
171.8
988.1
1913.4
2703.7
3300.8
3656.3
3731.2
3621.7
2722.4
2297.7
1753.5
813.6
80.8
180.3
977.8
1828.7
2455.9
3108.0
3599.3
3699.6
3548.6
3106.2
2510.6
1658.6
761.6
90.9
176.5
955.5
1766.2
2558.8
3310.6
3554.1
3612.2
3612.8
3185.8
2574.8
1599.2
734.6
34.6
172.5
934.4
1530.7
2484.5
3220.9
3637.4
3537.5
3629.4
3205.2
2548.0
1673.1
757.4
108.0
128.3
592.9
1834.5
2471.6
3421.7
3221.4
3579.5
3310.9
3125.6
2427.0
1490.0
805.5
82.3
140.6
841.7
1637.4
1588.5
2502.3
2269.4
3659.8
3099.0
3119.4
2373.6
1729.6
830.8
82.6
106.2
863.3
1817.3
2373.4
1744.4
3468.5
3385.3
3544.3
3025.2
2491.8
1685.1
806.3
63.2
56.5
345.3
1642.5
2129.3
3309.0
3266.0
3401.5
3331.9
2389.7
2653.4
1572.4
854.6
102.3
164.7
934.0
1857.3
2655.2
3261.8
3623.9
3710.2
3478.8
2523.1
2539.4
1740.1
937.1
123.3
72.1
760.7
1735.8
2129.2
2495.9
2880.2
2996.5
2962.3
2326.0
1537.7
832.5
322.1
30.8
44.8
534.2
1723.2
2175.6
1452.4
2506.0
2838.1
3197.5
2330.6
1830.1
1850.5
635.2
56.8
92.1
425.9
548.3
1531.8
1355.5
2251.0
3579.6
2652.3
1910.3
1153.7
811.5
381.1
62.1
56.6
785.2
1042.2
2241.6
2401.2
3030.8
4018.9
2713.2
2453.3
2884.7
1777.4
980.1
117.3
152.3
961.6
1852.3
2575.6
3233.5
3652.8
3784.4
3631.8
3050.7
2667.3
1468.8
742.6
117.4
123.5
918.9
1845.5
2583.4
3282.3
3692.0
2932.8
3381.8
3313.2
2566.8
1789.8
865.5
127.1
134.4
648.8
1762.7
2135.2
3006.4
3541.0
3925.3
3910.6
3099.8
2380.5
1838.1
378.4
99.6
64.2
517.1
1563.0
2256.0
3071.6
3672.8
2906.4
3045.2
3532.9
2675.8
1845.7
937.3
136.9
101.1
768.0
1638.5
2427.0
2893.6
3092.9
3475.6
3175.3
3210.3
2539.0
1663.0
795.2
81.0
161.0
727.3
1723.6
2010.0
2659.0
2188.6
3651.7
3687.5
3106.2
2543.8
1770.6
818.9
120.8
116.2
855.8
1748.7
2387.4
3006.6
3378.6
3768.4
3665.9
3253.4
2623.9
1846.4
963.9
145.4
81.6
569.9
982.9
1889.7
2320.9
3190.6
3403.0
3740.3
3394.5
2647.6
1804.8
925.5
149.2
93.0
806.2
1201.1
1658.7
1696.4
3121.8
2948.3
3318.8
2933.0
2675.0
1801.3
546.2
125.8
45.8
393.1
1750.3
2262.0
2909.5
2080.9
2572.0
3685.3
3369.1
2647.2
1871.8
973.7
126.0
40.3
309.4
1106.7
2124.6
2818.0
2644.0
2735.4
2759.3
2170.0
2318.6
1124.2
712.5
75.8
70.5
459.6
1660.9
2326.4
2671.2
3638.2
3412.4
3668.5
3275.4
2642.8
1873.3
937.4
156.5
107.0
857.3
1859.7
2768.0
3216.6
3604.9
3699.6
3645.5
3270.6
2808.6
2027.5
816.6
123.7
18.5
248.5
966.5
1429.2
1549.0
1730.0
2515.6
2350.0
1209.7
1205.4
839.7
329.1
60.3
173.05
285.8
410.9
614.2
1114.5
1068.3
1067.1
1783.2
1862.8
1095.3
1001.7
632.9
134.4
62.6
712.3
1110.7
1015.9
2083.8
2256.8
3065.2
3313.5
2330.8
2648.8
1967.9
1113.9
203.4
61.2
669.5
1745.1
2171.6
2328.0
3671.2
3531.1
3462.1
3462.6
1906.5
1910.6
1099.8
230.4
74.2
773.3
1695.0
2302.8
3224.6
3493.8
3703.9
3722.5
3039.5
2274.1
1946.5
1077.2
241.7
87.6
790.6
1652.8
2357.7
2750.8
3479.9
3833.6
3691.2
3359.6
2826.0
1980.0
1022.1
199.2
48.9
390.6
915.7
2355.6
3313.6
3390.2
2028.8
3521.9
3336.9
2757.1
1914.7
753.1
118.8
40.1
224.1
1030.1
1488.1
2488.3
3334.5
2628.3
3796.2
3480.0
3033.2
1927.6
1105.6
204.9
67.2
749.2
1661.4
2436.8
3133.5
2944.4
3412.7
2553.5
2965.4
2362.3
1834.6
1081.0
202.0
23.5
491.3
1582.4
2474.0
3108.5
3611.6
3668.8
2494.1
2269.9
2723.7
1854.0
998.3
209.9
