y
147.0
967.0
2010.0
2967.0
3696.0
0.0
3648.3
3368.5
3111.5
3066.4
2296.8
541.4
89.8
59.3
229.7
350.5
1500.0
2049.3
2432.5
2532.7
3256.8
1819.5
1282.6
168.6
22.0
4.3
39.7
263.0
490.2
1001.4
837.6
1946.3
952.7
1211.9
2060.2
1118.6
747.2
598.1
311.2
52.4
432.7
1498.4
1031.8
2354.6
1261.9
1235.5
2866.4
1949.0
665.4
348.0
374.9
387.4
76.2
304.2
945.1
1465.0
1762.1
1602.0
1253.0
1290.1
2137.3
2169.7
721.1
206.2
104.8
114.9
900.7
1992.1
2770.4
2762.4
3679.8
2960.3
3212.1
3886.7
3630.5
2254.8
1615.6
511.0
135.8
878.7
1947.0
3030.6
3595.1
3910.6
3466.6
3228.4
3034.1
2358.6
2100.4
1331.0
452.2
28.2
436.8
1332.3
2025.0
2633.3
2867.4
2643.8
3058.7
3396.8
1731.4
1675.0
588.2
36.9
49.1
496.6
2005.7
3003.5
2850.3
3116.3
2594.0
2568.2
2647.4
2148.1
1959.6
937.8
130.6
61.7
536.6
1381.8
2314.8
3541.4
2786.8
3333.4
1908.3
0.0
3447.5
2678.5
1354.9
696.9
65.5
457.5
1270.7
2949.2
3411.1
2052.0
0.0
3485.3
3404.1
2099.8
1009.5
274.4
58.9
37.7
266.7
372.8
615.8
886.2
847.0
514.7
152.4
350.6
504.5
1381.0
222.7
126.9
31.4
342.4
682.8
760.9
1319.8
2501.1
1598.7
1516.4
1783.0
1059.4
513.7
386.7
185.0
54.9
279.2
523.0
1502.3
2512.4
2599.5
2960.5
2066.5
858.8
2101.4
1236.0
1464.7
529.9
92.3
522.7
1356.9
2206.1
2316.8
3188.5
2881.8
3214.1
3192.9
3031.0
1491.6
1617.6
828.5
48.9
603.6
1654.8
2145.7
3504.6
0.0
3098.9
931.7
2551.1
1584.7
155.3
89.9
323.6
26.2
316.1
414.1
331.6
822.1
831.2
1114.4
1276.7
1279.1
1151.0
643.5
487.9
148.4
43.8
591.7
878.1
906.1
1257.1
1418.8
1845.1
2296.1
1990.8
2085.7
731.4
483.9
146.9
27.3
168.8
408.5
519.4
446.2
1096.8
2117.7
2696.1
2309.1
1010.3
1456.2
1309.8
342.8
22.9
309.5
649.2
1323.6
2010.4
1653.8
1837.7
1861.5
1957.4
1348.1
1406.1
550.7
149.8
16.8
364.7
1358.6
2389.2
3366.9
0.0
0.0
0.0
3503.0
2482.2
2401.8
942.1
302.1
91.2
550.4
960.8
1961.2
1913.7
2050.4
3059.2
2514.6
536.7
1293.6
750.1
363.5
140.3
6.0
114.5
191.3
437.3
1283.6
468.0
530.4
669.4
565.6
286.5
164.8
181.7
46.8
3.4
150.7
560.3
763.7
759.8
601.2
2054.1
2147.8
1119.4
1616.7
1025.4
621.8
514.7
48.9
784.0
1404.6
1297.9
2108.9
1934.0
3254.1
0.0
0.0
3027.0
1781.1
1536.4
674.8
41.4
722.6
1858.8
2904.9
3784.7
0.0
0.0
0.0
0.0
3835.3
2979.5
1957.9
891.4
43.4
727.2
1785.4
2807.8
3681.5
0.0
0.0
0.0
0.0
3922.1
2077.4
1031.6
651.4
40.9
669.6
1706.9
2705.5
3572.7
3376.2
3237.3
0.0
3560.7
2566.6
2793.0
818.4
86.9
34.2
617.3
1555.5
2452.6
3610.4
0.0
3829.0
0.0
2785.5
3681.4
2590.3
1892.8
585.2
23.9
267.2
1056.4
1623.3
2718.4
2655.1
2651.1
3926.9
2704.9
483.6
1999.5
502.8
17.1
25.3
284.1
515.5
1832.0
1897.5
1417.9
2997.0
3092.7
2899.0
1718.7
1044.7
1323.7
544.8
19.7
108.7
427.5
810.8
1329.1
2530.9
2909.0
2609.4
2900.1
1274.3
119.5
43.6
26.0
15.8
199.8
475.6
844.7
1173.8
1481.1
2427.8
1454.9
2142.5
1843.9
971.7
270.0
23.3
7.5
156.5
495.4
1634.9
525.1
525.7
1778.0
1601.8
3273.6
2049.3
444.0
138.1
24.5
7.6
102.2
394.6
1043.3
1766.9
2105.5
2434.5
1615.2
1703.6
1405.3
656.3
603.6
356.3
6.3
66.8
364.6
852.8
1172.2
2809.3
2044.1
3511.5
2570.4
698.3
449.7
395.2
380.4
19.0
125.4
234.7
570.4
1474.2
2206.2
2563.8
1796.5
2882.9
1808.7
120.9
131.6
301.2
27.5
520.2
1694.3
1666.4
1441.1
3906.7
2674.8
1977.8
1214.7
1949.7
1159.6
371.0
213.5
22.6
609.4
1653.2
2526.3
3637.4
3779.8
0.0
3751.9
2754.5
3238.5
2288.9
494.1
157.6
23.4
470.4
1163.9
1969.4
2312.6
3053.2
2526.7
2897.2
2739.9
1772.9
2401.0
832.2
511.4
5.2
73.1
111.3
255.1
385.3
720.1
981.9
572.6
797.3
505.6
501.3
399.8
140.4
6.7
130.0
352.5
550.3
1175.8
1271.8
1151.7
837.4
1279.3
803.3
697.5
481.4
264.8
1.2
172.5
473.8
767.8
1126.0
1473.6
961.8
1008.4
1014.7
1008.5
652.7
291.7
296.3
11.5
231.0
1094.7
1970.3
1938.3
1073.9
1237.5
1683.6
0.0
2112.6
2102.9
1239.6
340.0
11.9
508.8
1516.4
2607.4
3490.8
3882.6
3265.2
2983.5
1682.8
2560.7
2158.2
481.6
95.4
9.6
213.2
850.5
2477.9
3362.5
3806.7
3992.4
3870.5
3245.6
3162.8
2555.6
1137.4
475.4
14.4
487.7
1449.2
2418.0
3377.1
0.0
3678.2
2927.1
2097.4
415.9
560.6
581.2
261.5
8.1
466.9
1335.0
2302.8
3332.8
3858.1
0.0
0.0
0.0
2820.0
479.9
507.7
677.7
8.3
444.4
1527.9
2584.2
3271.2
3164.5
0.0
3866.1
3029.9
2262.9
1703.5
1028.9
806.9
10.3
447.0
1557.2
2593.1
3063.9
3050.9
0.0
3137.4
3064.6
2647.3
1304.0
65.6
21.5
4.9
237.2
817.0
2621.4
3278.9
2730.7
2339.4
1272.9
1384.2
1811.6
682.1
1550.0
297.2
0.0
67.8
194.5
172.6
402.7
897.6
737.2
708.9
982.4
617.2
1080.8
575.1
476.2
1.9
52.6
326.2
538.7
422.8
843.0
971.9
1183.4
840.2
1148.6
248.1
317.1
100.0
5.4
255.3
1104.4
2300.5
2859.2
2006.4
2811.5
3027.3
1310.7
1058.6
360.1
259.6
113.7
10.5
355.1
701.0
1385.8
3280.5
3992.0
2882.3
1634.4
964.9
1450.5
687.7
82.3
7.5
6.1
265.6
1491.2
2512.5
3599.1
3723.1
2886.2
2207.6
2232.0
1996.9
1062.6
334.9
18.0
3.4
124.5
387.2
543.9
300.3
1104.5
274.7
1287.9
935.1
1633.5
371.5
80.2
85.1
0.0
116.9
223.8
653.8
1043.1
1631.1
2224.8
1691.6
1099.6
1180.0
385.3
268.5
146.9
3.6
190.1
661.0
1141.7
707.9
505.5
661.2
586.7
459.1
493.1
471.6
557.6
212.2
3.6
114.0
352.4
879.1
1283.2
1429.4
1754.0
1687.3
1939.6
2103.1
1187.4
717.8
206.1
2.5
82.2
330.9
848.7
1025.5
1237.0
627.9
1967.0
1899.5
1780.2
499.6
931.7
414.8
0.0
279.1
1002.4
2027.0
1623.8
2009.5
1598.6
918.6
476.6
99.7
176.8
144.5
61.9
4.2
104.0
302.0
826.0
1638.5
1132.7
1691.9
1158.3
587.7
1041.6
919.4
488.9
136.8
1.5
90.1
411.2
924.9
1307.3
2767.3
1886.5
3422.1
2223.7
2139.4
1630.1
997.6
190.7
0.7
415.7
1414.1
1982.6
3435.2
3349.6
3022.9
2511.9
3264.1
3101.0
1467.3
1177.8
233.4
0.8
331.4
1420.0
2180.9
3240.2
3866.4
0.0
0.0
1985.6
2927.0
1702.1
1089.4
435.3
0.3
273.4
1545.7
2214.9
2807.1
2722.6
3529.1
0.0
3840.7
1959.0
1832.6
901.0
198.3
1.5
227.0
644.0
1264.2
1997.5
3852.8
0.0
3702.2
288.6
60.5
198.7
57.7
49.6
0.0
281.2
1402.8
2401.8
3233.7
3872.8
0.0
0.0
3314.7
1650.3
759.9
701.7
345.8
0.0
220.6
1011.5
2417.9
3293.9
3863.3
0.0
0.0
3020.5
1820.5
1825.1
909.2
151.1
0.0
255.6
1295.6
2365.5
3214.9
3854.2
0.0
3233.2
3773.3
2642.4
2097.0
1282.7
282.5
0.4
197.8
698.5
1832.5
3160.8
3806.3
0.0
3817.7
3108.2
2643.8
2180.1
1258.0
352.7
1.7
199.5
1191.2
2349.2
3205.8
3823.0
3677.7
0.0
0.0
2447.8
1850.5
1170.7
276.5
0.3
171.8
1139.2
2362.5
3218.3
3801.4
0.0
3379.0
3819.5
2064.3
1108.1
1020.1
254.2
0.0
226.5
1321.0
2334.5
3163.1
3601.8
0.0
0.0
3718.5
3359.5
2468.3
1516.4
500.1
0.0
310.0
1403.2
2120.4
3119.7
3767.8
3966.5
3436.9
3145.0
3073.6
2328.8
1535.1
318.3
0.0
103.2
593.3
1803.6
3257.3
3835.7
3924.9
2870.5
2585.0
2393.6
1456.8
228.9
38.8
0.0
218.6
1275.4
2298.3
3131.6
3789.4
3795.0
2978.7
3397.5
2129.3
1064.8
630.5
198.3
0.0
63.5
167.9
666.7
1597.8
1322.4
2826.2
1619.6
2812.8
2698.6
2247.7
824.5
164.6
0.0
71.2
257.9
392.5
1190.0
1193.4
1127.5
1638.7
2444.8
2807.7
496.3
348.4
107.0
0.0
40.9
176.3
317.8
407.3
1225.0
1452.0
2426.5
1076.9
959.1
814.8
623.1
151.8
0.0
187.2
1205.0
1958.8
2984.1
3074.9
3616.2
3028.1
2502.2
2226.4
1391.9
1311.0
241.1
0.0
193.9
1387.4
2415.1
3273.4
3821.2
0.0
0.0
3559.9
3274.0
2292.1
1137.9
233.5
0.0
197.6
1390.3
2214.2
3148.2
2624.1
3316.4
3143.2
2869.9
1839.0
1231.5
890.5
276.4
0.0
223.3
1274.9
2040.8
3160.9
3807.5
3981.4
3767.6
2712.2
2201.6
2352.3
1148.8
234.0
0.0
218.3
1325.4
2378.2
3207.7
3787.8
0.0
0.0
3717.9
2622.8
2169.7
1117.8
219.9
0.0
165.6
960.4
2309.4
3181.0
3596.7
3894.3
0.0
3214.4
2512.6
986.2
788.1
199.7
0.0
232.6
1217.8
2087.1
2923.0
3640.6
3748.5
2465.2
2550.5
1814.5
1577.2
329.5
212.3
0.0
152.0
733.1
1324.0
2269.1
2055.2
841.2
1645.7
2451.3
2053.1
859.6
50.1
16.3
0.0
121.4
628.0
1432.1
2855.6
3635.3
3525.1
3135.6
3517.9
2050.7
785.0
876.0
159.3
0.0
87.2
324.2
708.6
2504.4
3585.9
3817.1
2942.2
3111.4
2436.1
1852.8
793.4
151.7
0.0
76.0
424.5
1551.4
1987.7
2966.2
3933.5
3545.0
3474.1
2858.7
1886.0
851.4
130.0
0.0
234.4
1257.0
1855.5
3003.3
3603.4
3905.4
3886.2
3372.9
2771.3
1794.7
739.6
67.7
0.0
215.2
161.2
650.3
1426.6
1688.5
2122.9
2328.8
2792.6
2067.1
1950.3
1034.9
148.9
0.0
97.3
1114.6
2308.4
3116.6
3691.7
3967.1
3929.6
3586.0
2841.5
1959.1
968.5
127.3
0.0
180.2
673.1
1731.6
3068.5
3600.2
3906.1
3859.2
3559.2
2842.9
1962.0
921.4
116.6
0.0
132.3
921.9
2188.8
2993.6
3549.3
3832.2
3379.1
3441.0
2806.3
1768.3
576.1
80.3
0.0
84.9
206.1
643.8
1933.5
1784.8
1657.0
910.9
1436.9
1054.9
406.9
154.0
13.1
1.2
56.3
338.8
434.6
719.9
1181.0
637.4
818.7
444.7
647.6
596.7
472.0
78.7
0.0
209.6
1241.9
2231.6
3016.5
3570.3
3906.7
3799.4
3446.4
2765.9
1850.2
839.7
95.3
0.0
204.2
1189.5
2135.4
2997.0
3564.5
3820.8
3786.2
3462.2
2825.0
1327.4
768.3
91.4
0.0
58.1
522.3
1721.3
1706.2
2015.2
2600.5
2996.8
2208.5
1580.1
1308.8
502.6
55.5
0.0
107.0
594.1
1848.9
2531.5
3214.1
3482.9
3275.1
3182.2
2011.2
1198.0
775.2
62.2
0.0
103.3
272.4
835.1
1942.5
3316.1
3703.5
3595.8
3284.5
2654.3
1476.8
694.2
68.1
0.0
117.2
786.9
1763.3
1818.9
1045.0
1074.5
1555.3
1408.0
1168.9
679.7
338.6
30.9
0.0
159.5
700.6
2221.4
2397.5
2373.9
1457.5
2293.1
2156.2
1511.1
760.0
308.6
34.6
0.0
94.7
451.5
1080.8
2008.8
3146.0
3097.5
2548.8
2369.0
2202.8
1296.2
434.5
58.4
0.0
182.3
823.8
1269.9
1100.0
1874.9
1346.9
1169.7
1123.7
658.7
402.5
153.8
17.4
0.0
160.5
557.5
1513.6
1946.3
2585.5
2560.6
2089.6
2211.6
2148.5
1076.2
677.5
16.6
0.0
92.3
1134.9
1699.1
2899.3
3292.7
3633.0
1661.5
2150.6
2486.9
1409.6
611.9
41.2
0.0
96.5
961.4
1546.2
2059.1
3254.1
3648.7
3803.7
1635.0
2607.1
694.7
511.7
32.0
0.0
97.7
1085.9
2031.1
2839.2
3376.6
3567.8
3242.9
2779.1
2650.2
1424.8
441.2
27.8
0.0
83.3
524.9
1342.1
2939.5
3346.1
3521.6
2979.8
2525.0
1200.0
1295.2
525.9
29.8
0.0
78.3
620.2
1293.3
2741.5
3267.4
3490.8
3136.2
3058.6
2127.8
1153.6
429.3
20.8
0.0
85.5
552.4
1434.4
2695.0
3201.1
3434.2
3373.5
2939.7
2044.5
1502.5
399.2
26.0
0.0
86.2
714.0
1825.3
2723.8
3225.4
3456.1
3382.5
2717.8
2353.0
1500.8
492.1
21.8
0.0
76.2
1024.5
1961.5
2729.1
3247.2
3445.2
3433.4
2994.5
2347.2
1475.0
536.4
21.4
0.0
119.3
930.5
1544.5
2219.4
2488.2
3513.9
3249.9
3107.1
2004.5
1388.5
402.6
21.5
0.0
71.3
836.1
1892.4
2682.9
3098.5
3416.3
3350.4
2898.3
2375.1
1542.1
609.3
16.3
0.0
131.8
973.7
1949.3
2664.8
3218.4
3446.2
3372.0
2987.7
2337.0
1485.2
546.3
14.7
0.0
134.1
909.1
1834.4
2710.0
3257.0
2656.5
2168.4
1879.2
1779.4
1404.4
522.5
21.3
0.0
90.4
832.8
1716.1
2443.5
2879.9
3129.9
3084.6
2684.5
2162.3
745.9
205.6
14.8
0.0
96.6
669.0
1675.1
2545.1
3004.3
2578.0
2914.7
1572.6
520.3
245.3
119.5
0.4
0.0
76.1
735.1
1965.0
2802.0
3289.4
3146.2
2482.7
1881.2
2287.6
1424.4
354.5
11.7
0.0
75.0
798.7
1558.6
2181.3
2248.6
3260.9
3250.0
2832.5
2237.3
1321.0
412.5
9.9
0.0
77.7
867.5
1825.7
2608.4
3139.6
3366.4
3241.6
2797.9
1923.3
1438.6
418.6
10.2
0.0
66.1
660.0
1655.4
2387.2
2598.9
3255.3
1969.3
1679.0
799.1
170.7
36.7
0.0
0.0
13.7
142.6
291.1
396.3
1255.8
562.9
647.9
583.9
407.7
265.5
93.1
13.4
0.0
108.8
668.3
1500.0
2268.5
1717.3
1860.9
3126.9
1172.0
1254.5
1252.9
421.6
7.5
0.0
105.5
828.1
1912.7
2630.6
3148.0
3373.8
3277.2
2892.2
2239.7
1398.4
464.0
5.3
0.0
80.8
797.1
1848.9
2622.2
3122.9
3323.7
3266.3
2880.2
2218.5
1335.3
426.5
3.4
0.0
50.9
755.7
1846.0
2599.0
3135.5
3343.6
3247.6
2848.2
2194.1
1345.2
424.2
6.1
0.0
51.5
793.2
1878.0
2673.6
2026.2
3769.7
3389.5
1930.4
2132.5
1365.0
446.7
0.1
0.0
80.8
495.1
1401.3
1386.6
1762.0
1379.9
1304.1
1336.9
881.7
242.9
41.7
0.0
0.0
27.6
190.1
500.6
1211.5
1052.0
872.2
1057.2
1454.6
883.4
129.5
149.3
0.1
0.0
14.5
107.9
431.1
652.9
551.1
604.3
585.8
643.5
368.1
161.8
76.9
0.0
0.0
48.1
305.7
1025.8
2471.2
2975.3
3166.4
2941.9
2412.7
1172.3
1042.3
404.7
3.8
0.0
96.2
525.3
1406.3
2526.8
3000.4
3187.0
3061.7
2723.6
2093.8
1250.4
370.5
2.4
0.0
42.0
223.6
508.4
797.8
1819.3
3188.6
3073.3
2710.3
2094.5
1196.8
346.2
2.1
0.0
60.8
472.8
1623.5
2129.9
2941.4
3151.6
3037.9
2638.9
2026.3
1219.7
333.1
2.4
0.0
60.2
307.3
789.6
2395.3
2899.7
3108.4
3044.0
2732.1
1837.1
1260.0
275.8
1.4
0.0
51.6
438.3
1653.5
2376.6
2854.3
3069.0
3218.3
2542.5
1784.2
1064.3
308.2
1.0
0.0
59.7
497.4
1372.4
1740.2
1936.0
1639.2
2291.9
1876.3
1950.7
615.0
163.3
0.0
0.0
40.6
397.9
1311.8
711.6
288.0
257.7
238.7
192.5
128.7
69.9
24.7
0.0
0.0
27.9
381.5
671.7
863.1
1164.0
1341.0
1157.7
1404.6
1288.4
769.4
245.7
4.6
0.0
52.0
394.1
1458.0
2465.8
2952.6
3195.2
3128.2
2759.4
2110.4
1279.9
360.6
1.1
0.0
34.4
316.0
1748.7
2463.6
2967.4
3187.3
3097.2
2732.5
2106.0
1273.3
353.5
0.4
0.0
30.4
212.1
1726.8
2420.0
2903.4
3119.7
3034.4
2655.3
2005.0
1188.3
321.3
0.1
0.0
34.6
234.9
1189.0
2411.5
2902.5
3156.5
3056.3
2695.8
2076.1
1248.7
333.2
0.5
0.0
44.3
333.5
941.1
2411.4
2922.1
3141.9
3020.0
2561.4
1926.8
1100.8
270.6
0.0
0.0
36.7
221.3
1636.2
2372.9
2812.0
3140.8
3029.6
2624.7
2028.8
1214.4
318.7
0.7
0.0
32.1
237.5
1599.7
2317.0
2820.7
3029.7
2950.6
2588.8
2002.5
1190.9
303.2
0.0
0.0
34.0
247.1
1546.0
2249.1
2733.7
2957.1
2856.7
2499.7
1866.3
1063.6
274.5
0.0
0.0
42.4
218.8
330.9
547.5
770.6
428.7
578.5
514.5
267.7
134.2
53.6
0.0
0.0
34.5
270.4
1124.6
899.3
1616.7
2363.4
1688.7
1533.1
641.9
816.6
216.1
0.3
0.0
31.3
249.7
414.2
743.3
1522.5
1196.5
2452.2
1469.8
546.4
232.6
57.9
0.0
0.0
17.4
99.0
385.9
664.1
1009.8
2204.3
1999.1
2323.0
1020.3
574.0
96.4
0.0
0.0
8.2
151.3
444.5
1323.2
1216.3
1144.3
1771.8
1374.6
693.0
418.9
126.6
2.5
0.0
25.9
352.5
1550.2
2135.7
2748.2
2958.8
2782.5
2536.3
1947.1
1086.9
295.0
0.0
0.0
30.7
395.4
1445.3
2186.3
2725.9
2687.6
2335.8
2330.3
1540.5
885.9
410.6
0.0
0.0
30.8
323.9
1028.8
1013.8
997.9
2052.5
1871.1
595.6
674.4
507.2
74.3
0.0
0.0
28.8
354.3
742.5
1634.0
1721.2
1633.3
1993.6
1538.7
941.3
463.6
145.2
0.0
0.0
41.4
377.4
1094.2
2146.3
2573.4
2663.0
2490.0
2433.1
1929.9
993.5
213.4
0.0
0.0
38.9
356.9
1321.3
1912.3
2445.5
2862.2
2794.0
2304.0
1729.8
1012.8
230.2
0.0
0.0
32.7
308.8
1451.8
2130.8
2650.9
2878.2
2863.2
2495.2
1825.5
956.8
221.0
0.5
0.0
19.8
73.3
93.0
192.2
306.0
425.6
1202.9
633.1
290.8
152.8
37.9
0.0
0.0
30.5
322.0
1004.6
985.6
1143.1
1299.3
1861.1
2284.6
1635.6
769.0
225.2
2.3
0.0
30.8
324.1
463.8
477.5
787.5
1060.4
1600.5
2326.7
1856.8
1032.3
217.8
3.4
0.0
26.7
279.9
1234.8
2221.8
2714.8
2944.5
2874.3
2519.0
1940.3
1070.4
191.7
0.0
0.0
22.6
286.6
1512.7
2231.9
2732.6
2974.7
2849.8
2503.0
1635.9
885.2
245.9
0.0
0.0
13.6
284.9
1510.2
2229.7
2708.4
2933.8
2869.2
2522.1
1950.1
1093.6
193.0
0.0
0.0
22.1
277.4
1526.2
2236.5
2713.3
2952.9
2894.4
2530.0
1900.4
1074.2
187.1
0.0
0.0
25.0
363.9
1462.5
2161.9
2665.2
2915.9
2779.0
2065.4
1731.8
995.1
192.0
0.0
0.0
22.4
276.7
1427.5
2121.2
2621.6
2860.1
2862.4
2455.1
1864.2
1086.7
197.9
0.0
0.0
49.3
394.1
1267.6
1694.3
2232.3
2511.3
2281.4
2383.6
1580.2
721.8
228.7
0.0
0.0
18.4
273.7
1541.1
2270.0
2785.1
3000.0
2835.9
2516.2
1699.2
996.5
261.6
0.0
0.0
45.2
380.5
1279.1
2128.2
2426.8
2637.6
2658.4
1884.2
1266.0
806.5
183.1
0.0
0.0
7.2
144.4
179.7
357.7
336.3
911.3
391.8
384.9
247.8
126.4
34.7
0.1
0.0
1.4
21.8
53.2
87.7
145.5
217.0
266.9
403.7
562.2
400.6
342.2
5.4
0.0
17.2
189.4
615.2
731.1
807.1
1359.1
1063.4
909.0
867.6
497.8
96.6
1.0
0.0
32.7
343.7
917.5
1239.1
1585.6
2390.1
2465.9
1814.6
1364.7
661.7
267.0
3.3
0.0
36.7
462.6
1489.2
2269.3
2279.3
2249.9
2526.4
2138.0
2049.1
1159.8
407.9
11.2
0.0
10.5
410.4
542.3
419.5
1059.9
2226.8
1993.8
2589.0
2025.0
1183.9
291.8
2.7
0.0
33.4
384.6
1289.3
2016.6
2654.3
2988.9
2921.4
2592.3
1995.7
1167.2
292.4
4.9
0.0
15.2
305.2
548.2
1137.8
1268.1
2923.7
3046.0
1873.6
1819.7
955.8
298.9
4.5
0.0
25.8
347.7
1238.8
2255.5
2754.2
2991.7
2940.8
2571.5
1977.8
1182.9
317.2
1.3
0.0
17.1
252.2
594.9
1510.4
2097.6
2878.5
2825.2
2499.7
1938.9
1148.0
326.5
1.8
0.0
43.8
264.9
1181.3
2032.7
2520.9
2739.5
2904.3
2159.2
1718.0
463.1
170.8
1.4
0.0
24.9
246.8
1357.1
2130.7
2597.6
2879.6
2825.7
2509.7
1960.0
1157.8
365.7
4.0
0.0
25.4
257.3
1441.7
2217.2
2570.6
2754.5
2827.6
2476.5
1946.5
1164.9
355.8
11.1
0.0
8.9
280.3
897.6
2307.4
2829.9
2990.3
2937.4
2544.9
2004.8
1186.5
319.9
4.8
0.0
29.2
225.7
1410.9
2260.9
2815.7
3032.8
2913.8
2520.1
1953.9
1147.9
319.5
5.1
0.0
34.9
304.9
1237.1
2088.3
2637.0
2904.2
2899.5
2432.8
1984.7
1094.9
376.4
5.4
0.0
18.4
197.8
1290.1
2241.7
2652.4
2711.5
2724.4
2551.9
2010.0
1235.2
374.0
5.1
0.0
20.0
159.9
1450.1
2210.3
2676.6
2943.8
2530.9
1955.4
1621.9
1157.4
346.5
8.0
0.0
18.6
216.1
404.1
406.3
563.1
712.4
779.9
699.0
538.2
205.0
64.7
0.9
0.0
10.2
108.9
253.4
349.1
464.5
576.2
645.7
502.3
345.3
218.1
75.6
2.4
0.0
13.8
127.4
359.1
553.4
791.7
1006.5
1360.8
2269.4
1987.9
1246.4
408.3
7.1
0.0
20.1
143.6
208.5
603.8
2032.9
2676.1
2572.1
2450.0
1467.5
1043.9
210.9
2.2
0.0
24.7
250.1
951.9
1605.3
2425.5
2920.7
2919.9
2615.8
2037.4
1285.3
428.4
7.3
0.0
26.0
252.0
902.3
2091.9
2763.3
3017.1
2973.7
2237.3
2104.9
1371.4
427.8
8.0
0.0
24.7
250.4
1564.2
2357.4
2906.3
3142.6
3084.6
2736.8
2148.4
1352.5
454.2
6.9
0.0
27.4
254.8
1550.1
2278.1
2886.0
3109.3
3035.5
2709.4
2109.6
1318.8
439.3
4.6
0.0
33.7
285.0
1516.8
2291.7
2805.5
3033.7
2889.1
2584.0
2037.4
1262.3
409.6
7.1
0.0
29.9
291.6
1539.8
2310.3
2835.4
3027.0
2977.1
2673.8
2070.3
1286.2
381.9
7.6
0.0
30.8
314.0
1547.9
2281.5
2852.7
3115.0
3069.7
2766.7
2178.8
1398.0
466.2
8.3
0.0
29.9
313.8
1604.9
2371.8
2910.4
3147.4
3097.7
2754.3
2129.2
1340.8
457.3
7.9
0.0
17.5
205.0
517.3
608.0
983.2
1450.8
1706.5
2047.4
2138.4
1366.2
473.7
19.7
0.0
45.8
343.9
1398.0
2327.2
2852.8
3153.0
3116.4
2786.8
2192.5
1378.6
472.0
7.1
0.0
32.9
479.8
1630.0
2367.7
2929.3
3159.8
2853.7
2343.5
2086.0
1341.5
503.6
16.5
0.0
9.2
191.6
605.2
432.2
857.6
863.6
512.4
453.7
394.9
105.6
126.2
4.6
1.3
16.8
155.8
166.7
528.3
970.8
868.4
941.0
888.3
672.0
463.1
152.7
12.3
0.0
42.1
327.0
566.6
1033.2
1454.1
1869.0
2482.3
2849.2
1785.3
1234.2
331.7
5.3
0.0
24.1
187.2
479.6
1665.0
3102.8
3487.3
3481.9
2342.2
2230.3
1375.1
453.7
19.6
0.0
33.1
413.0
1538.8
2145.2
2980.3
3289.5
3234.0
2868.8
2227.4
1390.2
482.1
13.7
0.0
55.2
578.9
1739.0
2474.3
2962.8
3211.3
3157.8
2823.6
2170.1
1178.2
469.3
16.0
0.0
50.6
653.6
1747.2
2524.3
3070.9
3289.8
3248.3
2938.4
2323.9
1459.0
509.5
18.0
0.0
42.9
301.9
1157.9
2536.9
3085.4
3318.9
3256.6
2947.1
2348.4
1486.8
507.8
19.5
0.0
54.7
717.1
1754.7
2545.5
3073.5
3324.6
3211.8
2918.5
2272.2
1407.0
540.8
18.1
0.0
50.1
775.4
1824.8
2597.1
3100.1
3386.6
3341.7
2965.2
2274.8
1432.0
518.6
18.2
0.0
54.2
771.0
1737.1
2490.1
3059.1
3327.4
3249.9
2839.7
1404.8
1404.0
420.2
26.1
0.0
58.2
544.4
1703.0
2498.3
3050.6
3109.4
3109.8
2343.0
1937.5
1568.9
462.4
22.3
0.0
59.2
817.8
1798.2
2537.0
3059.9
3329.9
3177.1
2916.3
2311.7
1439.0
514.5
20.0
0.0
60.8
822.4
1715.1
1885.2
2682.1
3142.2
3291.4
2700.9
2007.1
1426.2
546.9
23.7
0.0
81.8
741.1
1771.0
2563.3
3081.8
3256.1
3293.2
2946.5
2343.8
1488.4
571.3
30.4
0.0
75.7
839.9
1707.0
2532.7
3061.3
3194.6
3352.4
2599.5
1863.1
1080.9
422.5
9.3
0.0
70.4
339.4
1544.1
2122.5
2688.7
2958.6
2931.6
2499.2
2094.3
818.3
371.2
21.5
0.0
173.0
558.6
1032.9
1129.4
1157.1
273.7
1682.9
1267.0
601.2
299.4
205.2
13.5
0.0
31.5
38.8
81.3
365.8
387.8
533.5
1313.1
589.7
806.9
478.5
241.8
5.7
0.0
45.9
320.7
1150.3
1007.0
1266.6
974.4
985.9
501.1
523.5
213.5
87.7
0.0
0.0
31.4
303.4
187.1
420.7
571.4
501.4
221.9
157.3
444.2
440.5
245.8
25.0
0.5
48.8
394.8
1177.0
2408.8
3062.8
3329.7
3155.6
2258.0
312.7
312.3
65.5
0.7
0.0
8.9
76.1
312.9
399.7
165.8
275.5
449.9
131.0
38.1
54.9
13.8
0.0
0.0
6.1
46.2
126.6
159.9
218.3
273.0
206.1
231.1
196.6
127.8
31.3
10.3
0.0
41.3
242.8
432.9
599.3
591.1
1204.8
1691.1
1584.5
730.3
427.6
299.5
13.9
0.0
144.8
1172.5
1790.2
2584.5
2350.8
2372.2
3556.5
2137.7
1708.1
1331.5
559.3
65.2
0.0
133.3
1190.5
2193.0
2918.6
2969.4
3740.0
3532.4
3310.7
2699.0
1495.1
444.5
29.8
0.0
101.3
479.2
1188.5
1170.7
3038.6
3586.4
3689.5
0.0
2665.7
1773.2
758.6
39.5
0.0
213.3
1237.2
2215.9
2994.5
3547.8
3770.3
3687.7
3323.7
2625.8
1732.1
717.7
43.6
0.0
136.2
780.9
2192.3
2982.6
3526.4
3729.1
3573.1
3250.3
2616.0
1724.3
724.5
42.5
0.0
123.7
523.6
1787.2
2970.5
3459.7
3630.9
3474.5
3123.1
2496.1
1629.1
632.5
37.5
0.0
251.3
1214.9
2162.5
2939.9
3493.0
3710.1
3620.6
3219.0
2538.3
1695.9
695.6
43.3
0.0
257.7
1209.9
2132.3
2918.7
3483.2
3689.2
3570.0
3199.8
2522.4
1658.6
690.4
45.1
0.3
91.6
416.8
825.4
1324.6
2410.8
3579.3
3520.1
3131.7
2436.8
767.4
155.4
13.9
0.0
176.6
587.0
1096.0
1083.9
2050.9
2198.1
1993.2
1703.6
1264.2
1199.6
250.1
25.7
0.0
128.2
477.8
738.2
1311.9
3077.9
3605.1
3457.1
3102.0
2496.9
1794.6
601.0
52.0
0.0
212.4
1263.9
2201.2
2981.1
3588.6
3807.9
3687.1
3247.0
2547.7
1689.7
683.1
51.4
0.0
280.7
1173.8
2083.8
2901.8
3391.7
3632.8
3522.6
2974.2
1647.3
755.2
365.3
46.6
1.6
109.2
539.9
1822.6
2877.8
3485.9
3681.0
3540.5
3205.7
2531.5
1700.6
655.3
61.2
1.1
308.7
1240.0
2226.5
3010.2
3575.3
3781.2
3582.4
3162.0
2522.6
1627.0
672.7
48.6
0.4
305.5
1201.9
2107.0
2879.2
3394.3
3561.3
3442.6
2969.1
2310.7
1449.9
598.6
49.3
1.3
213.6
860.0
1987.7
2793.4
3213.0
3461.3
3339.5
2950.3
2257.5
1347.1
570.6
45.7
1.2
123.6
527.5
1469.8
2734.6
3292.4
3378.5
3249.1
2802.4
2145.7
1388.5
563.0
53.7
0.7
250.3
1059.1
2030.6
2869.1
3411.2
3607.8
3488.8
3063.6
2397.0
1566.3
679.0
84.1
3.7
283.7
1108.6
1798.8
2789.0
3284.4
3498.4
3412.0
3032.0
2410.8
1554.4
677.7
53.9
0.3
306.2
966.4
1778.9
2880.4
3370.0
3483.4
3185.3
2926.0
2308.7
1473.6
658.4
72.6
8.4
377.5
1252.1
2147.4
2908.1
3433.6
3615.2
3557.2
3162.0
2507.2
1628.3
640.4
50.7
7.5
388.1
1294.1
2221.9
2973.4
3487.5
3673.6
3544.5
3136.5
2349.8
1377.8
531.4
87.6
6.5
124.3
294.6
562.5
606.7
737.0
860.9
1770.5
1920.5
1815.0
1060.1
311.7
16.7
9.9
328.8
1268.3
2250.1
2961.5
3521.5
3779.1
3587.2
2945.4
2329.1
1451.0
482.2
85.9
8.6
416.5
1340.2
2203.2
3077.9
3582.7
3646.3
2996.0
2694.1
2373.0
1431.5
545.2
66.2
24.9
410.1
233.9
279.4
594.8
1905.1
1113.3
364.2
494.4
1011.8
1238.1
280.0
28.4
15.8
333.4
1041.1
1641.8
2505.1
2997.3
3300.2
3295.7
2922.1
2163.3
910.1
383.0
42.4
0.0
32.7
124.2
223.8
369.3
766.9
449.6
300.8
115.5
142.5
97.9
113.7
15.1
8.9
150.5
423.4
512.4
710.8
1070.2
992.2
328.2
217.0
221.4
327.9
97.5
11.7
2.6
58.7
155.2
465.8
394.9
650.1
681.5
664.3
543.0
390.4
124.8
81.2
14.4
17.4
188.2
530.9
929.7
1119.9
1348.5
3296.0
2123.7
1934.3
1181.2
613.4
539.9
54.6
26.1
390.7
814.7
1970.6
3406.7
3958.4
0.0
3751.0
3455.6
2628.7
1623.1
313.0
23.2
33.2
588.8
1636.0
2607.2
3386.3
3893.0
0.0
3821.2
3324.3
2260.1
1701.8
691.3
47.0
35.4
596.0
1677.4
2602.8
3328.0
3829.4
0.0
3597.1
3439.0
2671.7
1884.3
832.1
72.5
32.9
598.7
1651.9
2581.4
3348.2
3900.9
0.0
3828.4
3379.7
2611.2
1610.2
702.2
30.1
23.1
330.4
752.7
1697.2
3101.9
3180.8
1562.6
1524.9
335.2
1024.4
480.4
305.4
92.1
9.2
196.7
751.8
807.5
930.9
1815.8
2214.8
3132.7
3266.3
2496.7
1420.0
289.7
18.2
29.0
350.6
1421.9
2587.7
3355.4
3849.6
3944.4
3800.4
3353.8
1795.7
577.2
981.8
82.8
47.2
581.6
1530.9
2457.8
3222.6
3700.7
3876.6
3685.4
3144.9
2474.8
1507.1
665.5
60.6
39.7
583.6
1470.0
2371.1
3096.2
3659.8
3774.9
3594.5
3125.9
2424.3
1544.0
654.5
69.6
26.8
224.5
428.6
634.3
1904.7
2363.3
3527.1
3305.8
2885.0
2027.3
400.8
107.4
17.4
34.2
232.1
466.5
686.2
1087.2
1058.1
1131.0
820.9
1002.5
514.5
230.8
105.9
16.7
37.5
410.4
1455.0
2591.9
3338.5
3786.0
3947.4
3751.0
3327.5
2530.2
1680.6
701.5
85.1
58.3
653.1
1569.5
2467.2
3227.7
3731.5
3825.8
3711.1
2911.3
1997.0
1516.4
619.2
64.6
75.7
468.9
1475.6
2471.1
3095.0
3598.0
3588.0
2960.3
2559.6
2122.5
1179.7
529.5
72.0
0.0
78.5
439.7
359.6
1693.4
2847.4
2177.6
1891.6
1004.6
781.0
214.9
49.4
17.6
1.1
101.9
1129.2
269.7
83.7
266.5
249.3
562.1
205.2
179.3
166.9
176.5
36.7
68.3
941.3
1619.8
2663.4
2893.6
3308.6
2542.5
3828.3
3284.6
2973.6
1895.1
977.1
111.6
69.7
1028.8
2109.5
3057.6
3835.3
0.0
0.0
0.0
3714.5
2939.9
1817.2
968.8
68.5
90.5
1004.7
2047.6
2996.8
3730.1
0.0
0.0
0.0
3660.5
2896.1
1874.6
847.5
111.6
112.5
966.7
2044.7
3002.1
3695.4
0.0
0.0
0.0
3609.9
2275.4
1265.7
919.2
87.5
97.1
775.0
1747.7
2694.5
3406.6
3908.5
0.0
3851.8
2653.8
1988.8
1683.6
776.6
104.5
23.7
30.8
196.8
767.2
1266.0
1064.9
1796.6
772.3
477.2
501.5
457.3
77.4
8.5
22.4
86.8
170.2
566.1
444.9
702.5
588.0
673.9
406.9
328.4
177.4
159.6
45.7
74.8
436.4
1051.4
1684.0
2180.9
1301.1
1474.4
839.2
666.0
352.5
291.7
152.1
32.5
72.8
670.2
889.3
1685.4
3186.0
0.0
2301.9
3374.6
2207.0
2117.6
1895.6
538.3
91.5
78.0
356.4
990.3
1755.6
2811.7
3676.0
3596.8
3376.2
2601.0
1662.1
77.0
24.9
3.9
129.5
897.3
2142.1
2931.3
3243.9
3464.3
2107.1
2084.3
2402.7
147.4
53.9
162.6
48.8
79.8
494.6
870.1
1309.8
2415.8
2328.7
3885.2
2251.5
3024.8
1583.5
841.5
351.2
53.7
128.6
723.2
2060.2
3195.7
3305.3
3136.5
3662.4
2862.1
3246.2
2388.2
1410.7
548.2
67.3
181.6
701.6
2186.8
3147.2
3893.2
2401.5
0.0
0.0
0.0
2736.6
2420.0
1414.8
423.0
22.7
221.4
488.5
780.0
578.1
1307.8
1546.7
1889.5
1553.6
2139.5
1049.2
449.9
128.9
33.3
540.8
1269.5
2767.4
2993.8
3857.8
659.3
1793.1
1438.5
749.4
1059.5
827.3
264.7
57.2
590.4
938.0
1844.9
3247.0
2394.9
2567.7
0.0
3878.0
2390.4
2118.6
991.6
318.3
39.2
374.7
1352.7
2774.5
3629.9
0.0
3598.0
2675.7
3374.3
2612.4
2154.7
1581.9
424.5
56.6
817.8
1935.9
2945.9
3774.1
0.0
0.0
0.0
0.0
3505.6
2688.2
1645.4
439.8
39.6
642.0
1209.9
2042.7
2737.0
3192.3
0.0
0.0
3857.7
3665.8
2356.2
797.0
19.7
7.1
37.9
113.9
82.1
172.6
544.6
525.4
451.3
203.8
413.8
214.5
197.5
70.3
25.2
309.5
616.7
654.6
994.9
1202.1
1160.8
1145.6
1425.6
1050.2
528.1
333.7
52.2
19.9
489.3
627.5
673.6
734.2
950.1
771.5
898.4
898.3
766.0
1374.6
868.8
287.1
56.3
437.5
988.2
843.6
1624.2
2639.4
2383.3
2800.9
2799.3
2355.4
1358.7
1235.9
383.6
85.1
835.5
1647.8
2426.2
3035.1
3099.1
3184.3
2450.7
2208.5
1224.4
1041.6
619.0
277.4
74.4
517.5
1180.3
2689.8
3220.6
0.0
0.0
3122.2
3179.2
2438.1
1494.5
1717.7
439.2
39.9
207.1
296.1
249.6
2220.7
0.0
3741.8
3638.0
2894.8
2797.0
1751.2
1450.8
294.9
96.5
893.5
2025.1
3249.6
2710.3
3617.3
0.0
0.0
0.0
3752.4
2718.7
1612.2
507.3
97.9
407.2
692.7
2108.9
3732.3
0.0
0.0
0.0
0.0
3393.9
2504.7
1566.4
513.4
102.6
802.0
1254.2
2588.7
3697.2
0.0
0.0
0.0
0.0
3382.7
2475.5
1496.7
503.6
21.8
240.6
1265.7
2678.9
3494.9
3972.4
0.0
0.0
3784.4
3154.0
1995.9
494.2
60.7
16.5
292.8
1187.7
1583.6
1686.0
1341.5
3010.1
2816.9
2002.7
2628.0
1472.2
813.2
82.2
115.0
832.0
1487.6
1999.7
3573.5
3776.7
0.0
2693.0
1952.5
1051.2
193.9
111.2
68.3
94.1
360.3
718.8
1296.3
2438.4
3329.2
3090.0
1892.4
2774.2
902.8
1287.0
481.9
56.2
84.3
420.9
1132.7
1699.4
2015.6
3298.4
3684.9
3298.4
2317.1
1260.8
701.0
207.7
19.3
66.5
497.5
1211.2
1287.2
3300.9
0.0
0.0
0.0
3501.2
2279.5
1904.5
943.4
272.1
118.7
895.2
1936.7
2907.3
3560.6
0.0
0.0
3433.4
3621.5
2843.2
2098.7
936.8
318.3
39.4
201.3
440.7
1126.7
745.1
2256.4
0.0
3781.7
3439.5
2736.0
1732.1
1231.1
526.8
30.1
208.5
386.3
614.9
834.3
392.9
963.2
1024.0
717.5
441.1
459.4
345.3
145.1
26.1
354.5
462.6
608.5
960.6
704.9
928.8
1628.4
1247.1
584.9
316.6
74.2
20.4
33.1
223.3
349.3
492.7
863.1
826.0
710.8
1084.2
1008.8
557.9
318.3
459.9
245.1
142.5
900.7
996.5
2364.7
3571.8
3646.9
1342.0
1875.7
1558.5
1871.6
2256.9
1126.1
302.4
157.4
1037.4
1983.4
2914.0
3812.5
0.0
0.0
3465.6
2693.1
3777.4
2726.6
1564.6
525.7
114.3
547.5
965.0
1779.3
2974.3
3576.4
0.0
0.0
3640.1
3109.7
2538.2
1146.7
362.4
84.8
415.8
1113.9
1660.5
2762.3
2750.3
2729.6
2583.8
3138.3
2474.5
2302.5
1335.6
449.2
81.5
375.2
1344.3
1307.3
2052.8
3936.3
0.0
0.0
3939.6
3303.6
2728.0
1631.2
704.2
124.8
949.6
2026.4
2997.0
3792.0
0.0
0.0
0.0
3678.2
2731.2
2173.0
1683.3
719.6
130.6
901.2
1923.4
2890.7
3717.5
3219.5
0.0
0.0
2392.2
191.8
197.5
523.2
877.7
136.1
915.0
1943.5
2917.3
3449.5
3917.9
0.0
3787.2
2869.6
3152.9
1904.0
935.2
180.8
155.0
952.2
2085.5
2903.9
3742.2
0.0
0.0
0.0
0.0
3528.0
2699.5
1324.9
241.2
137.8
931.3
1959.2
2944.8
3754.0
0.0
0.0
0.0
3018.7
980.1
1705.0
126.0
103.0
102.7
543.3
1365.4
2139.4
3237.7
3817.9
3550.5
2797.7
1891.9
481.6
48.1
27.3
41.0
149.2
855.4
1481.7
2383.1
1974.6
2990.5
2540.5
2753.1
646.4
895.8
1003.6
649.9
80.2
127.3
536.1
1266.9
1405.3
1769.6
1629.1
3022.2
2020.5
1154.4
2077.7
963.9
441.7
737.2
110.4
654.5
1816.8
3066.5
3499.0
3855.9
3652.2
2882.6
1352.6
626.2
772.8
655.8
319.6
78.4
520.5
1139.3
2785.6
3580.8
0.0
0.0
3647.3
3426.4
2383.1
846.1
481.4
205.1
41.2
279.7
604.1
946.4
1602.4
1446.9
576.3
1154.4
731.7
256.7
441.0
291.2
102.3
17.1
106.0
272.4
593.5
1241.1
1734.3
2699.7
2067.1
2060.0
1378.7
266.7
92.8
78.0
19.5
218.2
404.5
608.3
1284.4
2099.0
1525.0
1993.4
1283.5
1533.8
782.4
763.4
187.6
47.9
732.8
1199.3
2552.3
3116.1
3759.9
3241.1
2296.9
813.3
366.3
807.0
422.8
218.7
30.9
317.8
1844.2
2497.7
3503.0
0.0
0.0
3611.3
2273.1
2761.3
1582.6
401.2
221.1
32.0
167.8
605.5
1175.7
3281.5
2460.0
3732.0
0.0
2979.7
1482.7
2304.9
1554.0
775.7
46.2
637.0
1389.8
2168.3
2765.5
2939.4
2268.3
1760.6
1424.5
1678.1
773.3
576.5
193.8
44.1
280.0
741.9
1198.7
1905.9
2995.2
2920.9
3910.8
1387.7
2059.6
1134.4
594.9
183.2
19.4
179.7
504.8
1716.3
1523.3
2183.9
3500.6
2856.7
2963.3
2160.0
1618.0
1109.9
188.4
46.2
278.2
1499.6
2537.2
2638.3
0.0
3113.6
2740.0
3166.5
1745.4
1403.5
1027.3
811.9
67.5
512.3
1463.5
2329.7
3201.5
2080.5
2586.8
2981.6
3098.4
3483.6
2082.1
765.4
279.4
124.2
858.6
1945.2
2508.8
3677.7
3392.6
3547.3
3628.8
3510.8
1801.1
1097.8
879.6
219.1
42.1
281.9
614.4
881.0
1526.1
2024.6
3268.5
0.0
3769.3
2853.3
2094.0
1134.2
431.6
104.6
768.4
1742.7
2724.0
3640.6
0.0
3931.4
3162.9
3742.2
1905.8
810.9
729.0
118.3
45.2
748.1
1907.1
2881.5
3699.2
3824.8
0.0
3912.2
3047.6
3501.1
2709.8
1305.0
406.0
41.1
216.1
675.6
1243.6
2445.0
0.0
3709.7
0.0
0.0
3849.8
2554.6
1596.4
60.9
116.7
385.6
1772.2
2243.9
3642.6
3910.4
0.0
2648.4
1614.8
960.7
233.7
139.6
118.4
10.3
109.2
290.4
620.9
670.2
578.0
554.3
429.4
552.1
393.2
288.7
187.1
163.2
58.7
383.6
743.8
1439.4
1559.0
2251.6
2437.6
1406.0
689.1
693.9
422.9
184.8
99.6
36.1
421.0
1077.5
2651.7
2294.0
2268.0
1257.4
903.1
518.5
617.3
688.6
346.2
101.8
94.0
544.1
1180.7
1618.1
2261.0
1422.9
1894.9
1004.8
2143.9
1465.8
1708.9
365.7
162.7
37.9
207.5
552.9
874.1
1290.0
2264.4
2748.4
2286.8
2229.4
1813.9
1931.9
1040.5
284.1
26.6
206.8
657.1
833.7
1242.8
409.0
893.0
2819.4
2329.5
2263.2
1804.4
561.7
204.9
27.0
596.4
1781.4
2767.7
3242.0
2682.8
2124.6
3005.0
2561.0
1963.0
1926.2
556.7
296.4
57.3
628.0
1888.5
2342.3
3423.9
1517.3
1729.8
2912.1
2782.1
2824.3
2791.3
1935.2
282.5
46.3
824.1
1218.6
2913.1
3836.5
0.0
0.0
0.0
0.0
2853.2
3246.4
1910.9
733.1
84.1
301.4
839.3
2705.3
3412.2
2629.1
3321.8
2086.7
1555.8
912.4
547.4
392.6
125.9