y
26.9
492.5
1274.8
2211.5
2173.8
1674.9
2647.7
2408.5
2641.8
2765.4
1905.3
865.1
145.8
21.3
485.9
1391.2
2272.1
2982.0
2759.6
3237.5
3152.2
2826.0
1837.3
1667.8
391.2
134.8
18.1
477.2
1348.0
2230.2
2956.1
3452.9
3211.0
3650.2
2111.9
2829.2
2117.9
1096.5
373.3
9.6
430.9
1253.2
2050.6
2942.8
2443.1
3408.1
3398.2
3234.5
2402.3
1474.2
563.0
241.9
9.1
435.3
1347.2
2068.9
2045.3
3137.0
2962.4
2440.0
1683.6
2217.2
1332.9
779.4
152.7
6.4
22.1
36.8
35.0
137.0
234.8
500.9
867.2
1016.4
813.0
700.8
580.1
152.0
9.1
117.7
427.9
550.6
227.7
78.4
282.3
670.5
1395.7
1714.9
1435.6
465.0
224.7
18.1
226.1
957.5
1743.0
1851.2
2067.5
2657.5
3281.4
2948.3
2273.8
1291.0
431.9
127.3
36.9
235.3
387.9
594.9
865.7
1095.5
1970.1
2297.0
1948.3
1452.3
1164.5
686.0
177.4
14.0
137.2
800.2
1785.9
2590.7
2216.1
1919.2
3380.6
2664.3
2530.4
1943.3
848.3
239.8
13.4
129.3
730.0
523.8
1169.7
2068.9
3410.2
2692.0
2341.6
1081.6
972.9
672.7
191.9
6.3
167.6
797.1
499.9
571.4
665.2
525.0
745.1
603.3
545.1
422.7
320.4
56.4
2.8
226.8
1120.0
1575.4
2512.9
2591.3
2536.7
2815.8
2645.5
1707.7
1183.3
884.8
85.5
1.2
41.5
262.4
362.1
429.2
641.8
894.7
1571.0
1527.9
1274.1
1061.4
697.7
160.3
0.5
45.3
97.3
165.5
395.6
583.1
960.6
1942.5
1680.3
1529.1
639.4
660.6
111.9
10.3
257.5
795.0
1361.4
2131.4
2501.5
2868.8
2737.2
2870.7
2174.7
1373.5
789.7
76.8
8.1
415.0
1281.9
1150.8
2257.2
2493.8
2290.8
2476.2
1454.4
2036.3
2159.9
1160.8
346.1
5.0
142.0
1327.0
1723.0
2314.0
1717.8
2237.4
3131.1
1798.1
673.9
414.2
290.8
91.3
3.5
90.7
638.1
1365.5
2545.8
3347.3
3566.4
3389.8
3472.0
1065.5
340.9
49.2
8.2
21.6
288.7
956.6
1459.9
1344.1
1789.7
3771.1
3529.1
2461.5
355.0
229.3
262.4
133.6
4.9
226.2
720.1
1438.9
1987.0
1824.5
2459.4
1757.7
1605.7
997.4
1817.1
1149.7
368.3
6.9
186.3
720.4
1172.4
2180.3
3164.8
2180.9
2540.4
3016.0
1557.3
429.5
223.5
99.1
6.3
293.4
630.9
413.5
1117.6
2729.5
2298.1
2615.4
2593.5
2665.1
445.7
283.2
167.8
10.6
353.2
1049.6
1712.2
2273.6
2139.0
2723.3
2095.2
2306.3
2073.0
1524.4
674.1
178.6
13.5
258.5
1144.1
2022.9
2213.7
2362.3
2295.2
2984.9
3243.6
2993.7
2193.1
1201.4
169.1
4.5
276.4
1087.7
1562.5
2825.7
3197.4
2498.1
1903.1
1992.5
272.9
768.4
480.6
160.5
12.7
318.3
1285.5
2122.4
2777.0
3061.7
3007.9
3283.8
3197.9
2980.7
1917.5
856.8
91.3
3.6
139.2
903.1
1572.9
2969.2
2741.1
2647.8
3312.3
2934.8
1449.2
449.4
170.6
50.9
0.4
116.8
514.9
1214.4
1504.0
1909.8
1843.7
1826.3
1929.0
1910.9
1019.3
1339.3
412.1
4.3
121.1
620.6
1163.1
2648.7
2658.6
3176.4
3145.0
1867.6
532.0
516.2
520.5
84.5
6.4
382.8
877.5
1613.4
1790.1
1844.9
2929.3
2104.3
1158.9
1309.7
2056.8
628.4
112.1
6.7
251.9
1091.3
2150.0
2902.3
3443.8
3666.9
3963.7
3027.6
1024.9
210.4
70.6
149.9
6.0
373.6
1317.7
2234.0
3001.4
3361.4
3033.0
3048.4
3064.7
2471.5
2164.1
1157.2
251.6
5.6
380.7
1193.3
2328.8
2779.2
3419.5
2390.5
2251.2
2509.9
2745.1
1364.5
794.0
247.4
2.7
215.1
770.2
1819.4
2244.8
2984.3
3765.8
4005.3
3462.4
2998.3
2224.3
1185.4
324.3
6.4
448.0
1362.5
2279.4
2780.8
3368.4
3116.8
3343.5
2533.8
1079.9
826.2
839.1
314.6
1.2
123.7
1132.1
2209.7
2999.1
3500.5
2415.8
3225.1
2805.4
2417.1
2184.4
1070.9
153.1
0.9
137.4
971.5
1381.0
2612.8
1974.1
2839.8
3699.1
3275.3
2415.8
985.9
482.1
184.6
4.3
385.4
1411.4
2038.9
2792.2
3045.5
3302.9
1651.2
3018.1
3006.3
1221.6
437.7
241.6
2.5
264.2
896.8
1608.0
2266.5
3152.1
3333.5
3158.7
2690.4
2963.2
2115.0
972.5
226.9
2.7
96.8
542.7
1438.9
1360.4
2325.8
3229.2
3121.4
2657.3
1481.3
1461.1
1066.4
103.4
3.6
327.6
1282.3
2156.6
2961.0
2578.2
3341.8
3255.7
1802.8
2568.4
1092.9
688.7
231.4
3.3
400.8
1376.2
2258.4
2417.5
3196.4
3238.8
3287.0
3540.0
2468.9
2025.6
1251.8
362.6
3.9
178.8
970.3
2119.1
1971.6
2518.3
2622.4
2963.5
2564.2
1867.6
1379.4
487.1
352.1
3.5
281.0
691.5
1758.6
2056.0
3062.9
3400.6
2638.3
2747.1
2578.9
1413.1
702.5
124.9
1.5
164.4
892.7
1687.7
2481.7
2046.7
3595.5
2841.7
2573.8
2019.7
1298.9
914.9
249.8
5.7
233.4
769.1
1429.1
2803.3
3442.6
3541.4
3406.1
3194.9
2679.0
2124.9
1227.8
112.7
0.2
134.0
497.0
1663.3
2088.1
2690.0
3241.1
3618.8
2309.8
2240.1
2060.9
944.8
214.3
1.1
127.6
710.0
1726.3
2461.2
2688.8
3272.5
3201.3
3611.1
1624.1
2236.7
1056.5
319.2
2.8
95.9
313.7
1599.0
1823.6
1388.7
3188.4
2713.4
2146.4
2292.8
1250.7
258.3
92.2
5.1
114.7
337.9
1205.3
1401.1
2100.7
3059.2
3704.6
2865.8
2584.6
633.5
477.9
156.0
0.9
127.8
619.5
1466.2
2150.7
2626.8
2987.4
1021.5
576.8
1018.6
1333.9
1235.7
294.2
4.2
331.1
1379.7
2291.8
3049.5
3192.7
3696.1
2171.8
2556.7
2076.9
1488.6
1091.5
379.3
436.1
492.9
888.7
357.8
913.3
1364.3
2147.1
2353.9
3129.8
2121.8
2118.1
1010.4
311.0
7.0
333.9
1122.6
1936.1
2122.5
1860.9
2968.7
2336.1
1905.6
1536.7
1181.2
755.4
202.3
2.0
347.1
638.4
934.8
2353.7
2522.0
2486.1
3530.3
2344.9
1893.9
1478.7
1303.2
357.8
2.4
128.0
439.9
1849.5
1753.2
2304.1
1871.2
2928.7
1366.4
1493.1
1420.9
562.7
142.6
2.3
282.7
781.2
631.8
213.2
2191.3
2343.7
2817.7
3507.1
3046.1
1588.3
538.1
216.7
1.8
157.1
403.4
635.2
1082.4
1968.5
1511.8
1990.3
1921.3
1547.6
1250.7
600.3
255.7
1.3
229.5
577.7
1023.1
642.9
1666.3
1288.5
1529.2
1750.1
1167.2
946.4
413.1
133.1
1.0
192.1
783.0
1007.0
1360.1
2699.1
2961.4
2202.4
2090.5
1118.3
610.3
475.6
130.2
2.4
223.3
999.0
1267.5
1107.3
1890.8
2510.9
2383.8
3016.9
1547.9
726.1
411.3
130.9
0.3
129.5
510.3
711.1
1666.9
1562.7
1623.8
2047.9
2656.7
2063.7
1650.6
764.4
57.9
1.6
238.1
706.2
1536.2
2447.5
3221.6
2895.7
3009.2
2479.6
1550.8
1660.7
836.3
207.2
3.8
352.0
1082.5
2053.1
2377.9
3617.6
3166.3
3358.8
3078.8
2635.5
2124.9
914.3
152.2
1.6
315.9
727.9
474.7
1397.7
1637.5
1326.1
1936.5
1337.9
1564.5
1287.7
829.3
264.6
2.0
184.3
403.5
1060.1
1835.5
2583.8
1595.1
1277.6
1621.3
930.5
808.0
431.1
154.6
2.4
338.0
1319.3
2156.2
2999.7
3102.2
2712.6
3052.5
1500.9
1773.2
1284.2
553.1
134.9
2.3
350.7
1377.3
1533.1
2900.7
3200.4
3073.5
2482.4
1105.7
929.0
366.2
47.0
27.7
27.65
27.6
46.8
195.5
739.7
2224.3
2309.5
2570.9
3178.5
2644.1
1633.3
719.4
264.1
3.0
335.5
1212.8
2239.3
2892.7
2175.7
3607.1
3116.1
3561.3
2410.3
2311.8
1364.8
253.5
2.3
282.8
1315.2
2012.4
2771.3
3321.9
3526.9
2476.8
2323.8
2391.5
2277.6
958.9
238.5
3.7
148.3
334.1
534.4
2421.6
2793.6
3017.2
3553.5
2657.2
2664.0
2018.3
1051.8
115.0
2.6
270.8
339.5
841.2
2685.5
2856.8
3407.9
3470.5
3084.3
1636.0
1144.6
678.1
285.4
2.5
135.9
525.3
704.0
1286.2
1495.6
1830.4
1477.9
2598.5
2116.7
1140.1
325.8
149.2
1.1
139.7
362.6
723.4
1382.8
1559.3
1705.5
783.2
185.5
202.0
247.2
164.5
34.6
4.3
157.0
698.9
1881.4
2579.9
3587.4
3507.0
2857.5
3599.1
2686.4
1940.3
526.9
148.0
3.6
174.3
263.3
453.4
1127.0
2391.3
2282.2
3025.7
2215.4
2788.2
1796.1
885.4
88.8
2.5
253.2
685.5
1750.0
2316.3
2008.8
2026.8
1992.3
1372.2
2106.9
460.9
218.0
32.1
3.1
296.9
647.7
758.8
923.5
1401.5
2354.6
2430.3
2310.5
1700.7
1264.2
433.9
73.5
4.4
339.4
1128.6
1413.6
1945.2
2289.4
2978.2
1748.2
2574.3
1562.9
328.3
205.3
67.9
1.1
176.4
888.6
1978.5
2961.3
2075.7
1378.7
1687.6
1666.2
2262.3
1349.0
996.7
167.7
4.8
279.7
1128.0
2174.7
2564.0
1991.4
3456.2
3399.1
2987.5
2715.3
1850.2
1064.2
169.7
5.7
212.3
619.8
1789.3
2238.9
2712.0
3680.0
3361.9
2731.2
2658.9
1897.9
1061.1
171.9
4.1
357.1
1343.7
2232.5
2925.0
3357.4
3123.6
2608.2
3532.0
1971.2
1569.4
436.5
43.3
9.3
358.7
566.5
1250.6
1300.7
1568.1
2274.7
2750.2
2868.4
2358.3
1769.1
435.9
106.1
2.0
311.4
848.4
1344.6
1317.8
1960.5
2082.2
2927.7
1044.8
384.0
358.7
626.0
107.5
1.7
158.1
333.3
1884.3
1350.7
2091.4
2524.9
2539.6
1551.0
1471.3
1302.3
985.9
171.5
0.2
200.4
843.3
1338.7
2691.4
1913.2
1256.1
2985.9
2008.2
1782.6
1257.4
993.0
109.7
3.8
367.1
964.9
1877.3
2095.1
2577.5
2347.9
2593.5
2623.1
2571.2
911.6
216.5
67.1
6.1
369.2
1361.9
2296.9
2968.5
3585.0
3073.8
3106.0
3225.9
2741.6
1925.3
967.7
167.9
6.4
288.4
1306.5
1884.9
3103.1
2698.2
2739.9
1615.9
463.5
360.6
605.6
411.8
81.9
5.2
348.0
1188.8
1999.1
2396.3
2739.3
2935.2
2022.7
2899.7
515.6
254.4
283.3
140.1
3.5
186.6
554.7
1521.4
1457.0
2578.8
3361.9
3762.4
3041.7
2337.8
1280.7
568.5
81.6
8.4
218.6
601.3
2254.6
3149.8
2758.1
2593.2
3035.5
2511.1
1710.4
961.7
213.9
41.8
5.4
285.4
854.6
1252.6
1260.6
2492.8
3111.1
3277.2
3138.8
2638.6
1847.2
900.6
98.6
2.1
207.7
642.8
1001.0
1331.6
3205.2
2354.4
1527.4
1923.4
1657.9
1426.6
472.3
116.4
5.1
279.3
1331.2
2231.1
2991.1
2988.7
2881.1
2322.1
2831.0
1666.2
1573.2
712.7
114.4
7.5
390.6
1290.1
2174.6
2936.3
3192.6
2530.2
2609.6
2348.2
2426.6
1665.2
816.9
112.8
8.1
126.2
306.2
746.8
1623.2
2689.0
3302.5
2715.1
3093.5
2430.5
579.1
537.5
124.6
3.0
186.2
716.9
1148.4
2295.6
2264.3
3726.1
3541.9
2876.4
1865.7
985.5
459.1
93.9
1.0
131.7
303.4
381.5
498.2
367.3
294.4
464.9
601.9
870.5
623.6
420.5
83.3
3.9
265.6
892.6
1210.4
2871.1
2793.0
2195.1
3006.7
1302.6
1719.2
1444.5
691.3
64.7
3.3
297.1
1287.8
2241.4
3050.2
2959.2
3265.3
3372.7
1986.3
1477.2
1006.6
731.4
47.8
2.9
79.3
558.0
1403.1
1891.2
2288.5
2437.7
2553.4
1995.4
304.3
136.1
164.0
54.0
7.2
402.9
1118.4
1066.9
1216.0
2789.2
3105.7
3650.4
2883.3
2388.4
1247.5
522.8
78.8
5.9
271.5
1182.0
2157.5
2902.4
1997.8
2826.8
3290.1
2403.2
1953.4
1511.2
505.0
101.5
4.8
386.1
1336.5
2263.4
2977.5
3435.9
3436.5
3419.9
2903.4
2639.8
1742.6
626.3
93.2
7.1
360.9
898.0
1281.9
2401.9
2839.3
3441.5
2691.8
3113.3
1371.6
417.3
187.3
48.9
7.8
386.1
1158.2
2143.2
2544.8
3253.8
3402.3
3212.3
3061.7
2240.0
1250.7
873.4
90.9
2.3
118.4
291.8
1695.5
1906.1
2749.6
2264.7
3467.2
2051.3
254.8
326.8
342.6
131.7
5.8
207.9
664.3
1079.5
1785.1
2763.1
2413.9
3183.1
1095.9
301.7
141.2
63.7
13.3
5.4
342.7
588.5
2036.6
2789.8
1470.0
1958.1
2018.5
896.1
422.9
358.7
166.6
26.3
5.7
116.7
784.9
1408.1
2059.1
2451.4
3424.1
2757.1
2359.5
692.5
926.4
514.9
36.7
4.8
158.3
479.4
1539.5
1656.4
1694.1
1540.5
349.9
720.8
1059.0
1092.4
282.1
62.7
8.7
286.7
1056.3
1331.7
2217.0
2929.5
3298.2
2648.8
1957.8
1529.4
1391.8
586.8
78.4
5.9
367.7
1245.1
2169.3
2690.3
3278.6
3581.3
3288.5
2958.8
2120.5
1216.6
404.2
48.9
6.2
129.1
416.7
729.0
1551.5
3140.6
3284.5
3551.1
2914.0
2408.2
1466.9
676.5
57.9
5.1
97.6
375.4
710.2
1309.0
2825.7
2684.4
2922.4
2592.0
2248.2
1514.0
651.3
78.4
6.6
275.6
482.4
831.6
1850.6
3117.1
3018.9
2095.3
2143.4
2187.8
1386.7
626.9
88.0
2.2
394.6
1159.1
2063.0
2844.9
3269.6
3106.7
3412.1
2583.0
2015.1
1133.0
540.4
80.9
9.9
366.7
1112.4
2118.3
2605.0
2304.9
3164.5
3380.6
2314.7
1657.7
1481.8
544.8
60.9
5.3
357.1
1163.4
2019.2
2506.9
3394.1
3324.5
2900.2
2706.5
2333.7
1459.4
433.5
31.0
10.0
350.6
1174.3
2015.4
2781.2
2443.6
2522.5
2076.5
2319.4
1680.2
563.9
284.3
33.1
5.4
365.7
916.5
1952.0
2185.9
2205.9
2444.1
2589.8
2052.8
2377.1
1545.1
657.5
47.8
6.0
356.8
1046.6
2064.0
2778.5
3242.1
3105.5
2778.6
2178.4
1926.1
1070.9
337.3
56.2
8.7
401.7
822.7
2058.3
2786.0
1661.3
1633.7
2483.3
1851.0
2297.1
893.1
480.5
25.2
4.3
258.6
1012.9
2019.2
2769.7
2916.2
3173.2
3224.9
2541.7
1900.6
1180.2
483.8
31.6
2.3
311.7
874.8
1677.8
2339.5
2289.9
2169.8
2611.0
1321.9
1651.8
1381.8
424.5
46.3
12.5
336.8
731.0
1920.5
2604.8
2802.1
3500.3
2602.7
2449.9
1342.8
1074.7
288.3
33.1
4.5
277.9
762.3
1946.5
1687.3
2085.7
2420.7
1829.5
2325.3
2205.9
1143.3
322.4
26.4
5.5
243.6
791.8
1843.0
2653.2
2990.1
2899.4
2926.1
2144.1
1868.0
995.6
258.1
23.9
3.5
272.0
806.4
1893.1
2702.9
3134.9
3191.2
3025.4
2731.4
1854.3
1351.4
435.9
51.1
4.4
305.9
1030.4
1983.6
2679.0
3113.8
3289.7
3048.9
2790.9
1985.1
1415.2
476.2
47.6
5.0
297.8
832.8
1836.1
2658.3
3063.0
3235.1
3118.6
2615.0
1274.0
657.6
181.9
13.3
8.0
177.9
851.0
1893.4
2677.4
3062.8
3322.4
3162.1
2762.4
1955.4
750.4
251.5
38.7
3.9
245.7
794.8
1790.4
1936.9
2866.8
3176.9
2999.0
2124.3
1373.0
415.9
182.6
21.3
3.2
238.6
777.4
1680.9
2148.2
2620.6
2403.6
1780.5
1163.9
1554.3
373.3
277.8
36.3
2.7
209.3
671.3
1708.6
2392.1
2956.6
3130.2
1385.4
925.6
587.4
475.4
316.5
35.9
6.2
207.0
677.6
1483.0
1664.5
1921.8
2353.5
2124.2
1417.8
929.5
821.4
293.1
17.4
1.8
60.4
241.4
1726.6
1728.7
1553.4
1854.3
1773.1
1741.7
2168.3
1479.5
621.4
58.7
2.4
299.7
1053.2
1334.8
1619.9
1877.8
1994.3
1791.3
1953.5
1163.1
819.3
271.1
29.3
2.4
316.4
867.4
1408.0
2657.3
3103.1
2895.7
3308.3
1903.8
1643.6
1233.0
229.6
61.5
2.9
354.6
1048.5
1377.4
2708.6
2723.5
2383.9
2573.6
2318.6
2184.9
1404.7
468.4
41.8
1.9
114.4
498.8
1018.7
1522.2
1899.4
1383.0
1780.7
1328.6
1187.2
741.4
389.7
45.4
2.5
268.7
987.7
1286.9
2655.0
2758.5
3005.1
2658.6
2636.7
2136.9
1264.7
468.4
41.0
2.5
324.5
955.8
1271.4
2668.5
3093.2
3212.3
2968.7
2616.6
2077.0
1241.8
463.5
41.6
2.7
324.2
964.1
1237.3
2670.9
3038.7
3231.4
3081.1
2603.4
2139.5
1234.4
470.0
41.5
2.8
307.5
927.4
1193.3
2599.8
3081.9
2923.7
2991.1
2165.0
1903.9
810.2
487.3
47.9
2.5
239.1
848.9
1135.5
2621.0
3015.8
3279.4
2291.9
2319.0
1688.6
1367.7
351.7
44.6
2.7
280.1
841.7
1129.7
2590.8
2632.8
3338.6
3027.5
2218.8
1548.2
1176.5
205.4
18.3
3.2
312.2
848.3
1123.6
2631.1
3032.0
3059.1
2925.8
2337.8
2084.2
977.0
506.2
49.7
2.1
243.1
774.9
984.1
2497.4
2899.4
2822.6
2595.9
2400.3
2057.6
1121.4
364.0
32.2
2.2
273.7
765.5
1069.4
2663.8
2792.9
3127.9
2400.6
2302.5
1139.3
513.2
230.5
39.6
1.6
267.4
714.6
1035.0
2222.2
1281.6
1109.0
974.0
1503.8
1308.7
846.8
333.2
42.2
1.8
191.3
559.0
1225.3
2420.2
2999.8
1981.0
1769.5
2127.3
1035.0
835.3
348.2
30.2
2.7
281.2
677.5
910.3
2375.3
2739.4
2105.1
2425.3
2524.7
1238.2
1200.4
401.5
44.9
1.8
248.1
651.3
969.1
2567.9
3020.4
3182.0
2371.2
2160.2
1497.2
1202.5
422.3
30.7
2.2
283.7
663.7
901.2
2637.8
3046.6
3143.7
3039.8
2746.4
1630.5
1030.3
402.0
40.4
4.7
289.7
662.8
870.2
1615.9
2291.2
3219.6
3288.7
2379.8
2249.8
1299.2
368.4
59.3
1.7
269.7
595.4
932.2
2537.5
2824.5
2674.7
2884.1
1515.5
1603.0
423.3
222.7
41.7
1.9
172.8
562.7
1049.3
2291.7
2222.8
2604.7
1986.6
2086.9
1496.7
1170.2
366.9
39.8
1.6
276.9
575.4
841.3
2466.7
2657.0
2986.4
2791.0
2341.6
1844.7
1203.3
361.3
40.1
3.6
188.6
490.8
889.6
1261.7
2299.0
2914.4
2904.3
2670.8
2162.8
1257.9
282.3
41.6
1.5
299.9
677.8
1212.1
1641.7
2183.6
1558.4
1782.8
1792.9
2027.6
1256.5
340.2
44.0
1.4
86.9
330.3
1320.5
2463.4
2861.5
2585.7
2483.4
1537.1
983.9
500.0
158.0
25.8
1.2
285.4
722.9
917.7
1692.3
2814.8
2205.6
1572.2
1569.2
816.4
413.4
277.9
33.8
1.2
282.7
540.7
711.6
1986.9
2901.9
2546.1
1849.8
1134.9
489.8
312.7
141.3
41.8
1.1
176.5
459.8
1132.5
2412.6
2343.2
1869.6
2346.4
2113.3
2145.9
1124.5
316.8
40.8
1.4
269.0
527.9
787.1
2532.1
2980.2
3015.3
2825.8
2346.6
1259.6
479.9
252.9
47.3
0.8
276.5
704.9
683.7
2735.4
2190.1
2079.6
1474.1
1764.8
1338.3
961.0
329.2
56.2
1.1
164.3
504.5
938.3
2550.9
3014.0
3123.5
2883.5
1784.0
1673.4
1274.6
286.6
20.0
0.3
259.1
750.9
443.0
895.8
1765.9
2619.1
2037.7
1599.5
838.7
1024.4
287.2
72.0
1.5
170.1
631.6
853.8
2455.7
2986.2
3148.4
3071.1
2578.3
2123.7
1148.3
253.7
49.3
1.2
296.5
570.7
775.2
2547.5
2993.9
2380.3
2559.5
1554.0
2279.3
1061.5
338.1
72.2
0.9
264.2
561.4
749.4
2560.4
2992.0
3197.0
2606.6
2399.2
2206.7
1185.6
217.7
44.4
0.5
257.4
572.7
813.7
1426.1
1972.9
2839.0
2412.2
2305.3
1701.0
1062.3
315.6
49.7
0.6
265.4
594.5
751.1
2601.6
3038.6
3151.9
2976.4
2011.2
1920.4
1033.9
419.8
50.7
0.6
261.3
594.7
729.7
2709.8
2442.4
2845.8
2601.7
2037.4
1748.3
1116.1
278.4
57.0
0.2
130.5
297.0
891.5
1411.5
1725.0
2485.2
2430.6
2007.2
883.1
800.0
368.8
31.3
0.4
261.5
636.1
740.5
2558.5
2763.8
2202.9
1745.4
2268.4
1447.1
1385.2
266.0
42.3
0.4
253.9
656.3
740.2
2422.6
1957.6
1880.1
1498.3
1759.6
2153.5
930.9
402.2
79.7
0.4
146.6
565.9
972.4
1760.5
2771.3
3038.2
3047.6
2637.6
1896.4
1488.1
431.6
46.7
0.3
254.0
693.6
751.3
2567.7
2999.5
3166.6
3091.7
2796.5
2216.1
1356.5
428.9
68.8
1.5
246.5
657.7
806.2
2523.8
2980.1
3202.7
3081.7
2756.3
2252.7
1339.6
386.8
74.9
0.4
229.4
680.7
774.8
2568.5
3007.4
2259.1
2583.3
1969.4
2341.0
540.7
480.3
71.5
0.4
233.4
758.1
782.8
2544.6
3015.9
2954.8
2021.3
2069.2
2308.5
1128.3
487.0
59.3
0.5
184.1
784.6
779.5
2559.9
2980.6
3150.9
3198.9
2708.5
1641.3
779.8
565.9
80.7
0.6
105.8
651.8
1200.5
2548.7
2979.8
3167.3
3119.5
2737.8
2048.6
648.7
401.0
46.7
0.3
217.0
873.0
834.3
2559.7
2996.0
3164.8
2539.6
2289.8
1812.6
1206.0
593.9
95.4
0.5
251.6
856.1
1169.4
2561.8
2994.5
3191.8
2491.0
2152.2
2197.7
1004.2
602.7
104.4
0.4
212.1
915.6
842.7
2582.8
2991.5
3191.0
2917.7
2257.5
1867.3
1253.6
657.2
74.3
0.3
217.5
964.1
881.8
2598.9
3045.1
3232.2
3075.4
2758.4
1873.1
1272.6
687.2
72.4
0.2
210.1
1019.2
926.8
2647.4
3087.4
3233.9
3115.2
2793.6
2234.8
1548.6
665.7
110.6
0.3
211.8
1013.0
945.8
2600.5
3043.1
2885.5
2347.0
1696.6
1992.9
1548.2
626.9
135.9
0.4
213.7
1002.8
1010.1
2583.5
3028.4
3215.2
3149.7
2680.5
2175.5
1389.8
597.2
73.2
0.3
144.9
981.4
1238.4
2604.7
3047.6
3230.6
3152.1
2843.9
2307.3
1580.5
714.0
112.4
0.3
218.6
1037.8
1155.0
2637.2
3090.0
3258.9
3165.3
2850.8
2299.2
1558.3
695.0
108.7
0.3
225.0
1014.9
1212.6
2618.8
3058.3
3241.3
3146.6
2886.9
2252.8
1223.6
777.5
101.4
0.2
218.8
999.6
1286.8
2612.7
2580.9
2059.0
2700.7
2275.1
1686.9
1518.6
686.6
108.7
0.5
230.7
1001.0
1363.6
2611.2
3056.0
3212.2
2527.0
1511.1
1730.9
1480.2
742.2
103.0
0.3
232.7
998.4
1447.1
2622.3
3066.3
3270.0
2873.2
1711.7
1723.1
1574.3
326.4
61.4
0.5
248.4
1012.4
1529.6
2629.6
3065.1
3203.6
3229.2
2454.6
2216.9
1702.8
853.5
98.3
0.4
242.5
1015.4
1612.3
2631.0
3073.8
3241.2
3165.6
2874.4
2351.9
1599.5
782.6
110.7
0.4
242.8
1004.7
1667.9
2629.3
3096.4
3456.2
3079.4
2123.0
2097.1
1365.5
871.4
129.6
0.6
251.5
1034.0
1784.7
2638.1
3077.2
3252.5
3211.9
2684.7
2313.1
1581.9
878.3
121.5
0.5
258.1
1059.5
1909.2
2688.6
3133.1
3258.2
3088.6
2787.9
2172.6
1517.6
764.7
114.8
0.2
261.2
1067.9
1974.6
2694.9
3147.0
3315.6
3233.3
2929.8
2329.9
1594.3
781.2
121.3
0.2
252.4
1055.7
1958.3
2522.4
2467.8
2171.7
1974.3
990.0
1153.4
831.3
452.8
67.3
0.2
134.7
585.0
2224.6
2661.7
2991.2
2555.7
2809.6
2947.3
1619.4
797.8
772.9
104.1
0.3
245.6
1036.7
1899.8
2636.4
3159.1
2591.0
2226.0
1097.9
1134.9
798.0
209.3
39.0
0.5
165.1
1048.8
1644.7
2401.7
2480.0
2988.4
2362.9
2255.3
1870.6
1694.7
563.4
118.8
0.2
219.2
978.2
1972.9
1364.8
1988.3
2310.7
2792.4
2292.0
2487.5
1624.7
831.3
127.3
0.6
253.1
1096.9
1998.3
2682.7
3166.8
3235.3
2875.0
2833.4
2167.6
1455.2
860.8
129.3
0.7
267.5
1092.2
1997.7
2684.9
3159.8
3051.8
3139.4
2126.6
2011.5
1474.6
743.2
127.2
0.7
266.1
1094.1
2009.3
2701.2
2067.5
3080.7
3170.9
2515.3
2018.0
1290.7
679.1
119.2
0.5
242.4
1045.2
1979.8
2702.3
3130.9
3333.5
3250.2
2487.0
1698.6
1550.4
486.0
72.1
0.8
257.8
1050.6
2073.8
2462.2
3015.2
3132.6
3261.4
2602.1
1960.3
1576.2
839.6
110.8
1.1
245.0
1065.4
2001.7
2529.5
3013.3
3297.4
2875.7
2572.0
2188.3
1250.1
914.3
120.9
0.9
269.9
1081.6
2022.8
2711.6
3168.9
3376.4
3354.1
2702.7
2485.8
1699.7
744.2
128.4
0.7
277.1
1120.9
2033.2
2727.1
3189.3
3196.6
3430.6
2596.9
1934.3
1614.6
463.2
82.8
0.9
272.1
1074.1
1986.0
2685.5
3152.6
3367.0
3045.8
2254.9
2076.3
1651.0
854.0
154.7
0.6
274.5
1012.8
1916.6
2740.0
1872.5
1667.5
663.3
2810.2
1522.1
503.0
320.3
44.6
1.2
286.6
935.0
1142.6
1532.4
2407.7
2486.5
2338.1
2995.1
1671.7
1279.2
503.4
109.8
2.7
423.9
1046.8
1478.3
2656.9
2689.1
3287.1
2664.3
2626.1
1014.5
678.8
352.9
158.2
1.2
317.5
1129.0
2104.2
2819.3
3280.3
3497.7
3350.5
3023.2
2522.0
1781.9
866.6
133.8
1.2
329.8
1170.5
2108.3
2808.8
3130.1
3353.7
2566.1
2996.2
2173.3
1230.6
648.9
107.0
1.4
278.9
1087.2
2079.6
2773.5
3286.8
3452.7
3372.8
3101.6
2537.0
1707.9
852.0
139.3
2.3
314.7
1143.0
2127.8
2837.4
3314.2
3513.4
3436.8
3084.7
2326.1
1462.7
638.8
104.8
1.5
318.6
1162.9
2149.3
2860.3
3347.0
3546.0
3457.0
3099.3
2548.5
1705.9
893.6
127.0
2.3
276.8
1188.2
2175.3
2876.1
3379.0
3578.8
3222.0
2817.9
2085.5
1327.8
684.9
135.7
2.3
306.2
1219.5
2137.3
2848.8
3360.7
3578.6
3369.0
3206.1
2300.8
1668.2
800.8
128.8
2.6
316.8
1186.5
2118.2
2804.6
3339.0
3549.1
3452.4
3089.8
2128.7
1319.6
915.8
163.8
2.2
274.4
1231.4
2160.3
2868.6
2791.6
2594.6
3172.6
2705.2
2147.5
1550.5
746.6
132.8
2.6
333.2
1258.2
2158.3
2838.9
3348.2
3556.3
3473.9
3173.7
2500.6
1244.6
580.5
108.7
3.0
329.0
1226.2
2159.6
2843.8
3326.8
3553.1
3463.4
2799.3
2156.2
1104.8
893.3
138.7
3.1
347.6
1241.2
2152.5
2821.9
3312.3
3531.2
3475.8
2969.5
2060.1
1523.0
753.8
125.2
2.6
314.7
1226.6
2128.2
2868.4
3339.1
3546.2
3347.2
2700.7
2500.7
1590.6
878.9
113.6
3.6
332.3
1182.3
2155.5
2883.2
3368.4
3575.1
3352.6
2637.7
2116.3
1603.6
798.1
126.4
5.5
392.9
1261.8
2199.4
2924.0
3394.2
3586.6
3505.4
3153.2
2561.9
1779.8
880.1
134.1
4.7
415.3
1282.2
2204.3
2935.3
3405.5
3600.1
3510.7
3155.7
2559.4
1790.5
877.8
133.6
5.8
418.9
1290.9
2172.5
2901.1
3384.5
3580.6
3483.1
3012.4
2232.7
1746.6
838.5
124.4
6.1
383.0
1284.7
2196.0
2936.8
3389.7
3687.9
2772.2
2578.0
2208.4
1866.1
875.2
119.0
4.6
382.8
1241.1
1473.8
2280.8
2420.9
3400.2
3617.6
2593.2
2004.9
1440.0
895.5
130.0
5.6
441.6
1360.8
2252.4
2978.0
3429.6
3594.2
3350.9
3017.9
2494.1
1791.2
897.1
133.2
6.3
444.9
1370.8
2261.2
2988.6
3462.3
3648.0
3545.5
3180.5
2568.5
1776.6
892.1
115.2
7.2
444.5
1349.9
2262.7
2969.6
3448.3
3619.6
3554.4
2781.2
2131.8
1467.6
634.3
110.4
6.8
339.0
1253.4
2076.0
2874.2
3345.8
3459.2
3491.6
2910.5
2100.6
1328.5
529.4
88.5
6.9
401.1
1244.0
2191.8
2907.4
3169.8
3043.1
3495.3
3008.7
2507.9
1416.4
814.8
111.4
7.5
394.5
1232.5
2154.4
2921.2
3401.8
3597.5
3396.2
2702.4
2507.3
1474.2
674.4
90.0
8.3
393.4
1227.8
2141.3
2867.7
3354.8
3539.4
3347.2
3079.3
2413.6
1620.2
752.6
94.2
9.1
435.4
1350.9
2291.1
2766.2
3431.9
3314.9727272727273
3198.0454545454545
3081.1181818181817
2964.190909090909
2847.2636363636366
2730.336363636364
2613.409090909091
2496.481818181818
2379.5545454545454
2262.6272727272726
2145.7
2930.4
3405.4
3608.1
3504.9
3124.5
2515.9
1734.1
816.0
92.0
7.7
373.9
1331.7
2141.5
2875.5
3394.2
3589.6
3483.4
3003.3
2407.9
1668.5
700.4
95.4
16.2
469.6
1370.2
2191.8
2864.7
3370.8
3608.4
3358.4
2679.4
2412.9
1697.6
636.8
100.2
10.9
327.0
581.6
1246.3
2271.3
2453.5
3038.0
3056.5
2787.9
1616.0
1471.0
795.6
101.4
13.1
462.4
1266.3
2313.9
2911.4
2468.2
2947.1
3181.9
2951.2
2603.4
1743.9
849.3
109.7
12.6
499.3
1464.4
2350.9
3053.9
3544.6
3739.4
3618.0
3224.8
2595.1
1781.1
869.0
102.3
15.4
475.9
1401.8
2265.9
2925.9
3441.0
3542.0
3544.2
3015.0
2385.5
1666.0
753.3
82.0
13.9
446.3
1333.6
2202.9
2929.2
3396.8
3579.0
3398.8
3084.1
2254.9
1268.7
605.2
79.4
17.1
458.3
1372.9
2281.3
2977.7
3436.3
3479.0
2888.6
2660.9
1792.4
996.4
363.3
55.9
18.1
472.5
1358.3
2275.1
2937.8
3415.1
3658.1
3325.8
2411.3
2209.1
1355.8
701.6
110.3
21.8
374.6
1124.4
2012.3
2892.4
3312.4
3434.7
3319.0
2432.3
1407.6
1175.7
525.4
124.7
22.9
504.0
1431.7
2281.5
2894.5
3282.3
3390.9
2482.4
2175.3
2023.6
1697.1
717.8
43.0
25.4
188.8
1168.8
1670.9
2921.9
3161.0
2448.8
2511.8
2531.3
2150.0
1029.9
285.9
69.0
22.3
528.0
1454.1
2277.7
2996.9
3443.7
3557.7
3689.0
3171.1
2480.9
1768.9
805.2
107.6
26.1
532.8
1460.5
2342.7
3057.1
3529.8
3293.1
3222.6
3083.9
2226.5
1283.8
575.7
93.7
25.3
540.0
1505.2
2400.5
3141.3
3583.9
3671.7
3618.3
3202.2
2522.2
1698.9
798.8
86.8
24.4
560.1
1512.4
2394.4
3112.1
3585.9
3525.8
3041.0
3185.5
1948.3
1923.0
857.9
99.6
47.5
598.0
1498.5
2302.3
3070.6
3566.6
3571.1
3627.1
3202.8
2513.9
1296.4
710.1
104.4
24.5
494.7
1513.4
2480.1
3172.1
3623.3
3766.2
3602.2
3215.3
2586.3
1687.9
802.7
102.3
35.6
558.7
1490.9
2312.9
3018.2
3260.7
3696.7
2532.7
2572.7
2545.8
1464.7
701.8
98.6
33.4
589.7
1556.7
2426.1
3119.3
3594.2
3551.5
3343.5
3218.7
2609.8
1612.0
692.9
103.2
34.4
609.1
1566.7
2457.8
3149.9
3632.3
3808.8
3073.4
3196.4
1388.2
1309.7
400.7
31.3
38.7
602.3
1549.5
2419.6
3133.5
3633.0
3802.6
3548.7
2983.8
2626.0
1273.6
799.1
97.3
40.1
568.9
1541.4
2423.9
3170.5
3627.0
3590.3
3662.7
3182.8
2333.0
1718.8
793.4
97.6
44.9
665.6
1615.3
2532.0
3246.0
3722.5
3853.2
3662.1
3221.4
2408.8
1681.2
779.9
90.6
44.5
607.7
1609.5
2480.8
3179.1
3659.6
3801.3
3591.7
3256.1
2245.3
1152.9
410.6
44.5
43.0
652.3
1599.2
2504.7
3191.9
3646.2
3784.9
3478.3
3287.1
2603.7
1449.9
743.3
87.7
53.8
628.9
1587.1
2463.3
3141.4
3700.5
3568.3
2375.8
2396.2
2527.5
1779.9
745.5
52.1
59.7
614.0
1524.8
2433.1
3137.3
3627.4
3376.5
3390.2
2964.2
2157.6
1054.9
514.9
41.4
45.0
616.7
1388.7
2004.6
2586.2
3452.5
2847.9
2848.7
2998.5
1968.5
1336.8
666.4
79.5
74.8
759.7
1691.7
2552.3
3245.7
3692.2
3841.6
3730.0
3023.9
2231.2
1587.3
456.1
76.1
47.0
669.7
1617.4
2468.5
3180.5
3539.7
3620.6
3481.1
3211.6
2038.8
1188.9
860.1
95.7
56.3
663.8
1644.8
2542.2
3179.7
3602.4
3405.8
3193.8
2981.8
2365.6
899.5
631.0
89.7
53.6
641.3
1360.2
2026.7
3239.7
3726.3
3866.6
3564.6
1988.4
2661.5
1492.0
685.0
81.4
51.0
649.5
1553.8
2436.1
3144.0
3610.7
3795.5
3273.4
3016.0
2285.9
1450.4
765.1500000000001
79.9
51.7
644.7
1568.0
2465.4
3140.0
3600.5
3760.3
3410.5
2438.8
2122.6
1130.6
547.1
75.4
53.7
700.8
1677.4
2577.4
3267.7
3723.2
3862.7
3345.8
2445.6
2454.3
1588.5
747.7
75.7
57.2
715.6
1632.9
2516.6
3149.5
3645.1
3781.0
3578.3
2489.6
2399.1
1407.0
787.5
136.6
59.6
672.4
1601.3
2429.4
3109.4
3406.3
2442.2
2381.0
1523.4
1145.3
761.2
168.1
4.7
53.2
697.5
1611.8
2442.3
3126.4
3593.7
3769.5
3108.2
3235.8
1758.7
871.1
166.1
3.5
62.7
570.1
1452.5
1855.5
2776.4
3011.5
3428.8
2632.3
2298.5
970.6
487.9
263.2
38.9
24.2
303.3
549.7
513.5
2000.8
1903.5
2711.5
2524.6
2241.9
2236.0
1329.7
530.1
46.3
69.5
447.7
1017.3
2020.5
2025.3
2021.6
2436.7
2633.6
1638.1
1364.0
921.2
637.5333333333333
353.8666666666667
70.2
793.5
1759.4
2627.0
3261.0
3704.9
3873.6
3565.5
2920.5
2079.0
1717.5
662.7
64.1
66.6
762.9
1522.8
1173.6
3304.0
3678.9
3063.8
3015.4
2974.1
2205.5
1377.3
550.9
76.4
66.8
760.3
1710.4
2571.8
3226.5
3677.9
3833.2
3667.1
3039.9
2350.6
1723.7
780.9
61.7
74.0
787.2
1738.7
2600.7
3265.6
3713.9
3722.3
3494.0
3155.0
2393.1
1607.4
769.2
92.8
75.1
771.3
1706.9
2591.1
3245.1
3696.6
3847.3
3646.3
3257.8
2194.5
1397.4
717.9
70.6
77.6
771.2
1720.4
2589.3
3021.6
3319.3
3720.9
3814.1
2755.9
1567.3
1360.9
511.3
79.2
75.7
774.3
1721.9
2599.9
3294.1
3764.0
3460.1
3430.3
1902.9
2378.6
1396.5
778.3
80.7
70.2
764.5
1699.3
2572.2
3224.5
3656.5
3815.1
3221.2
2534.4
2180.9
1372.5
660.2
63.3
68.2
732.8
1663.4
2431.6
2509.7
2486.4
2502.4
3478.1
2941.6
2449.8
1397.5
740.8
59.4
52.3
632.4
955.3
1454.2
1827.6
1892.4
1920.4
2093.9
1937.7
2202.5
590.2
538.3
76.6
69.2
615.6
1631.9
2353.7
2784.8
2516.0
3219.1
3218.6
2265.7
1719.2
1563.6
755.4
27.2
77.7
751.1
1534.9
2152.7
2050.8
1453.1
1974.2
3344.6
2880.4
2710.1
1822.9
710.0
123.3
67.1
629.4
1618.0
2470.7
3150.2
3635.8
3789.6
3636.1
3071.8
2066.8
1462.7
743.0
108.9
76.1
757.2
1657.4
2475.7
3105.9
3569.0
2685.2
2852.0
2013.4
1930.8
1004.0
374.0
30.2
77.9
695.1
1483.2
2463.7
3027.6
3682.4
3440.1
2621.9
2640.0
1972.6
1024.8
570.4
69.0
51.1
749.1
1575.0
2352.0
3093.2
3734.8
3277.8
2912.8
3103.5
2765.1
1915.6
688.1
108.4
65.3
390.0
1332.8
2449.4
2887.3
3039.2
3112.6
2321.7
2057.4
2637.7
1689.9
430.1
5.1
44.6
463.0
1282.0
1776.7
3030.1
3228.9
3588.4
3514.8
1691.8
1057.0
1048.9
679.2
37.4
44.2
674.8
1715.6
2534.4
3201.1
3698.7
3103.0
3319.1
2481.1
2622.0
1265.7
405.7
94.2
79.8
611.2
1237.8
2026.0
1911.0
3064.5
3318.2
2743.2
2668.9
1809.0
1072.7
578.7
113.9
86.9
768.7
1613.2
1921.8
2325.1
3598.1
2608.0
2890.5
3375.1
2706.3
1653.8
552.8
83.8
79.0
778.2
1702.5
2539.3
3131.7
3147.7
3727.5
3484.7
2874.0
1883.6
1434.9
749.5
96.6
76.8
801.6
1727.8
2533.6
2670.5
3182.2
3667.0
3629.4
2920.7
2337.6
1469.2
720.1
91.0
90.7
760.4
1740.0
2406.6
2999.0
3062.7
3672.9
2424.6
2434.6
2563.2
1807.8
846.0
100.8
68.3
773.6
1681.7
2516.0
3178.0
3677.0
2947.8
3284.5
2462.5
2428.8
1489.9
416.4
105.1
76.5
780.6
1694.4
2516.8
3116.6
3566.3
3670.9
3052.1
3027.4
2613.0
1689.9
720.3
107.3
71.3
774.5
1707.4
2548.9
3200.3
3715.0
3434.6
3271.9
2418.7
1853.5
295.6
343.5
61.9
51.8
318.0
715.7
624.1
714.5
1407.4
2283.0
2143.0
1119.5
1079.7
885.1
446.9
52.5
21.8
257.9
463.8
577.3
342.4
537.8
977.3
1460.8
1508.8
1475.5
708.1
321.5
20.7
60.0
288.5
721.6
1617.5
3097.5
3025.7
3227.2
2731.8
2567.1
2076.7
463.7
230.8
61.9
69.1
708.7
1602.9
1858.8
1860.8
1905.6
2898.3
2882.3
3069.5
1702.7
1739.8
1069.0
54.4
64.4
651.7
1591.7
2445.8
2911.8
3340.8
2449.2
2698.2
2459.8
1926.5
1680.9
856.4
113.8
73.4
801.1
1615.1
2538.1
3178.0
3630.3
3530.1
3516.1
2652.8
1657.4
1677.0
920.7
110.2
70.8
773.8
1690.5
2504.1
3141.7
3226.0
3361.2
3230.0
3467.1
2604.6
1601.4
901.1
96.6
73.2
769.8
1682.7
2509.3
3158.1
3594.7
3384.2
3020.5
2581.7
1787.5
779.8
697.1
21.0
57.2
396.4
1299.7
2290.2
3164.3
3405.8
2520.1
2890.2
3158.3
1183.1
1166.4
481.5
69.1
35.4
715.1
1633.8
2488.5
3110.0
3505.7
3943.2
3656.9
2724.1
2210.3
1228.2
586.6
126.0
67.1
612.1
1493.0
2531.7
2766.5
3367.1
2666.1
2351.9
2409.1
2409.4
1867.1
895.6
115.3
74.1
737.0
1596.5
2395.5
3076.5
3450.4
3135.3
3262.3
2703.2
1760.6
1680.0
527.9
70.5
41.7
280.1
1000.3
2200.1
2534.4
2615.5
2802.0
2296.0
2755.6
1570.6
780.6
198.6
36.8
1.5
54.5
733.2
1004.2
894.4
1298.9
1430.5
1490.9
1052.7
803.4
727.9
684.3
95.9
5.8
427.5
1423.2
2668.8
1910.3
1617.3
2521.1
2586.5
2010.8
1713.8
714.2
529.2
128.1
60.4
862.5
1683.7
2387.5
3005.4
3428.3
3241.1
3023.6
2490.9
1662.7
717.6
850.6
62.3
2.5
26.8
89.0
103.8
302.2
621.6
980.2
1293.3
1588.9
1312.6
842.5
615.5
123.0
66.0
235.9
1392.6
2188.0
2796.4
1873.9
2564.9
2738.2
2866.0
1405.3
655.4
200.5
51.6
49.6
694.1
1325.5
2111.2
2026.3
1225.8
1606.0
1626.7
1055.9
994.1
709.7
305.0
49.4
28.4
286.9
938.5
1477.1
2340.5
3052.4
2111.3
2216.4
2350.0
1051.7
913.2
241.3
30.5
71.8
614.0
1309.9
2349.5
2769.1
1759.8
2291.2
2572.2
2781.5
1439.4
1359.0
920.8
113.7
35.6
480.6
656.4
1686.8
3004.9
2847.5
3805.3
3254.5
3042.4
1163.8
1342.5
511.3
151.5
40.2
584.3
1517.6
2234.5
2878.7
3361.4
3526.2
3457.4
2188.3
2193.1
1749.3
404.8
64.3
26.1
476.7
1406.4
1021.6
1237.0
2022.0
1903.3
1357.4
2294.8
2381.6
784.5
371.3
114.8
9.9
455.0
636.7
1523.4
1529.3
1477.9
1661.6
2186.7
1808.1
2028.2
1107.2
744.4
130.5
35.2
368.1
1220.8
2049.1
1657.6
3007.0
2354.7
2711.0
2524.1
2553.4
616.2
828.9
163.1
14.0
365.0
947.5
2264.9
2797.6
3040.4
3975.4
2798.9
1657.9
1696.9
1488.1
925.4
201.3
14.8
113.6
200.9
1107.4
1495.9
1413.2
1570.7
1190.6
1161.0
899.8
1130.1
977.7
223.2
36.6
381.3
889.0
1480.9
1879.6
2673.6
3064.0
2025.1
2386.5
672.4
330.5
426.8
62.7
49.6
338.4
1320.7
778.7
1017.3
980.8
1473.7
2076.4
2231.6
1450.0
595.8
466.2
115.4
9.0
466.5
1410.0
2237.5
2623.0
3226.4
2411.6
1794.0
3100.2
2129.9
1533.0
753.4
86.5
20.0
104.1
385.5
551.9
1516.5
2651.4
2320.6
1357.3
900.3
821.4
1043.5
925.8
202.6
28.1
376.2
509.6
1458.9
2021.4
2239.4
2906.5
2098.8
1642.8
1789.9
1884.4
833.5
163.1
1.0
36.1
68.9
166.8
400.7
706.6
685.7
541.3
524.6
285.5
124.0
63.6
12.9
111.55
210.2
873.2
711.9
1076.0
1793.2
2618.6
2744.7
1630.2
2240.9
2023.5
983.6
207.9
32.0
311.4
914.3
2004.3
2938.7
2879.3
2221.8
1606.9
714.9
1124.8
1266.0
707.5
116.1
27.9
279.3
976.2
1238.8
1726.9
2451.2
1371.7
2236.3
2347.0
1756.4
1230.4
655.1
182.3
29.2
161.5
1413.7
1634.0
3019.4
2094.8
2450.7
2911.7
1531.5
2401.1
774.3
402.0
253.1
23.0
430.6
1067.9
2066.4
2903.7
2198.7
2001.3
2134.0
3159.8
2401.9
1238.4
225.7
51.9
29.4
548.0
1383.9
1860.6
2221.3
3421.1
3809.5
2805.2
876.9
1325.7
352.8
152.6
24.7
27.2
269.6
1370.5
1078.5
985.4
1101.2
2789.8
2859.4
1843.9
1820.9
1985.8
637.0
122.2
23.1
294.2
1338.2
1806.3
2634.9
3149.2
3099.9
2898.3
2609.8
2230.3
1455.8
844.5
279.9
86.5
274.0
1006.8
1704.4
2413.6
3275.9
3066.8
3250.5
2871.7
2243.9
1925.2
1068.2
261.6
