y
42.7
316.3
1208.9
1472.3
1473.6
2213.7
2525.3
3467.2
3276.0
2215.5
1896.4
1115.5
285.9
43.6
310.6
795.5
1718.5
2498.2
2615.4
2634.6
3068.8
3229.6
2132.5
1697.7
1070.9
324.6
22.2
530.2
1387.6
2254.0
3022.1
2914.4
2521.1
3506.9
2673.0
2970.7
2002.1
1121.0
312.5
33.7
411.7
1306.2
1165.2
2313.9
3537.2
2989.0
2754.4
3199.2
2875.0
1919.8
1128.1
246.6
32.4
395.7
1209.9
1953.0
2185.7
3066.2
3043.5
3626.9
2922.5
2491.4
1535.5
916.1
151.0
9.1
216.4
863.0
1628.4
2000.9
2872.7
2403.3
2540.2
2976.2
1898.7
1015.4
413.5
84.3
9.6
45.2
125.8
744.5
1694.5
2995.3
2985.4
1957.2
2242.1
2677.3
2034.6
1200.7
245.6
30.2
370.1
1058.0
2122.5
2113.7
2384.4
2260.1
2709.4
3273.5
2481.3
1240.6
557.0
93.4
8.6
187.5
702.8
781.2
2048.0
1958.1
2859.3
1986.4
1092.5
709.5
773.7
514.7
124.1
10.0
68.6
418.2
1555.3
788.6
2362.7
2014.0
3007.7
680.1
1378.2
1203.8
230.5
39.5
32.2
299.7
765.2
1625.1
2510.8
2321.7
1838.0
1135.6
573.1
896.5
213.5
15.1
14.6
11.2
253.6
1037.6
1455.2
1188.8
888.6
500.5
458.6
173.2
185.8
175.2
91.6
58.3
28.8
366.5
703.8
1320.9
2301.8
2233.3
3076.4
819.7
841.3
441.5
212.9
197.3
72.9
21.1
296.2
680.5
1205.9
1493.0
1311.9
1731.0
748.5
246.4
745.1
992.5
704.9
209.6
116.85
24.1
248.7
727.9
1051.7
1321.9
1370.7
1431.2
825.2
467.5
496.6
474.5
198.1
13.1
197.3
572.7
686.5
1476.0
1817.8
1522.9
1430.6
1594.5
1733.1
1012.1
567.0
263.9
16.3
217.7
804.8
883.0
871.6
1893.2
3173.7
3185.9
3438.6
1938.7
1600.7
1167.4
352.6
28.0
368.7
704.8
1431.8
1651.5
2533.5
2361.3
1890.1
2801.9
2441.5
2123.9
734.7
269.5
5.6
115.2
235.6
364.4
438.8
1165.2
1964.2
2565.4
2226.4
1063.6
889.1
367.7
90.7
8.8
209.7
587.0
1097.6
1105.6
2112.8
2607.3
3526.0
2483.2
2211.1
2163.5
1228.3
160.2
1.2
86.3
356.6
1318.4
2788.2
2300.9
3297.2
2986.4
2367.8
2914.5
2156.3
1103.1
266.3
16.7
241.1
574.8
2407.0
2766.3
2880.5
3496.1
2780.1
2834.0
2537.9
1752.4
1296.3
286.9
4.7
217.7
584.7
1086.3
1692.5
2161.8
1544.7
1080.7
2052.3
2690.8
1835.1
544.9
193.9
16.0
435.7
1289.1
1759.3
2424.4
2857.7
3142.3
2973.0
1537.4
2220.7
2072.6
1248.7
247.8
22.9
268.3
1044.7
1965.7
2407.1
2930.6
3161.8
2356.6
3158.7
2720.1
2367.9
1290.5
407.3
6.5
148.9
458.9
633.7
1241.3
2455.3
2570.6
2802.1
2407.1
1425.2
1345.1
631.5
211.9
12.7
441.1
1181.1
2207.2
2523.8
2721.2
2963.7
3418.4
2967.4
2910.2
2218.4
590.9
203.4
8.3
212.0
537.2
1471.7
1622.3
2040.0
2466.0
3471.6
3304.7
2623.4
1927.9
1171.5
303.0
6.1
140.7
660.2
2061.0
2125.4
3330.0
3452.4
2359.3
2775.9
2962.4
1713.8
609.3
273.2
0.5
61.3
242.1
465.3
795.4
1709.3
1811.1
3136.1
2278.6
1673.3
1341.9
564.6
153.6
8.3
300.4
1100.3
1384.5
1274.1
1757.9
2772.3
2881.6
3316.7
2270.2
1557.3
540.6
338.4
18.6
470.2
1163.3
2112.2
2118.4
1946.6
2757.5
3636.0
2755.7
2234.1
1881.4
708.9
232.7
5.7
180.9
609.2
1636.6
2438.9
2528.7
2876.7
3706.3
3080.3
2625.2
1822.9
1217.8
148.8
20.0
223.3
647.3
1703.9
2222.3
2790.6
2724.2
3463.3
3420.5
2340.7
1672.7
767.5
263.6
24.2
444.0
917.7
1618.4
2202.8
2167.4
3601.9
3908.1
3516.2
2733.0
1613.0
664.0
114.9
7.6
393.7
1109.4
2020.9
2619.4
2880.0
3213.6
3398.7
2744.8
2141.1
1422.0
1262.8
426.0
284.85
143.7
416.4
538.4
1022.7
1755.7
2909.4
2921.5
3299.4
1939.9
1252.1
1381.4
312.6
3.4
82.5
531.9
1369.7
1522.6
1593.6
1768.5
2451.7
976.3
1605.9
1420.8
710.2
214.3
9.0
166.9
835.9
1464.1
2802.8
3442.6
3800.4
3794.9
3366.0
2786.6
1847.3
888.9
260.1
5.8
242.1
321.5
1079.1
1866.4
2572.1
3250.6
3002.7
2646.7
1546.0
1043.3
950.3
203.2
6.9
265.9
1087.9
1409.5
2126.4
2274.6
1963.9
2625.1
2316.5
1495.5
1459.3
727.2
174.4
6.4
209.0
687.5
1525.1
1639.6
2229.2
2480.9
2974.6
2827.8
2254.2
1756.5
747.1
303.7
7.9
376.4
1221.3
2094.4
2844.9
3010.1
3576.4
3665.9
3361.4
2938.1
2139.1
754.4
263.5
12.5
361.1
1089.1
2084.0
2837.7
3295.2
3601.8
3489.5
2457.5
1561.2
588.0
668.2
216.7
12.9
403.1
1260.0
2110.2
2851.2
3042.5
3474.2
3382.0
2743.0
2268.2
1658.7
1214.9
440.6
7.0
295.8
963.4
1821.1
2296.2
2939.6
3516.5
3206.5
3373.0
2336.7
1652.8
1118.5
361.8
7.7
197.1
1155.9
2133.6
2960.8
3372.6
3673.8
3033.1
2564.7
2553.2
1841.1
1194.6
256.1
5.9
461.8
1141.0
1820.1
2930.8
3347.8
2926.0
3311.8
2934.6
2628.4
2328.5
993.5
212.7
5.6
162.7
1194.1
2115.4
2615.1
2507.3
3896.5
3677.6
2589.6
2711.7
2213.5
806.4
311.9
9.7
354.8
882.1
2021.6
2022.5
2373.9
2820.6
3259.2
2070.3
1436.5
785.4
1199.2
257.3
4.5
434.6
655.9
1187.9
2032.9
2809.2
2836.5
3187.0
2826.4
2582.5
1446.1
631.3
249.4
5.3
372.8
1223.8
2120.6
2630.0
3486.0
2772.9
2330.9
2296.6
1376.7
541.9
833.9
187.0
5.4
461.9
800.3
908.9
1043.9
1513.2
2602.2
3350.9
2763.2
2641.5
1575.7
1270.6
266.3
5.0
380.4
1109.3
1463.4
1913.9
2269.7
2665.1
3025.2
2969.2
2053.4
1464.5
1302.0
342.4
5.7
332.1
1202.1
1969.1
2911.7
3476.0
3373.3
3038.1
2389.3
2506.4
1816.1
894.3
153.4
5.7
396.3
618.2
1390.0
1432.9
2244.9
2916.8
3259.7
3252.3
2526.5
1679.1
1121.8
355.9
3.0
188.8
957.3
1404.8
2775.8
2421.6
2740.5
3199.3
2802.7
1901.0
1985.8
826.2
286.9
1.4
199.1
945.3
2012.9
1774.1
1517.1
2622.2
2291.4
2127.6
1159.6
1048.4
685.7
196.4
3.2
398.1
921.5
1252.9
2123.4
2523.9
2401.4
2750.0
1887.5
1042.2
966.0
525.3
135.1
5.4
234.8
1058.3
1801.7
2575.0
3023.2
3786.0
3790.2
3520.4
2969.8
2230.5
1317.6
377.1
0.9
52.3
258.6
989.8
1457.1
3409.2
2050.8
2782.5
1479.3
963.9
857.7
503.9
145.6
3.2
162.4
553.9
1070.1
2681.0
3507.3
3152.1
2742.0
2141.2
2303.7
1741.6
1005.8
121.9
6.4
388.9
1115.1
1053.3
1130.5
2068.9
2161.6
2235.7
2055.2
2169.0
1968.5
1021.9
250.8
0.8
119.2
692.7
1384.6
1410.6
1729.4
1967.7
1349.8
2307.3
1687.2
1341.8
841.2
352.2
3.8
183.8
694.8
1268.3
2210.8
3286.7
3577.7
2825.3
2243.3
2258.9
1335.0
760.1
183.8
131.10000000000002
78.4
427.1
1332.2
1991.5
2130.5
2490.9
2313.2
2681.7
2425.8
1688.2
921.8
153.0
3.1
198.1
781.8
831.8
1525.2
2012.0
2279.1
2434.1
2001.9
1816.2
1114.0
404.1
117.5
5.3
384.0
1158.9
2072.0
2565.9
3308.2
3736.0
3610.7
3501.8
2570.7
1607.0
1157.7
182.0
1.7
215.1
673.0
989.7
1482.2
2132.4
3009.5
2111.7
1421.7
563.4
425.8
414.3
34.3
11.6
268.5
933.9
1626.1
2379.3
2731.2
2165.3
2883.3
2541.1
2205.0
1695.9
961.4
265.0
2.9
138.2
466.1
860.1
1528.0
2678.4
3606.2
3862.3
3517.3
2074.2
1048.2
652.9
178.0
5.3
269.4
911.6
1758.1
2827.7
3462.7
3644.7
3779.7
3476.6
2922.5
2183.4
1307.0
370.3
5.2
394.1
1343.2
1026.4
2596.1
3442.4
3764.7
3156.5
2965.8
2832.1
1747.9
747.1
271.4
6.5
238.5
202.1
945.2
1831.7
2593.0
3016.9
2363.6
2119.0
1769.8
1011.6
804.7
189.5
0.2
143.6
500.2
859.8
2408.3
1954.6
2777.6
2914.0
2976.9
2525.7
1951.3
1211.6
259.9
0.7
221.8
728.8
1353.5
1274.0
2089.7
2751.1
1987.1
1423.9
990.9
780.0
276.3
52.0
2.4
170.3
497.1
1228.2
1925.7
3406.4
3739.7
3739.0
2564.5
2399.4
2128.1
1174.9
216.0
7.9
262.0
1199.3
2544.2
3301.1
2997.5
3129.6
3517.0
2217.8
916.6
575.0
378.6
63.9
10.5
354.0
898.3
1242.3
2173.8
3329.9
3048.7
3077.0
1988.9
1182.1
1328.3
898.1
50.0
4.4
244.4
451.7
371.2
1087.7
2481.7
2683.8
3504.4
2925.5
2258.1
1449.4
599.6
127.8
1.3
73.6
253.9
804.7
515.5
657.7
3076.1
2297.9
1662.8
2047.8
2100.2
958.8
163.4
0.7
153.5
554.7
1586.2
3144.3
2629.9
2277.6
3772.2
3459.6
2647.8
1716.0
1097.7
44.9
2.3
273.4
872.1
1623.5
2883.9
2782.9
2659.8
2825.7
3311.5
2102.2
2095.2
1012.5
217.8
6.4
384.7
1273.4
2163.0
2985.3
3056.6
3487.0
3503.1
3537.6
2441.5
1759.1
753.5
205.5
5.8
389.0
1263.2
1947.3
2516.5
2571.4
2747.8
2886.3
2613.6
2457.6
2031.4
1102.7
202.6
8.8
423.1
1116.2
1849.6
2772.4
3507.4
3750.2
3820.2
3533.9
1734.6
1837.0
1056.3
160.6
115.8
71.0
270.4
795.3
1396.4
2113.6
2850.8
2234.0
2783.0
1831.4
1765.8
948.2
173.2
5.1
306.4
1277.7
1225.5
2981.9
3360.3
3160.0
2762.6
2849.5
2352.4
1457.1
1159.8
129.2
1.3
69.5
388.2
1059.6
2281.2
3268.9
3191.3
3168.0
3564.4
2702.5
1991.9
1029.3
173.8
3.5
180.0
396.6
491.7
1132.7
3002.5
2279.3
3226.0
2890.7
1817.6
1919.1
811.7
207.2
3.4
408.7
1197.7
1875.7
2683.7
3452.5
3609.4
3404.6
2909.2
2153.8
1822.0
1033.6
203.7
0.7
127.6
406.4
541.9
880.6
862.8
728.0
2305.6
2813.4
2476.4
971.9
277.4
63.9
2.9
335.3
1187.0
1511.6
2741.6
3369.7
3100.6
3352.7
3241.1
2696.2
2069.8
634.8
203.2
5.5
299.6
888.6
1528.0
2731.3
3315.0
3591.3
3801.8
3568.2
1967.7
1394.3
1079.0
100.9
5.9
304.5
607.4
1435.5
2859.5
3011.6
3439.4
3012.2
2396.7
2110.4
1249.6
468.0
47.0
6.4
402.0
1314.9
2188.6
2856.6
3321.6
3555.2
3558.4
3056.3
2593.1
1909.8
960.5
182.0
4.5
205.3
566.5
2032.5
2645.3
2705.6
2847.1
2865.4
2586.9
1588.4
1062.5
483.1
69.0
7.3
410.9
1042.2
2107.0
2502.3
2296.9
2192.3
2730.9
2916.1
2272.7
1281.3
899.3
158.6
7.6
401.4
1251.2
1985.6
2612.9
2607.8
3282.1
3194.3
2825.0
2195.2
1425.8
856.2
148.0
7.7
393.9
1245.7
2043.2
2821.8
3372.9
3659.2
3584.6
3425.7
2696.2
728.9
390.5
101.0
5.0
217.4
954.1
1688.8
2205.6
2441.4
3532.0
2951.2
2813.1
1117.7
386.0
81.0
15.6
1.0
14.6
116.0
553.4
1060.8
925.4
716.9
701.9
598.0
771.6
677.8
376.0
44.3
7.4
307.4
726.6
1112.7
1866.8
2743.0
3335.3
3577.1
2763.0
1928.5
1402.0
1060.4
151.2
6.7
222.8
855.7
1010.2
1058.2
2865.3
3510.3
3830.9
2808.4
2079.2
1889.8
703.6
143.7
5.9
137.5
383.6
734.0
1979.2
1940.1
2458.5
2772.4
2678.2
2577.9
1954.7
869.7
58.5
2.2
182.8
506.1
1784.8
2894.5
2581.3
2916.0
3134.6
2834.6
2159.5
1346.1
700.8
65.6
6.4
394.7
1273.4
2076.3
2862.0
3236.7
1957.6
2785.3
2368.5
2356.8
1797.7
929.2
126.4
6.1
367.4
1215.5
2068.5
2809.4
3306.5
3543.3
3445.4
3155.3
2267.4
1789.7
910.7
123.2
7.7
394.4
1261.8
2258.0
2919.1
2550.0
2808.7
2859.9
2991.5
1940.5
1671.5
883.2
112.3
7.0
398.0
1247.7
2094.6
2637.5
2927.4
3322.4
3225.2
2809.5
1817.5
1609.0
739.7
89.3
7.2
390.8
1230.2
2112.9
2700.9
2532.4
3558.3
3199.5
2455.0
2344.5
1443.7
836.4
85.5
165.5
245.5
535.2
824.0
2170.5
3043.4
2994.6
2484.0
2395.1
806.2
687.8
336.9
20.1
3.3
212.4
762.5
1905.1
2551.4
3029.1
3030.8
3215.1
2818.5
2270.6
1179.7
437.8
79.2
6.9
408.3
1189.8
1176.9
2334.1
2316.5
2968.4
2980.5
2993.6
2527.7
1760.1
857.7
102.0
8.2
373.1
1046.8
1475.0
2109.1
2549.4
3084.4
3327.0
3178.2
2244.5
1621.2
577.3
94.5
8.4
392.5
1229.9
2059.2
2694.4
2978.9
3257.3
3085.4
2985.4
2000.1
1327.0
759.9
86.4
8.7
389.3
1231.7
2044.8
2686.7
2692.6
3073.1
2947.5
2529.8
2525.2
1344.2
908.2
92.4
10.1
426.7
1249.2
2050.4
2691.6
3115.4
3356.5
3288.4
2890.7
2491.1
1721.9
888.9
78.6
6.2
396.2
1019.5
1682.9
2459.6
3153.9
2357.9
1721.4
1147.4
986.2
970.1
414.8
39.0
9.3
294.3
988.8
1576.9
2805.8
2168.1
2885.6
1870.0
2120.0
1735.6
1576.1
532.0
55.3
10.0
264.5
1102.9
1819.4
2287.6
2881.6
2660.8
2560.4
2425.2
2556.3
1426.4
828.5
84.9
7.4
387.4
881.6
1790.8
2681.6
2615.2
2570.7
3080.8
2435.9
2284.5
1519.4
836.2
43.4
5.4
176.1
433.4
925.1
1868.7
2620.5
2558.1
2400.6
2518.8
2248.0
1529.1
810.5
87.0
1.4
129.2
351.8
370.6
722.1
1529.6
2059.7
2689.1
2356.5
2334.9
1421.8
829.6
80.2
2.2
54.4
335.3
1011.4
2033.7
2304.6
3551.7
2662.1
2373.3
2171.6
1173.7
775.4
48.8
3.1
63.0
598.3
1144.8
1205.3
1675.2
2388.2
3171.8
2591.3
2140.3
1347.1
757.4
75.7
1.8
52.8
137.8
443.5
798.9
1550.8
2384.9
1726.4
2281.0
2065.9
1402.4
774.4
23.7
6.1
370.4
963.4
1757.0
2947.3
2366.1
3229.5
3200.5
2985.2
2097.0
1662.1
796.6
72.9
4.5
373.2
1061.1
1626.6
2272.0
3189.2
3116.0
2675.4
2724.2
1739.4
1133.4
482.9
40.7
3.0
342.9
1160.8
1816.0
2336.9
2741.0
2888.4
3166.5
2841.1
2446.7
1674.9
745.4
56.1
5.9
381.4
938.3
1465.6
1783.7
2717.4
2991.3
2349.6
2512.0
2156.7
1195.9
365.5
53.4
5.9
80.0
302.4
743.7
1515.3
2393.6
2211.0
2412.0
2459.4
1883.0
1384.8
721.0
54.1
2.0
155.2
584.0
1056.3
1732.9
1630.4
1586.8
1417.5
1702.7
1634.9
1522.6
629.4
73.5
4.0
273.6
661.0
1431.7
2081.6
2963.2
3441.5
2444.9
2449.3
2227.9
1284.9
498.7
63.0
4.6
218.9
638.9
1033.8
1249.0
1728.9
1904.6
1416.7
1265.3
1395.3
1016.9
696.7
57.2
8.6
184.2
594.1
1290.0
2491.6
3015.7
3079.0
2516.5
2302.9
1427.5
1329.3
414.2
22.0
6.1
350.1
1041.8
1150.3
1378.7
2394.5
1849.2
2225.9
2191.6
1738.3
1558.8
522.6
53.5
71.3
89.1
196.3
789.2
1047.0
830.4
1329.9
1121.3
1067.4
790.2
786.4
251.1
16.0
2.2
117.3
459.9
686.0
955.7
768.5
1964.6
732.1
1058.7
692.6
366.2
173.0
10.0
184.9333333333333
359.8666666666666
534.8
740.5
865.2
809.4
601.4
1299.8
1283.7
1539.8
759.6
163.8
2.1
41.43333333333334
80.76666666666667
120.1
211.0
613.3
962.2
1197.7
961.4
897.7
1273.3
1130.1
243.7
19.6
154.325
289.05
423.775
558.5
857.5
891.6
1095.6
1438.6
1259.2
1051.9
895.9
478.8
34.4
212.4
390.4
568.4
1043.6
1162.3
2161.6
2537.4
2304.4
1869.5
1670.0
1241.7
686.1
23.9
60.099999999999994
96.29999999999998
132.5
666.4
1446.3
1632.2
2058.2
2675.9
2230.5
1286.1
706.4
269.5
23.0
138.4
253.8
369.20000000000005
484.6
918.6
1171.3
1249.8
843.1
1657.1
1356.8
603.6
171.0
10.1
54.150000000000006
98.2
142.25
186.3
1585.0
2238.0
3003.5
2696.9
2745.5
1820.9
1295.2
384.0
34.3
4.2
307.59999999999997
611.0
1455.0
1749.0
1455.4
2006.5
2208.6
2124.7
1843.1
1166.2
626.8
45.9
1.3
149.8
298.3
446.8
1535.7
1704.4
2635.1
2744.7
2573.3
1896.1
1445.8
711.9
42.6
3.4
212.7
691.8
1547.5
2278.9
2832.7
2653.0
2729.6
2325.4
2178.6
1438.3
474.6
36.7
4.2
134.5
541.0
773.3
1655.6
2265.4
2959.4
2725.1
2449.0
1569.4
1344.2
421.9
45.7
3.4
131.3
429.5
1202.0
1589.7
1771.2
1595.2
1923.4
2257.9
1731.3
1617.1
571.4
39.0
3.0
392.3
803.7
1498.4
1786.9
2905.8
3157.8
3086.8
2793.8
2140.9
1241.3
733.4
53.9
0.1
72.0
476.1
886.7
971.2
1300.7
1580.5
2662.7
2688.1
1711.2
1326.2
694.8
44.4
3.2
185.7
293.0
710.5
899.6
1647.5
2348.3
1964.2
2109.1
1663.6
1564.4
486.5
45.3
1.6
100.1
555.2
1652.9
2081.0
2524.0
2538.3
2284.8
2315.0
1767.2
1004.4
772.8
44.6
1.2
127.8
537.7
804.5
1390.2
1472.3
1749.2
1828.2
1859.7
2117.0
1291.0
640.6
40.5
4.0
161.7
605.7
812.2
986.6
2062.0
3087.4
2977.6
2683.2
2131.7
1440.0
584.5
32.8
0.5
94.7
503.4
1196.3
1661.5
2617.3
2903.3
3133.3
2821.9
2263.0
1560.2
560.3
60.1
0.1
95.0
394.2
889.3
1417.3
2855.5
3095.9
2750.8
2303.1
2421.9
1191.0
827.7
67.6
0.5
144.8
469.3
511.9
1149.8
1415.6
1768.2
2943.7
2800.5
2459.7
1650.2
713.9
20.9
2.1
312.6
994.5
1700.4
2469.1
2781.6
2917.2
2187.5
2516.9
1645.7
1474.6
576.6
44.2
2.1
294.9
971.7
1552.7
2035.7
2310.0
3076.4
3009.7
2514.7
2063.8
1546.9
702.6
45.1
2.0
315.3
797.2
1095.4
2555.1
2667.9
3082.5
3021.2
2721.3
2208.5
1508.1
703.6
47.1
3.4
376.5
1008.0
1577.8
2499.6
2907.9
3091.4
3010.3
2568.5
2209.1
1534.8
708.5
50.4
85.94999999999999
121.5
388.7
947.0
1419.3
1174.1
1913.0
1451.1
1433.8
1204.6
747.4
245.4
34.6
1.3
133.4
720.7
1522.5
1795.6
1694.6
2756.8
1560.0
1036.4
598.2
275.6
118.3
6.4
1.2
82.6
277.5
523.0
689.2
759.9
1086.7
1428.4
2072.9
1704.5
866.8
333.0
34.3
56.699999999999996
79.1
520.4
921.1
867.3
1332.0
1737.3
1813.2
1841.1
1348.9
737.6
271.8
25.1
1.3
70.6
303.7
697.4
1196.2
800.8
1804.3
2707.2
2680.5
2236.9
1489.4
688.8
60.2
1.8
215.7
866.4
1400.2
2233.0
1455.3
1901.0
1159.1
1110.2
778.6
566.6
212.3
25.4
1.8
92.6
460.1
1024.6
1201.9
1383.2
1776.8
1689.2
1535.7
888.0
625.2
241.5
36.3
193.39999999999998
350.5
741.9
548.8
1603.4
1847.9
3028.5
2879.8
2802.1
1949.7
1357.8
320.9
37.3
101.39999999999999
165.5
496.8
533.3
763.2
996.9
1458.8
2770.1
2070.1
1670.4
1628.7
737.4
59.8
2.6
264.4
836.8
1682.5
2478.5
2842.8
3052.2
3048.1
2762.0
2255.6
1552.5
737.7
57.8
130.14999999999998
202.5
790.4
957.6
1931.1
2293.6
3109.5
2970.7
2552.0
1553.7
993.6
290.6
65.1
128.85
192.6
782.3
1249.0
1802.0
2283.4
2556.3
2922.1
2259.1
2052.9
1441.2
677.6
43.7
78.2
112.7
351.3
751.3
1524.5
1576.0
2591.7
1571.5
641.5
1016.0
859.6
462.2
58.7
144.39999999999998
230.1
655.3
1080.3
821.9
1266.0
1387.6
1328.0
947.0
615.6
540.1
249.3
32.4
0.7
128.6
289.2
497.0
743.6
1634.6
2828.2
2385.4
2211.9
1400.1
949.3
358.0
81.4
84.7
88.0
275.4
769.2
1116.3
1657.6
1426.8
1316.4
1198.6
889.9
899.4
637.1
32.2
0.6
84.8
353.8
667.4
956.9
970.0
860.8
1940.6
1066.3
891.9
988.7
441.2
48.7
88.05000000000001
127.4
444.5
710.9
1300.6
1267.8
1063.8
1833.0
2627.3
1547.5
1304.5
855.2
73.3
80.46666666666667
87.63333333333333
94.8
611.5
665.6
1266.4
1318.0
1685.9
1237.4
1357.4
990.6
446.7
39.6
105.03333333333333
170.46666666666667
235.9
1579.7
1719.6
1580.5
2202.1
2794.8
2656.5
2202.0
1603.8
824.3
80.3
84.44999999999999
88.6
366.2
526.4
917.8
1104.7
1399.2
2275.5
1904.3
1539.7
1378.7
786.0
53.1
105.9
158.7
743.8
1144.6
2133.4
2506.1
3067.9
3093.7
2374.3
1850.2
1309.4
644.5
72.7
119.15
165.6
510.2
724.2
1847.0
1205.6
2016.1
2685.8
2791.8
2273.1
1168.2
819.0
103.3
172.25
241.2
594.5
852.1
1107.7
1797.7
1829.2
2599.4
2567.1
1806.5
1348.3
576.6
89.5
0.7
90.4
494.9
901.1
1135.1
1973.4
1372.9
1470.3
1601.5
1642.1
1030.1
454.1
84.0
0.2
133.7
552.8
764.6
1234.6
1809.8
2199.4
2894.8
2229.8
2296.1
1652.9
684.3
91.1
142.3
193.5
1038.7
1931.7
2574.0
2735.0
2855.3
2851.6
2282.0
1843.2
870.1
419.1
29.0
74.75
120.5
444.4
1279.3
1155.3
1082.8
1317.2
1699.6
1471.2
1808.5
1207.0
744.1
101.6
124.05
146.5
511.4
1418.1
1289.5
1319.1
1563.3
1971.2
2557.2
1802.9
1464.8
804.0
45.5
68.55
91.6
376.7
625.5
1003.5
2132.1
2227.0
2796.7
2287.5
1295.8
1240.9
357.4
115.3
119.4
123.5
343.2
583.0
802.8
1335.8
2163.5
3154.3
2784.0
2395.0
1629.5
789.7
95.4
124.05
152.7
895.9
1493.5
2353.3
2837.2
3113.1
3122.4
2809.8
2346.3
1658.9
829.5
98.3
157.25
216.2
1101.7
1903.8
2221.5
2916.3
3169.8
3132.8
2856.0
2360.6
1670.7
837.5
99.2
173.05
246.9
743.2
882.7
1552.1
2153.6
2689.0
2993.8
2840.1
2350.4
1512.5
795.2
118.0
84.95
51.9
213.0
519.8
1366.6
2181.9
3155.1
3152.2
2740.9
2366.5
1694.5
777.7
79.7
74.6
69.5
438.7
889.7
740.0
1374.5
2063.1
2689.1
2180.4
1860.9
1426.0
714.5
107.8
115.3
122.8
379.7
1092.4
1366.0
1934.0
2884.7
3183.8
2899.3
2311.9
1618.5
864.8
112.8
120.44999999999999
128.1
634.8
1213.4
2851.1
2967.0
3181.1
3142.2
2865.7
2386.5
1603.6
865.9
105.8
113.1
120.4
398.5
954.4
1585.6
2761.4
3194.4
3125.3
2846.4
2343.3
1699.8
858.8
86.8
170.64999999999998
254.5
746.4
1654.0
2572.1
2983.3
3193.3
3150.8
2874.1
2380.9
1698.4
860.9
108.8
0.3
117.4
753.3
971.0
1173.4
1733.1
1819.4
2300.8
2563.2
2025.2
1357.4
733.8
58.0
102.6
147.2
654.6
1706.3
2457.8
3036.1
3135.6
3171.4
2927.9
2417.1
1715.1
880.8
114.7
127.5
140.3
820.2
1147.0
2591.2
3005.7
3237.4
3214.8
2946.5
2461.9
1768.7
912.3
119.1
136.6
154.1
896.4
1776.8
2645.7
3046.5
3253.4
3202.8
2921.4
2428.8
1726.3
881.4
114.3
83.8
53.3
297.2
485.4
811.8
1595.8
1921.6
1464.4
1005.8
1024.7
998.0
363.6
38.1
169.6
301.1
913.5
1602.5
2711.3
2967.2
3234.0
2501.3
2028.5
2117.2
1923.6
889.7
108.7
196.05
283.4
1061.2
1875.3
2533.5
2997.9
3198.9
3169.4
2887.9
2397.6
1701.4
741.6
65.0
63.65
62.3
662.7
1404.8
2447.8
2894.5
3224.7
3182.7
2638.8
2042.3
1655.8
826.0
109.2
89.80000000000001
70.4
388.8
389.2
424.8
932.8
1473.2
2593.5
2992.3
1786.4
1507.0
893.1
110.9
1.7
122.4
495.5
734.9
1160.5
999.3
941.9
971.0
1314.0
1017.4
766.1
395.6
40.7
95.5
150.3
583.9
648.7
1259.3
1727.1
1667.2
1296.2
1143.0
856.7
518.8
255.9
34.0
57.35
80.7
273.9
797.6
1078.6
1112.7
1497.5
1398.1
955.2
1466.2
611.4
243.9
41.2
171.8
302.4
901.7
1969.5
2480.5
3046.4
3218.6
3282.6
2666.0
2049.4
1432.8000000000002
816.2
120.1
2.9
124.4
492.6
931.1
1334.2
1368.2
1079.0
1138.0
946.8
1144.2
1185.9
727.6
115.1
0.4
242.5
586.1
1767.6
2585.8
2995.8
3044.4
3019.1
2816.0
2402.7
1704.0
846.8
102.2
1.1
310.3
881.5
1857.7
2624.5
3086.9
3321.4
3284.4
2984.8
2470.1
1755.0
889.6
122.1
1.3
223.3
601.3
1368.2
2649.9
2558.1
3239.3
3284.8
2977.1
2414.9
1800.7
916.3
122.4
1.6
321.6
1137.6
1960.5
2640.4
3094.9
3305.9
3266.0
2628.9
2019.9
1147.4
658.9
64.8
2.9
248.4
1285.2
1974.3
2739.2
3199.3
3307.8
3263.0
2833.9
2442.6
1713.2
880.4
116.9
1.8
131.2
228.0
1256.6
1975.8
2609.9
3188.3
3258.4
2972.9
2513.4
1566.2
708.7
106.1
0.8
148.9
520.2
942.8
1976.5
3135.5
3363.5
3316.4
3016.1
2403.3
1748.2
757.1
68.3
1.1
289.7
1056.6
1741.3
2687.9
3170.2
3393.3
3352.4
3043.4
2522.7
1790.0
925.2
131.2
103.75
76.3
332.5
623.8
730.9
822.6
1035.7
1691.3
1930.7
1686.4
1799.7
510.7
148.3
0.8
133.3
589.0
1108.0
2122.6
3095.9
3368.9
3302.7
2804.5
2435.4
1283.5
951.4
130.8
2.0
167.7
792.8
1947.3
2289.0
3099.3
3416.7
3375.9
3067.3
2542.5
1817.0
902.3
129.7
2.1
233.7
1265.3
2015.6
2490.0
2859.5
3562.0
3397.8
3083.2
2562.5
1779.1
882.6
133.6
4.1
172.8
720.8
628.6
926.0
837.0
1082.4
1716.1
1622.2
1953.6
1237.2
650.7
73.8
1.1
121.1
385.2
634.0
1190.1
2463.2
3341.8
3435.7
3049.9
2552.9
1711.9
950.2
124.3
1.6
216.3
664.1
1976.6
1680.6
2316.4
2215.9
2986.5
2821.4
2258.1
1561.2
776.7
138.6
2.0
103.4
638.2
905.6
1112.0
2431.5
2437.9
1858.1
1561.7
2419.6
1400.4
786.8
127.0
4.2
314.8
854.8
1817.6
2427.7
3274.3
3498.9
3417.4
3074.3
2564.8
1818.5
937.1
133.3
4.0
106.1
386.5
645.9
1322.0
1468.9
1840.2
2212.9
3046.9
2306.7
1448.5
802.7
129.8
4.3
254.1
878.6
1780.0
1898.5
3107.8
3407.0
3413.7
3005.5
2449.8
1805.8
905.7
121.0
6.3
408.3
1078.9
1912.6
2670.3
3266.4
3492.7
3411.5
3107.8
2521.1
1795.6
894.5
110.8
3.0
116.2
466.4
1156.5
1424.8
1929.0
2417.9
2581.5
2682.8
2478.2
1824.9
994.1
126.3
2.5
196.4
760.9
1515.7
2461.5
3246.7
3463.2
3424.2
3127.1
2592.3
1839.6
944.6
132.0
7.2
440.1
948.6
2181.9
2301.7
2348.2
2584.6
2844.9
2550.7
2285.8
1842.8
834.6
144.8
10.8
408.3
1218.6
2166.0
2846.0
3306.7
3532.3
3474.4
3125.7
2596.9
1834.4
916.8
142.0
2.4
144.4
505.9
1311.4
2501.4
2212.7
3065.0
2808.3
3243.0
2359.4
1804.0
690.1
130.0
6.8
260.7
925.5
881.0
1175.8
1709.8
1123.5
989.4
1427.0
1321.2
1020.0
183.7
47.9
11.6
311.2
909.7
1154.7
1752.4
1532.1
1886.9
1988.7
1756.0
1464.3
1240.9
623.1
142.4
8.4
330.3
612.1
1207.8
1698.3
2432.1
3327.4
3027.1
2744.8
2442.9
1683.6
940.4
127.6
11.7
218.9
1054.6
1427.1
2035.7
2451.2
2330.8
2547.4
2351.2
1522.2
987.7
904.2
82.8
10.6
223.2
1091.5
2034.8
2872.9
3011.4
2545.5
2431.6
2301.4
1845.1
1067.9
428.6
44.2
7.2
167.6
729.5
1060.2
1815.5
1565.9
2522.6
2871.5
2987.9
2149.2
1713.1
751.0
114.6
3.5
332.7
826.3
1655.1
2626.3
2110.4
2835.7
3140.5
2394.6
2293.8
1603.2
649.0
72.4
14.8
455.0
1320.7
2022.0
2568.8
2402.9
1867.6
1808.9
1213.4
1191.0
503.3
522.4
98.8
4.1
222.8
729.9
1491.1
1677.3
2346.3
2599.0
3239.5
3176.8
2590.2
1779.6
796.3
116.9
12.6
183.4
637.3
1975.7
2878.7
3307.6
3516.3
3439.1
3085.0
2509.6
1747.7
853.4
102.8
16.3
161.2
573.9
1131.3
699.0
856.7
1086.9
2562.2
2278.2
2548.8
1753.9
839.7
99.2
20.9
492.4
1327.6
2219.1
2913.0
3355.0
3556.2
3465.5
3112.7
2549.7
1758.7
843.6
100.7
7.4
165.4
346.9
791.4
823.2
2470.6
3545.9
2962.3
2276.1
2077.9
1410.0
879.9
101.0
9.1
238.7
299.0
457.1
1031.5
1623.6
2115.6
3147.0
3136.2
2118.0
1373.1
972.9
110.4
9.8
279.9
624.5
1188.3
1660.0
2351.8
3121.4
3297.1
2765.7
2480.7
1727.6
749.4
112.1
15.4
236.8
658.3
865.6
803.0
1404.7
1585.8
2398.8
2592.9
2575.9
1532.7
758.8
87.2
20.5
382.5
1070.8
1902.7
2926.9
3334.2
3503.0
3397.1
3033.7
2480.4
1712.2
755.4
86.7
24.8
493.6
1346.8
2127.3
2898.6
3172.9
3541.6
2782.0
3030.8
2555.3
1602.0
781.2
81.7
39.1
512.2
1114.8
1931.9
2537.2
3347.9
3500.7
3384.3
3007.3
2443.3
1677.8
791.0
85.2
31.8
400.5
972.4
1983.4
2710.7
3273.6
3485.0
3160.2
2850.9
2363.9
1649.7
717.5
63.2
37.9
568.8
1108.6
1731.5
2703.3
2484.9
3562.3
3393.3
3040.5
2543.0
1737.8
515.5
98.5
27.8
388.0
915.8
1358.2
2461.6
2192.9
2832.4
3144.1
2500.3
2021.0
1882.7
840.4
93.3
33.2
580.1
1454.1
2330.3
2971.0
3409.8
3456.9
2709.1
2554.1
2222.4
1244.4
597.4
50.8
36.1
612.8
1197.7
2225.3
3021.9
3422.2
3365.0
3291.9
2787.4
2398.5
1691.1
803.5
85.1
12.4
157.6
702.5
1359.0
2195.3
3253.7
3638.6
3411.9
3076.5
2541.2
1761.2
845.9
88.7
36.2
179.4
518.8
1136.0
1516.0
2087.3
3177.3
2975.5
2774.0
1914.0
1613.6
775.3
106.3
44.9
528.3
597.9
1263.7
1656.9
2630.5
3650.0
3045.8
2689.1
2489.7
1748.8
722.1
103.0
16.1
261.5
575.2
1236.5
1404.1
1613.2
1687.1
1943.4
1836.5
1833.8
1618.4
338.1
31.2
19.5
295.6
824.6
1368.2
1575.6
1910.8
1859.2
2389.5
1975.2
2025.3
1720.4
896.7
86.9
24.8
306.2
892.4
1301.0
1422.7
1413.3
2471.0
3112.8
3064.1
2521.9
1550.4
864.5
91.4
23.5
198.2
827.6
1091.7
2031.2
3498.2
3655.1
3587.7
3197.1
2608.9
1808.3
841.6
88.3
14.2
146.1
671.9
1081.0
1046.5
1260.6
1732.9
2795.5
2917.3
2583.7
1799.9
863.3
101.4
18.2
299.7
696.2
1728.0
2762.0
3331.1
3726.9
3625.2
3236.0
2636.9
1839.0
882.5
102.1
20.8
269.9
600.8
1214.9
2772.7
3576.3
3768.2
3634.0
3249.9
2655.6
1840.1
853.5
99.9
66.7
722.7
1642.2
2464.4
3093.8
3296.6
3049.4
3364.3
2710.6
2270.3
1889.1
896.5
104.3
68.8
600.5
1383.0
2563.6
3169.4
3520.5
3762.3
3595.2
3179.1
2571.9
1779.4
867.8
108.3
70.2
719.4
1667.0
2229.0
2861.9
3518.4
3636.0
3383.7
3124.7
2035.4
1171.4
506.5
66.3
72.7
731.2
1614.2
2454.9
3105.2
3520.4
3679.3
3574.4
3194.0
2576.1
1600.6
813.5
70.1
36.4
387.7
683.6
945.1
2118.4
2843.4
2355.5
2733.1
2123.9
1557.8
1529.4
685.1
87.4
19.0
185.3
351.2
1315.6
1839.9
3253.0
3524.7
3483.8
3179.3
2587.9
1691.0
781.2
93.5
17.6
486.5
1356.1
1609.4
2568.0
3251.9
3693.2
3475.5
3235.4
2443.8
1799.5
742.3
86.2
67.2
726.1
665.3
1090.3
2247.4
3351.8
3480.5
3618.7
3284.9
2487.1
1664.2
772.6
93.4
29.1
249.5
660.0
1824.8
3014.0
3367.9
3597.1
3127.1
3048.3
2488.4
1669.9
720.9
90.0
57.6
566.4
1307.9
2329.2
2807.1
3541.6
3699.6
3341.9
2784.6
2525.6
1785.2
924.0500000000001
62.9
81.6
690.1
1266.9
2219.9
2986.8
3536.4
3675.2
3570.3
3039.0
2571.5
1765.5
768.6
94.2
91.9
739.5
1704.8
2541.3
3220.7
3611.7
3747.7
3614.0
3269.1
2658.0
1805.7
862.6
98.9
98.4
771.4
1704.6
2548.3
3147.8
3526.0
3655.4
3509.6
3136.9
2567.7
1756.0
814.7
65.1
95.5
738.3
1217.0
1820.0
2249.1
3093.2
3559.2
3559.7
3120.3
2397.7
1734.1
528.3
18.9
89.9
753.1
1679.5
2483.8
3118.6
3475.4
3643.2
3404.5
3022.3
1455.3
683.2
196.4
8.4
100.0
734.4
1599.4
2494.0
3018.0
3467.9
3585.4
3601.6
3175.7
2518.4
1659.6
289.0
3.1
2.3
147.2
97.9
165.7
671.4
838.7
1530.2
1349.8
1420.6
1324.6
625.5
208.5
45.0
14.7
72.5
160.0
274.3
396.0
627.5
1474.6
1274.4142857142856
1074.2285714285713
874.0428571428571
673.8571428571428
473.67142857142846
273.48571428571427
73.3
651.5
1253.4
2191.5
2966.8
3612.4
3669.5
3684.9
3224.2
2596.2
1744.2
810.2
92.2
11.2
101.8
436.4
1323.3
1434.1
1686.7
2859.7
3106.6
2822.4
1987.4
1779.7
773.4
77.0
74.1
779.0
1525.0
1997.1
3075.8
3629.3
3650.6
3517.1
2598.8
1916.6
1569.2
750.7
99.1
69.1
796.2
1268.5
2512.6
3245.2
3603.1
3706.6
3666.5
3196.2
2513.4
1800.3
817.2
84.5
111.3
779.6
1595.2
2224.4
3171.6
3529.9
3705.7
3592.1
3152.2
2558.5
1693.7
785.9
93.6
115.7
748.4
1310.6
2206.3
3246.2
3490.0
3713.2
3217.5
2918.5
2453.2
1401.6
633.9
76.2
112.2
804.7
1612.4
2389.5
3204.2
3566.1
3717.8
3597.3
3227.8
2611.7
1761.5
861.9
98.2
106.3
789.9
1674.7
2563.3
3137.9
3568.2
3464.9
3568.2
3100.3
2362.5
1314.9
486.9
103.5
110.3
779.9
1590.8
2495.8
3189.8
3563.0
3617.6
3018.8
2823.2
2237.5
1732.0
814.7
90.6
115.1
439.8
1060.4
2562.4
2816.1
3121.6
3285.9
3100.6
2850.1
2658.0
1759.6
844.1
95.8
117.0
803.8
1722.7
2544.5
3144.2
3586.0
3706.8
3709.8
2695.4
2227.6
1400.4
912.0
109.7
94.0
421.4
1248.0
2397.4
2885.4
3105.6
3785.2
2993.0
3143.0
2681.4
1471.9
659.7
50.0
119.2
823.5
1735.4
2542.0
3146.8
3515.0
3590.5
2984.3
2840.3
2589.1
1788.8
856.6
118.5
106.6
767.0
1697.4
2504.6
3128.6
3516.9
3641.1
3296.3
3001.5
2298.9
651.1
351.8
123.6
134.4
821.7
1713.9
2468.0
3166.6
3425.2
3713.1
3289.7
2624.7
2447.5
1727.7
806.4
53.9
117.7
825.5
1702.9
2486.7
3097.9
3087.2
3612.0
3776.2
2975.7
2788.8
1735.5
904.4
111.0
118.4
899.1
1734.6
2194.9
2724.6
3447.6
3790.2
3111.2
2488.8
1479.1
1486.6
633.6
50.4
144.9
723.0
1565.1
2280.2
3148.0
3484.1
2817.4
3336.6
2598.2
1960.8
923.1
533.5
102.8
130.7
828.1
1692.9
2572.5
3141.3
3226.8
3291.4
3071.2
2721.4
2212.6
1782.4
875.8
104.5
33.4
488.9
1075.3
1440.5
2459.4
2606.0
2766.7
3536.8
3127.3
2402.0
1032.7
872.5
93.3
128.5
829.0
1481.2
2507.6
3173.3
3540.3
3670.1
3573.2
3237.5
2629.5
1843.9
924.3
120.7
122.3
824.0
1725.8
2540.6
3173.8
3565.3
3674.8
3580.2
3205.3
2570.6
1799.0
891.2
116.9
120.2
556.5
1175.5
1309.1
1670.4
2981.5
3415.4
3304.6
3141.1
2528.5
1625.6
751.1
130.8
127.1
847.3
1764.3
2574.8
3192.0
3575.5
3695.4
3590.0
3247.0
2645.7
1843.1
928.1
135.4
121.5
835.0
1693.2
1959.1
3092.2
3503.6
3539.5
3726.4
2459.8
1916.3
604.6
595.7
131.2
124.5
823.1
1723.7
2531.1
3144.3
3519.3
3625.7
3544.5
3232.7
2543.7
1574.5
946.9
111.4
122.3
813.0
1705.2
2489.6
3080.4
3428.3
3409.1
3243.4
2757.2
1435.8
1292.2
715.5
100.4
110.4
726.3
1639.2
2396.3
2966.0
3328.7
3397.0
1382.1
1603.3
1384.6
329.5
739.7
204.6
9.1
99.2
517.8
759.3
805.9
1365.5
1052.1
1934.9
2308.8
880.8
379.9
307.4
47.3
5.3
60.6
207.4
600.2
867.2
1955.1
1976.3
1513.8
2727.6
2631.3
1409.9
694.3
83.8
11.8
210.8
543.6
1033.4
2225.8
1842.6
642.7
1401.2
938.9
1565.8
1165.9
529.1
84.5
36.1
566.9
1092.5
1781.7
1976.0
1598.5
2243.9
3283.5
2441.2
2077.4
1536.8
721.3
136.1
140.5
836.8
1736.9
2580.9
3361.2
3355.4
2449.5
3095.7
3424.5
2611.9
1868.3
957.4
144.6
167.2
891.4
1571.6
2376.2
2795.5
3676.1
3862.8
3569.6
3396.7
2084.3
1223.8
322.3
93.2
107.8
781.8
1665.5
2465.1
3097.5
3463.8
3745.9
3045.0
2903.3
2601.6
1252.3
313.4
58.9
111.7
772.0
1643.2
2424.4
2999.8
3484.2
3136.2
3369.7
3224.3
2739.5
1726.0
908.9
152.2
114.9
807.4
1475.8
2117.2
3033.5
3437.9
3658.2
3453.9
2702.6
2137.2
1233.1
565.6
112.9
115.7
686.1
1414.1
2361.2
3148.3
3475.9
3549.3
3635.5
2713.6
1857.5
1508.6
529.4
149.7
85.3
595.4
1506.4
2386.6
3111.3
3585.7
3222.4
2604.7
2162.7
2281.6
1654.3
726.1
96.2
97.0
494.4
999.2
1645.8
2659.2
2595.2
1875.3
2054.0
1995.2
1966.6
1316.6
614.8
106.1
106.6
577.9
1001.5999999999999
1425.3
942.4
3227.9
3776.8
3793.4
3144.6
1132.4
950.9
349.1
56.4
46.2
452.5
885.1
2088.2
2293.3
3263.6
3355.5
2861.1
3103.0
2505.2
1693.9
799.1
137.8
116.8
802.2
1623.0
2397.1
3047.9
3549.8
3789.0
3494.6
3029.1
2000.8
1199.6
482.5
56.6
111.3
695.2
1278.4
1954.0
1633.8
834.9
2369.8
3366.5
2556.5
1273.2
687.8
364.8
41.3
30.2
404.1
1011.7
1677.7
2728.3
2768.0
3836.7
3203.3
2727.3
1704.7
1016.2
547.8
27.0
53.5
327.9
838.7
1325.4
2477.2
2615.2
2500.9
2272.4
1836.5
1679.4
980.5
476.7
100.2
37.0
231.5
904.2
1953.9
2512.2
2154.2
1899.5
2144.0
1948.5
1907.2
1486.6
856.4
86.9
88.0
678.6
1529.5
2307.5
2432.7
3151.6
3058.2
3093.1
2876.8
2325.3
1621.8
935.0
107.9
90.2
758.1
1583.7
2019.6
3083.1
3568.6
3870.8
3599.0
2789.0
2712.6
1918.6
705.5
97.4
85.7
694.5
1549.4
2345.7
3063.1
3221.7
3721.7
3032.3
2872.8
1620.1
1551.5
839.5
75.3
130.4
754.1
1427.3
2286.7
2504.6
2547.8
2985.1
2355.6
2132.1
1337.3
1618.6
1069.8
79.5
102.8
788.6
1334.5
2256.9
2926.2
2836.2
2297.9
2054.0
2368.6
1590.3
1632.5
735.8
156.4
89.3
458.4
1472.9
1989.9
2649.5
2741.8
2965.2
3434.4
2353.2
2396.2
1599.6
948.9
187.2
95.2
434.1
1200.0
2315.7
2772.1
3448.2
3324.4
3266.1
2512.7
2426.5
1305.0
1048.2
101.9
67.8
529.9
947.1
678.7
1265.7
1723.7
1426.3
2628.5
2478.2
1587.3
790.6
687.2
169.7
83.6
591.7
831.2
1095.4
2651.4
2280.8
2272.2
1835.9
2360.8
1754.4
620.6
314.3
28.1
60.9
475.5
582.9
535.6
2046.3
3488.2
2337.8
2705.8
996.7
767.9
715.3
399.6
57.5
60.2
468.4
1366.5
1805.4
1569.3
2405.8
1954.4
3298.6
2742.5
1739.7
1654.7
620.0
93.8
43.7
512.2
1098.0
1191.1
1971.1
2673.2
2400.1
2799.5
2187.5
1402.7
1117.2
1074.8
93.2
44.5
420.3
888.5
1991.6
2442.4
2882.7
3404.2
3464.8
2601.5
2812.3
1607.3
841.3
134.7
12.1
65.9
352.4
819.2
1555.0
2116.0
1375.5
1232.8
1414.2
961.5
570.2
304.4
56.1
146.45000000000002
236.8
875.4
1603.4
1599.3
1823.5
2893.4
2338.0
1292.3
1259.0
690.9
346.8
65.5
45.2
410.4
1020.5
2098.8
2108.2
2885.4
3702.4
3597.7
2964.9
2214.3
1167.1
810.4
115.1
57.1
619.5
1511.5
2308.9
2790.8
3506.5
3487.5
3604.3
3032.5
1517.9
738.6
572.8
173.2
57.1
543.0
903.6
2252.3
2281.2
2159.8
2577.3
2352.4
2891.4
2035.1
1385.8
940.5
289.4
49.2
612.8
1475.1
2133.8
2152.2
2690.8
3721.8
3717.8
2714.2
2256.7
1812.9
1221.5
245.9
59.1
579.8
1455.3
1685.9
2266.4
2483.0
3671.2
3264.0
3070.8
2235.3
1643.1
659.6
89.6
11.4
258.3
1263.8
2320.4
3185.1
2450.5
2589.0
2657.1
2888.6
2624.5
2017.6
950.1
172.4
51.7
504.2
1385.0
2185.2
3019.5
2922.2
2647.2
3411.4
3149.9
2487.0
1925.9
927.4
180.3
32.3
562.3
1355.4
1720.7
2675.6
2422.4
2977.7
2004.9
2960.6
2252.1
1360.7
1047.3
228.5
