y
90.5
581.6
703.2
1086.3
1157.8
2354.9
3950.4
2794.4
2787.8
2270.9
1882.0
1008.6
132.7
74.0
660.6
1050.5
2084.3
3320.8
3280.2
3696.6
3634.8
3274.0
2436.4
1344.1
360.8
144.5
89.6
561.5
1574.6
1781.3
2958.5
3446.6
3825.6
3555.6
3030.3
2492.3
1775.8
971.8
82.4
68.1
397.9
1420.2
2389.1
2809.5
2866.3
2800.2
3186.9
3027.0
2669.9
602.3
393.8
106.3
48.4
540.2
1357.3
2253.1
3129.3
3470.6
3585.4
2759.8
2312.5
2246.8
1874.8
604.6
127.4
52.6
534.3
1454.5
2254.1
2874.1
3350.3
2324.9
2044.8
1730.1
2005.8
1263.4
745.4
124.7
26.9
351.1
489.6
1606.6
2024.3
2979.0
1880.0
2833.5
3445.0
1191.4
1560.6
657.4
114.3
40.5
475.9
1489.4
2307.5
2925.2
2631.8
2763.2
3546.4
2126.9
1438.5
1693.5
857.8
253.5
22.6
502.8
322.2
1109.1
1657.5
2556.4
2348.3
2628.1
2719.7
1848.3
731.4
330.8
56.9
2.1
23.4
99.3
168.9
187.8
460.1
717.9
746.9
1103.1
1061.2
883.9
506.3
135.3
16.5
132.6
1080.3
2029.5
2598.7
2670.3
2048.6
2298.6
2877.1
1722.4
1017.8
254.6
10.1
31.0
272.8
456.3
1542.5
1509.7
2572.2
1382.0
1269.8
503.5
68.0
42.9
41.2
25.3
25.4
310.5
740.5
1283.6
2270.7
2051.0
2357.8
2913.8
2692.8
2215.0
1068.9
571.3
85.9
2.8
89.6
615.2
1334.8
2296.5
2337.1
2813.1
4025.2
2764.9
2203.9
1444.5
393.8
72.2
5.8
152.7
542.8
1249.8
1091.0
1596.2
1910.3
2593.5
1605.5
1461.3
600.7
355.6
140.7
13.5
170.5
769.6
1354.4
1964.5
1326.8
1454.0
3234.0
2371.5
1374.3
1923.0
860.7
58.2
35.7
215.7
681.0
2030.0
2204.2
2851.8
3140.0
3968.0
3031.0
2415.1
1958.7
1058.2
125.0
33.5
438.1
1483.9
2162.9
2680.5
2753.1
2515.2
2068.3
2384.7
2236.9
1897.7
816.9
204.8
11.7
433.7
328.4
413.9
1138.0
2204.0
2715.5
1310.9
1014.5
907.0
667.7
444.4
143.1
3.3
52.0
281.6
469.0
885.4
1827.6
2039.7
1170.8
1482.6
1499.2
1993.5
924.4
252.0
40.1
718.6
1530.7
2064.9
2795.4
3519.9
2935.3
3161.4
2278.7
1721.6
1790.2
1166.9
123.2
24.5
625.8
1476.5
2116.3
1741.8
2701.1
3749.5
2946.4
2773.9
1376.9
1736.4
1144.6
128.9
30.9
309.5
1251.3
2508.1
3170.4
2730.5
3930.3
3161.9
2810.3
2747.9
2132.1
1130.3
126.1
23.3
380.1
907.9
1878.4
2992.4
3441.0
2911.4
2713.1
2401.6
2807.2
2027.6
1114.7
121.2
12.1
206.5
1062.6
1482.0
2303.8
2772.8
3341.8
3286.2
2531.1
2927.6
1562.3
865.4
161.4
21.0
189.8
521.0
1188.2
1610.9
1740.3
2711.4
2931.0
957.6
3042.6
1084.4
379.0
205.6
14.0
532.5
1508.2
2291.1
2830.0
3202.2
3761.8
3180.7
3272.4
1747.1
1636.4
949.3
104.2
18.8
640.0
1126.9
1555.8
1684.4
1763.7
3481.2
2567.2
3326.9
2821.8
1340.0
974.4
130.4
22.4
366.8
938.3
1492.9
1859.1
3185.4
3130.7
2420.5
1732.5
1584.1
1662.0
661.1
194.5
54.2
159.1
182.4
816.9
2736.2
2493.8
2910.2
3003.2
1728.9
2410.9
1498.7
954.6
484.65000000000003
14.7
212.4
1101.7
1269.1
2870.6
2952.8
3713.7
3620.6
2422.4
1248.5
1391.0
1116.7
129.8
21.1
543.6
1496.5
2342.8
2979.3
2707.2
2641.4
3107.6
2798.9
2643.1
2114.8
893.6
107.3
18.9
690.9
1425.6
2063.5
2306.6
3240.1
3278.1
3438.0
2234.4
2725.2
1388.9
995.8
103.5
21.1
561.5
1449.5
2401.8
2920.1
3243.5
3269.7
3213.2
2745.8
2838.8
1747.8
844.6
113.0
19.1
597.6
1568.4
2527.5
2416.2
2405.0
3606.0
2437.4
1646.3
1352.2
660.9
249.7
75.0
16.6
561.6
1504.6
2338.6
3165.7
3423.2
3667.5
2723.2
2511.5
2458.7
748.0
787.9
90.5
4.7
188.9
733.1
1738.8
2424.7
1661.9
2625.1
2483.4
2176.8
2643.8
1335.1
806.3
144.4
17.9
279.6
1388.5
2278.0
2605.0
3428.7
2626.6
2661.2
2630.6
2413.8
1498.7
988.9
146.8
19.3
645.5
994.1
2006.9
2653.4
3682.8
4035.1
3778.0
3533.2
2971.6
1871.0
1162.5
163.2
19.2
396.3
1197.5
1662.5
2478.0
2634.0
2978.8
2581.8
2604.5
1842.4
1686.6
867.1
176.7
19.9
506.1
1427.3
2377.4
3158.6
2849.3
2716.4
3305.1
2158.4
1828.6
645.7
446.1
159.9
13.8
543.0
1468.7
2231.0
1983.0
2543.4
3298.0
2785.4
2980.0
2212.4
1571.4
1039.5
191.4
20.0
533.0
1488.9
2360.2
3071.0
3465.2
3397.8
2984.8
2860.4
2390.2
1443.8
717.6
132.8
19.0
555.9
1477.6
2312.4
3077.1
3511.4
3800.2
3439.2
2965.7
2398.9
2144.3
1204.0
131.7
21.1
555.1
1496.1
2379.9
3020.4
3594.6
3853.5
3368.9
2812.2
1743.9
1424.8
1127.8
210.2
23.3
557.7
1432.9
2164.8
3091.4
2916.5
2908.2
3645.3
3273.1
2568.9
1457.7
786.8
117.0
13.1
528.1
1244.3
2366.0
3137.6
3591.7
2146.8
2328.2
1244.7
2347.7
2171.2
1379.9
129.2
15.2
381.1
1062.4
2411.1
2894.9
3458.5
3138.7
2797.9
2709.0
1429.6
2006.8
734.1
172.5
17.9
531.0
1469.3
2350.9
3223.0
3290.8
3852.8
3673.5
2918.3
2641.2
1885.7
1100.7
127.9
15.9
554.2
1471.1
2374.3
2280.0
2846.7
1995.0
3422.6
2158.1
2763.2
1735.9
518.9
132.4
12.3
523.2
1258.4
2405.0
3118.5
3626.3
3863.2
3861.6
3333.3
2888.5
2131.2
1051.1
124.5
13.3
531.9
1482.9
2379.5
3100.1
3611.2
3579.7
3430.2
2917.9
2696.0
1743.2
761.1
133.0
17.6
280.3
1424.9
2522.9
2705.9
2287.5
3848.2
3593.7
2474.4
2725.5
2288.5
844.9
91.7
12.4
544.9
1525.0
1595.1
2751.9
2859.8
2558.6
2845.0
2069.2
1832.8
1392.4
1050.3
185.6
26.3
543.0
1536.6
2419.5
3131.5
3749.0
3584.0
3059.4
2937.7
2870.5
1766.1
1128.6
91.8
11.9
521.5
1508.8
2262.8
3000.0
3308.3
3941.8
3315.6
2159.1
2337.2
1838.1
336.7
134.4
11.1
525.6
1490.1
2183.2
2448.3
2873.8
2128.2
2696.2
1916.0
1518.8
2175.3
769.3
87.1
12.2
250.2
1182.1
2058.9
1947.6
1975.8
2666.6
2679.4
2044.0
2154.0
420.2
242.5
82.8
6.3
288.2
862.4
1674.2
2159.5
2253.8
2336.6
2053.2
2284.5
2072.5
1483.5
832.5
148.2
15.0
473.7
1291.8
2083.4
3014.0
3628.4
3830.3
3743.9
3556.1
2806.9
2182.4
1146.9
70.9
22.7
558.9
1591.8
1980.2
2459.4
3427.6
2438.4
790.5
1037.8
1152.2
1391.5
366.9
110.4
3.8
221.7
1403.1
2377.4
3099.7
3552.5
3506.4
2918.6
2994.7
2223.7
2109.9
1112.4
181.0
10.9
591.2
1522.0
2103.0
2568.1
2116.2
2191.6
1664.8
2006.2
2242.4
1754.4
725.4
116.5
16.1
368.8
1144.1
2094.3
3098.3
2413.4
1872.2
2172.2
1324.3
1832.7
915.8
546.6
147.8
12.3
323.1
803.3
1642.2
2729.5
3212.1
3499.7
3426.0
3545.1
2922.6
1721.5
634.4
174.7
214.14999999999998
253.6
1067.5
1376.7
1310.0
1243.4
1794.1
3091.0
2231.6
2522.6
1710.5
457.6
63.5
23.7
364.1
687.4
712.4
1513.0
2088.7
2376.8
3308.3
2572.7
1982.8
1154.5
524.4
112.5
11.2
528.6
1428.8
2397.8
3017.9
3597.9
3780.1
3786.9
2507.1
897.8
569.5
306.1
85.9
7.7
186.3
598.5
914.9
1581.1
1735.5
2256.8
2251.6
3028.2
2300.6
662.1
195.6
15.0
19.6
482.9
1441.6
2299.9
2829.1
3604.5
3833.4
3756.4
2683.6
2428.9
1434.4
800.0
84.7
14.4
178.4
830.9
1898.7
2810.0
3362.3
3226.5
2926.9
2706.1
1903.2
1394.0
739.4
96.2
11.1
557.9
1557.6
2472.9
3002.8
3814.7
3461.0
3211.8
2661.4
2460.9
1989.9
977.9
66.4
11.3
510.4
1480.3
2468.1
2935.2
3189.6
1985.2
3258.9
3511.4
2932.8
1998.7
888.9
69.5
17.7
450.8
622.0
1162.3
2260.4
3051.0
3017.9
3565.4
2881.0
2400.9
1165.7
897.2
74.0
12.7
331.4
1204.1
2201.0
2773.7
2623.7
2921.2
3095.7
2777.4
2794.4
1941.1
849.9
73.0
11.8
282.3
474.1
656.8
1523.6
1849.2
2504.1
2894.5
2829.9
2821.5
1811.5
630.3
31.6
11.0
265.3
930.4
2335.6
3073.5
3682.5
3630.1
3476.0
3086.9
2235.7
1716.8
955.3
109.6
11.4
451.0
1488.0
1850.5
2014.6
2910.8
2650.1
2171.3
1713.7
1028.4
179.6
77.7
42.3
19.0
323.4
453.4
1063.0
2548.3
3077.1
2885.0
3462.1
2537.6
2517.6
1828.3
797.9
97.8
11.1
232.6
675.2
940.0
1280.5
2192.2
3379.4
3547.0
3307.0
2393.6
1767.4
779.8
58.4
6.0
97.8
798.4
407.6
2068.6
2047.6
2763.1
2881.5
3057.6
2637.5
1375.2
480.0
65.8
8.3
333.3
942.8
2073.7
2326.6
2373.2
2571.6
2763.3
2265.7
1958.4
1871.6
704.9
54.4
4.2
114.7
647.1
1928.5
2399.4
3020.8
2605.0
3566.1
3012.4
2218.6
1655.9
796.2
42.7
13.7
547.2
1492.6
2370.5
3087.1
3515.1
3644.4
3236.9
2611.8
1755.5
1729.3
764.8
46.3
13.7
549.0
1288.3
1555.3
2782.4
2688.4
2509.6
2771.6
2132.8
1903.4
1784.1
756.2
46.9
13.2
368.7
1136.9
2191.8
2499.8
2956.9
2858.1
2073.7
3096.3
1516.2
1461.1
742.6
46.5
7.1
395.1
882.9
1167.8
2034.6
2370.3
2500.2
3707.9
2911.7
2646.8
1855.9
766.1
44.1
14.2
518.4
1459.9
2257.0
2796.7
3033.6
3117.4
3431.0
2947.9
2471.2
1238.2
736.5
44.7
23.2
421.7
1018.5
2068.8
2961.8
3140.0
2765.9
2713.3
2894.0
2647.5
1842.9
695.7
38.4
11.2
534.9
1142.2
2144.6
2698.1
3431.8
3628.1
3736.7
3075.6
2262.3
1707.7
676.5
48.0
10.0
603.1
1639.6
2468.7
3100.0
3559.6
3069.8
3491.3
2988.3
2402.1
1719.3
749.8
51.4
9.8
286.9
863.4
667.3
855.1
2154.7
2501.3
2465.2
2501.5
2542.0
1661.6
573.0
48.0
17.9
589.5
1338.2
2124.9
2897.0
3157.5
3686.4
3477.9
3038.0
2574.2
1806.8
766.8
32.0
17.5
359.0
911.8
2188.2
3092.7
3261.3
3092.4
2857.0
2166.3
2563.0
1334.5
1023.2
118.1
13.9
413.3
645.4
2147.1
3094.0
3026.7
3136.9
3150.2
1817.9
1715.1
674.7
132.2
0.4
14.5
436.6
1354.8
2187.1
2831.9
3511.6
3614.3
3498.9
2476.2
2197.0
1797.6
696.0
70.3
11.5
543.0
1309.5
2221.9
2744.2
2786.9
3070.0
3353.1
2609.7
2153.8
1662.1
591.3
39.3
10.5
551.0
1320.6
2327.6
2923.0
2537.0
3056.9
3235.7
3153.8
2075.8
1610.7
625.7
49.5
15.5
561.8
1459.3
2308.1
2941.8
3052.4
3151.3
2113.1
2016.3
2389.5
1217.0
298.2
37.3
12.8
467.1
1212.4
1195.7
1749.2
3729.6
3770.1
2263.0
2123.8
775.7
311.2
299.4
48.2
18.0
249.9
800.6
1480.8
1582.4
1571.5
2255.6
3303.9
3240.4
1423.4
1000.9
591.8
47.9
35.9
23.9
119.1
213.9
489.8
974.5
1012.4
1134.1
808.0
692.5
565.2
352.5
21.3
22.1
481.3
1488.1
1777.9
1938.6
1789.9
2873.8
3205.0
2367.8
1733.4
1280.7
510.9
32.5
15.7
537.4
1500.7
1778.4
1919.9
2180.6
2462.1
2651.0
1833.8
1591.7
979.4
201.4
24.6
10.7
268.7
958.7
1626.5
1279.6
2152.1
3471.8
3230.9
2548.4
1686.0
1145.0
284.7
28.3
16.2
527.9
964.5
1556.6
2381.1
1945.8
2856.5
3013.5
2799.5
2067.5
1383.8
291.8
38.9
15.6
547.1
1461.3
2307.3
2669.0
3308.4
3485.2
3001.1
3080.3
2261.5
1619.9
247.1
26.4
23.1
565.6
1353.5
2360.0
2959.2
3375.6
3597.9
3458.9
3101.6
2523.1
1640.3
241.6
30.3
14.2
561.4
1462.6
2361.0
2552.1
3257.4
3058.2
3546.7
3089.7
2455.1
1622.4
208.4
22.2
15.9
335.3
1262.2
2269.3
2628.9
2856.5
3058.0
2827.7
2702.1
2415.6
1527.1
277.0
23.2
14.0
543.7
1273.4
1332.1
1970.7
3066.8
3306.4
2835.6
2646.2
1755.1
1579.0
207.1
22.1
6.5
146.9
856.6
1559.5
2361.6
3202.7
2740.9
2956.0
3163.9
1880.9
1606.3
243.2
26.5
14.6
340.9
1035.0
1905.7
2591.2
3255.7
3294.8
2546.3
2905.1
1908.8
1007.9
276.2
27.6
16.1
533.7
1411.1
2386.9
2983.5
3431.9
3588.6
3415.8
2954.5
2414.4
1314.7
167.7
19.7
17.0
364.3
1339.9
1687.3
2549.1
3095.0
3115.0
3421.5
2554.6
2316.3
1458.7
180.9
24.5
19.8
528.2
1437.9
2173.0
2906.8
3244.5
3475.1
3383.4
2990.4
2366.1
1456.8
168.0
17.6
15.0
536.3
1439.8
2234.5
2909.8
3311.7
3458.5
3293.6
2482.7
1934.2
1294.8
231.0
24.9
18.1
543.6
1346.3
2177.5
2826.4
3323.6
2829.2
3178.3
2423.2
2034.6
1507.1
244.9
29.9
15.8
492.7
1395.1
1823.3
2469.8
3272.2
3189.3
2739.4
2291.4
1855.6
996.2
310.6
36.0
16.3
504.6
1274.4
1301.9
2307.9
2516.3
2367.4
3264.5
2343.8
1621.6
1246.1
232.7
22.3
12.0
323.1
977.0
2039.5
2261.0
2441.4
3385.7
2785.5
2470.2
2188.1
1413.3
170.0
17.8
14.9
513.3
947.9
1368.0
2627.2
3057.9
3604.5
3056.1
2443.6
1832.6
993.5
182.0
16.0
13.0
418.8
926.4
1456.0
2573.9
2922.7
2456.1
3225.8
2425.1
1975.8
1231.4
157.3
18.2
13.0
289.4
394.5
993.8
2077.4
2034.0
2439.0
2394.7
1556.3
1383.6
571.0
304.7
19.2
11.4
447.7
1468.4
2156.4
2934.8
2248.8
2650.4
2141.1
2009.6
1591.0
981.4
187.8
15.2
14.3
512.9
1319.9
1648.6
1691.7
2657.3
2557.4
2906.8
2226.0
1150.3
1359.1
193.0
14.9
12.2
391.7
765.6
934.7
1383.2
3082.8
2240.6
1780.6
2429.9
1558.2
865.7
123.1
11.8
13.6
520.7
1379.9
2157.2
2813.1
3198.3
3332.9
3223.0
2848.2
2265.2
1302.9
181.1
14.9
9.2
508.0
1419.1
1613.3
2777.7
2900.5
3352.0
2917.0
2519.0
1645.7
922.5
194.0
16.1
12.8
447.4
1362.4
2157.5
2815.0
3135.7
3195.5
3099.7
2220.0
1558.8
1044.5
232.6
16.9
19.6
384.3
771.5
1529.4
3076.1
2674.8
3041.6
3253.3
2432.3
2097.9
1196.2
174.9
16.6
11.5
277.8
666.6
1212.9
2159.3
2737.2
2971.9
2701.7
2148.5
1488.5
905.7
241.6
21.1
17.9
224.1
514.9
1269.1
1546.7
1743.6
1872.5
1937.8
1262.1
711.5
623.2
213.9
17.0
11.4
512.8
1447.1
2096.0
2273.6
3089.2
3695.7
2911.2
2153.7
1300.3
1311.1
184.4
15.9
13.3
472.0
1099.0
1723.2
2161.2
1477.0
1846.8
1057.8
1444.8
1207.3
623.7
138.1
12.6
16.4
515.1
1261.8
1807.3
2579.0
3117.0
3165.1
2254.0
1301.0
789.1
556.2
262.1
17.7
15.6
480.9
939.6
2339.1
2483.4
2305.5
2157.9
2558.3
2411.4
1612.1
1034.3
225.3
16.9
8.1
201.4
642.8
1233.4
2667.6
2275.4
1631.5
1962.4
1757.9
1917.3
1042.4
261.5
5.9
5.8
130.1
515.7
655.2
1538.9
1925.4
1571.1
1847.9
1406.3
1058.7
600.9
272.1
7.3
3.5
128.7
388.4
1031.2
1112.1
1169.3
1711.6
1947.8
1398.8
1404.5
1165.5
173.2
12.4
3.3
143.7
311.0
861.5
1009.8
1380.8
1616.0
1844.2
2125.0
1118.6
750.3
214.6
10.0
10.7
238.4
801.2
578.2
1141.3
1241.2
1109.8
1005.5
1523.8
1067.4
1082.5
222.7
22.6
7.5
217.3
716.3
967.4
1763.0
1459.7
1170.4
1208.2
1640.8
1560.6
1152.6
184.7
11.5
11.2
190.7
635.6
1199.5
2120.0
2994.0
3034.4
2398.3
1428.6
1261.8
1042.1
226.6
12.3
14.1
282.4
1252.5
2197.3
1562.1
2107.0
1603.8
1941.0
1532.1
1622.6
367.5
118.2
8.5
9.4
473.1
1073.2
2053.8
1994.5
1270.4
2060.1
1603.6
1175.7
783.5
557.5
204.5
22.2
9.2
475.5
793.7
703.0
932.6
2004.9
2500.5
1844.2
1949.1
1195.9
609.7
173.3
15.0
3.0
106.2
280.8
571.0
859.0
1127.7
1320.8
1373.4
1630.5
1571.1
1143.6
216.8
16.9
8.9
457.6
1293.2
1855.4
2592.5
2653.6
3410.8
2481.2
2177.7
1844.5
977.1
217.3
10.1
9.3
454.5
1257.2
1998.2
2621.7
2874.0
3090.0
2700.9
2344.2
1944.9
942.3
131.6
9.9
12.6
169.5
422.5
1054.5
1902.2
2013.2
2463.4
1691.0
1916.2
1717.8
1044.9
195.8
12.5
6.9
414.7
1040.2
1896.0
2628.6
2882.5
2446.3
2242.1
2704.3
2218.3
1231.8
160.6
14.8
7.7
447.2
988.0
2110.1
2716.4
2548.9
1844.0
2273.5
2082.3
1902.2
1042.8
164.6
25.2
8.1
320.2
1034.4
460.4
997.1
2006.9
1537.9
953.0
1150.1
1011.1
853.7
262.6
12.5
8.2
432.9
1243.0
1990.0
2725.5
3069.5
3080.9
2288.6
1788.1
1350.1
1142.3
215.0
15.7
13.4
178.5
261.7
531.1
798.1
1335.0
1441.5
1966.9
1852.9
1501.0
923.5
182.4
13.2
5.3
439.1
1291.4
2011.2
2027.1
2589.0
3081.3
3049.4
2705.5
2118.3
1142.4
225.5
13.5
3.6
180.3
515.4
559.0
1502.8
1923.3
2363.4
2490.9
2396.7
1821.7
934.8
261.4
19.7
7.8
438.2
1019.6
1452.7
2589.9
3060.4
2661.7
2578.5
1578.7
1490.2
713.1
287.0
18.6
2.8
173.7
773.9
1254.8
2645.8
3000.3
2667.5
2056.0
1033.9
604.8
1256.4
154.3
8.1
6.9
375.0
1215.3
1949.7
2573.4
2894.2
2991.7
1640.1
910.8
1574.4
1081.2
171.2
12.8
7.3
388.2
1179.3
2015.9
2463.5
2529.7
2637.8
2814.3
2489.9
2226.5
1017.6
208.2
14.0
4.3
394.1
1159.2
2046.6
2202.1
2648.9
3114.8
3000.5
2612.1
2113.2
1235.0
187.8
13.6
10.8
347.1
828.1
1926.9
2701.8
2974.4
3162.9
2842.8
2762.0
1559.7
728.7
172.5
17.3
6.8
217.6
502.5
806.5
1540.3
1843.6
2060.0
1897.4
2054.4
1043.6
934.9
210.3
12.6
1.8
229.2
822.7
1307.9
1169.8
1198.4
1587.2
1256.7
821.7
575.2
341.5
176.4
18.2
3.3
89.3
323.6
638.3
901.4
1386.5
2202.3
1522.9
2277.0
1381.3
1062.1
297.0
21.5
7.2
359.5
824.2
600.1
809.9
1119.9
2052.1
1769.9
1249.4
1468.5
798.0
278.3
23.6
1.7
228.5
688.6
1108.8
1848.4
1858.0
2623.2
3060.2
2639.4
1766.7
809.5
215.5
21.7
146.5
271.3
819.3
764.9
596.7
1542.3
1667.3
1452.8
1081.0
1000.2
1009.2
263.7
22.3
5.9
169.8
403.8
773.6
1672.4
1174.6
1001.7
954.5
818.0
917.4
786.0
202.1
23.2
4.1
382.8
1199.8
1929.5
2552.5
2882.1
2259.4
2290.3
2104.3
1095.9
733.5
324.2
21.3
3.2
283.4
656.7
2146.6
2561.1
2987.9
2776.6
1765.3
1105.4
556.2
619.3
353.7
31.1
4.0
367.1
1117.8
1924.2
2538.8
2945.3
3109.2
3029.9
2695.2
2151.2
1213.4
383.8
37.3
4.7
200.6
433.7
837.3
1448.8
1775.7
2346.8
1664.3
2135.7
2062.1
1285.9
224.6
21.0
3.0
357.5
1147.5
1883.0
2528.7
2680.6
2728.3
2044.7
2193.6
1854.4
555.5
170.5
18.9
1.4
100.7
354.0
1398.1
2146.3
1381.7
1198.6
1807.5
1061.0
1333.0
880.1
236.1
20.8
0.6
259.7
1054.2
1162.3
1598.0
2101.1
1817.9
1114.0
1104.5
1054.5
825.4
345.4
25.4
1.3
246.8
406.1
1099.9
1178.0
1884.7
1507.5
1842.9
1581.7
918.0
727.3
231.2
26.9
0.3
102.7
530.5
896.2
1007.5
1530.8
1466.6
1172.4
1481.6
1778.8
1081.0
276.3
22.8
1.6
109.0
370.0
616.5
752.8
1106.7
1402.7
1582.6
690.6
1729.8
1353.7
173.9
25.0
0.7
89.6
679.5
1189.1
693.7
988.6
1641.2
2643.8
1845.8
1913.7
1334.1
289.2
22.8
0.8
82.2
255.5
735.2
1056.4
1742.9
1407.5
1125.9
1222.2
890.6
788.1
229.1
21.5
1.4
372.5
836.4
1333.0
2134.7
2754.2
1912.1
2382.5
1968.1
1584.1
1410.1
302.3
21.5
2.3
168.0
439.6
773.5
1253.8
1365.8
1372.0
1690.5
2190.9
1607.4
1126.5
327.0
21.9
3.6
257.7
791.5
1120.3
2304.2
3048.8
2496.0
2709.4
2702.9
2013.8
1152.1
336.7
29.5
1.0
221.4
591.6
1128.6
1790.3
1854.0
1857.1
2469.2
2579.2
1649.7
1023.0
234.3
22.1
0.3
153.0
489.1
1687.8
1049.1
2135.7
1844.7
2615.2
2553.9
2206.9
1312.9
295.0
28.5
1.1
114.9
423.4
819.8
1318.4
1113.0
1996.7
1989.1
1164.1
796.1
939.5
311.3
28.3
0.8
413.1
1168.7
2246.8
2592.0
2439.6
2059.2
2216.3
1322.4
1246.5
1172.9
269.3
33.2
76.95
120.7
378.1
1055.6
1755.4
2280.6
2299.4
1909.2
1310.8
850.3
552.2
266.3
13.7
179.29999999999998
344.9
842.8
1453.8
2078.2
1805.3
1605.1
1583.6
1350.0
1360.6
784.1
278.0
23.6
1.3
173.6
797.8
1482.9
1825.8
2622.4
2178.8
2541.2
2617.7
1652.2
1084.8
216.1
25.6
2.2
165.5
419.2
806.7
1667.7
1836.5
2784.7
3075.7
2593.2
1946.3
1533.2
304.3
27.0
2.2
126.8
488.7
1158.8
2774.5
3024.4
3160.2
3137.8
2806.5
2275.2
1438.7
279.7
27.0
1.3
349.4
1168.5
1497.7
2288.2
2801.2
3242.0
3062.3
2758.9
1973.9
1407.3
278.7
29.1
0.9
355.6
1204.6
1926.8
2612.4
3031.9
3215.6
2988.4
2818.6
2260.7
1500.8
283.9
26.9
1.5
117.2
414.8
832.1
1393.4
1684.4
1698.3
2331.3
1868.1
1834.5
1331.5
351.4
36.8
0.9
205.0
1093.5
1508.7
2079.5
2860.5
2890.0
2885.8
2070.7
1920.2
1496.4
336.9
29.6
0.6
136.0
488.8
855.2
1385.2
1537.4
2262.3
2723.1
1951.3
1395.0
1122.7
267.0
43.0
0.3
201.3
937.8
1071.7
1133.2
1911.2
1949.5
3000.4
2640.4
1995.1
1415.5
462.4
33.7
1.0
315.8
670.6
2072.0
2450.2
3163.1
3198.8
2962.9
2760.7
2257.5
1509.9
305.7
27.5
1.0
179.8
481.8
1525.5
2483.1
3064.7
3211.7
3134.7
2792.2
2291.6
1489.9
377.6
43.3
0.6
168.3
662.9
1242.2
1919.9
2791.8
3267.2
2967.0
2289.2
2152.0
1170.0
308.1
30.8
1.4
176.0
536.1
999.0
1582.0
2328.9
2595.8
2209.2
2369.9
1772.9
1513.9
362.5
28.1
1.5
364.9
1215.0
2017.4
2702.8
3062.1
3244.5
3239.3
2845.1
1730.9
1472.7
389.8
39.9
1.2
373.9
1225.9
2035.5
2722.5
3158.7
3325.3
3239.4
2895.9
2332.2
1573.4
379.9
35.4
1.6
372.4
888.4
1357.0
2316.0
2947.6
3090.9
3041.1
2864.2
2302.7
1553.8
383.5
36.7
59.75
82.8
387.1
1131.7
1409.7
1320.2
1427.2
1226.4
741.1
806.6
610.2
370.2
41.1
0.9
203.7
634.8
1222.9
2164.7
3226.8
3113.1
2299.1
1258.5
1290.1
1001.3
259.7
31.3
2.0
370.2
1199.9
1981.3
2648.9
2827.7
3154.8
2971.8
2848.8
1717.0
1713.5
548.6
45.7
1.4
367.9
747.1
1493.6
2702.6
3016.5
3260.7
3288.1
2218.8
1877.1
1327.9
508.9
38.1
6.9
365.5
898.5
1776.0
2026.4
1467.1
1936.0
2724.0
2049.8
1875.6
1069.9
464.9
36.4
0.7
148.2
565.9
880.3
1645.1
1876.9
1706.5
1613.7
1704.5
1722.8
979.3
470.8
42.3
1.9
131.6
643.4
856.6
1363.8
1570.1
1795.0
1533.1
1236.1
1370.5
781.3
301.6
26.0
1.8
141.0
658.5
1192.7
853.9
1105.8
1262.9
1046.1
1480.8
1504.3
686.7
186.0
25.7
0.8
315.8
683.2
1424.7
2738.3
1934.0
1859.3
1638.8
1486.4
790.6
624.9
264.2
32.1
2.0
126.9
764.0
682.0
1495.6
1517.7
1388.6
2344.2
2105.4
1636.5
1145.5
386.9
35.3
3.8
344.3
924.5
2061.1
2706.8
3188.2
3278.1
3200.2
2844.1
2370.2
1603.6
456.7
33.4
3.2
405.6
1283.5
2093.1
2751.2
3181.4
3361.1
3277.9
2948.1
2373.7
1610.2
478.7
32.4
4.6
393.7
1147.9
1519.3
1356.0
3040.9
2120.1
2695.3
2405.7
1981.7
1497.0
375.5
33.5
5.4
405.3
1272.6
2083.2
2802.0
3180.6
3353.6
3265.9
2953.7
2367.2
1528.9
516.8
32.3
5.8
324.3
1254.0
1574.0
2537.7
3276.5
3160.1
2791.6
2351.0
1708.0
1494.3
527.2
36.7
4.6
408.1
750.5
1673.2
1912.7
2512.3
3483.2
3390.8
2685.5
2062.6
1154.7
447.2
37.5
2.9
135.1
926.0
1726.8
2821.4
3289.9
3389.0
3168.5
2545.4
2370.1
1436.8
378.1
35.9
4.6
435.9
756.9
2182.5
2835.5
3259.1
3443.3
3345.5
2996.3
2421.0
1642.6
549.0
37.7
1.4
114.7
417.2
936.3
1244.9
1759.5
2574.5
2876.8
2574.0
2036.1
996.1
486.7
50.2
3.6
232.3
815.8
1210.4
1762.2
2278.0
2518.2
3000.4
1796.5
1078.1
1227.9
456.0
67.5
5.7
455.0
1180.4
2175.5
2798.9
2994.9
3532.9
3026.7
2780.4
2430.0
1671.9
581.9
42.3
5.7
475.6
1402.2
2113.9
2906.5
2681.4
2672.2
2843.7
3206.5
2003.9
1606.9
541.9
52.1
4.1
331.2
1101.3
1392.6
970.2
1397.1
1372.8
1626.8
1785.9
1506.5
703.0
407.9
46.5
8.0
442.5
1357.6
2047.8
2930.2
3286.1
2691.0
2413.1
2160.6
2058.0
1039.8
507.2
31.3
9.1
293.4
831.6
1023.1
1104.5
1831.8
2006.7
2069.1
1472.8
1180.6
730.9
305.9
38.6
6.4
220.3
702.1
980.3
1843.3
1890.1
1467.7
1793.1
2457.3
1847.4
1663.0
284.1
60.0
9.4
510.0
1420.8
2242.8
2926.8
3388.3
3494.3
3333.7
3077.5
2462.3
1666.7
613.9
39.5
4.8
196.8
840.7
1205.1
1980.8
2889.1
2614.1
2447.6
2354.9
1738.8
1597.9
673.4
40.9
10.3
501.9
1357.3
2319.7
2939.3
3059.0
3562.5
3188.0
2925.1
2488.8
1701.1
757.4
57.9
11.2
336.9
1188.5
2476.5
2795.0
3201.8
3311.5
3091.4
2895.0
2264.2
1667.7
641.2
39.4
6.7
169.8
382.3
707.1
1616.6
2584.3
2653.6
3133.7
2273.6
2320.7
1639.6
656.5
39.3
6.2
189.1
577.6
1470.8
2358.1
3334.9
3436.5
3494.4
3017.5
2428.7
1719.2
611.4
40.0
13.1
282.9
622.7
1163.9
966.7
1993.6
1459.7
1919.2
2067.0
1603.1
1116.4
556.1
55.6
14.3
562.4
1500.7
2341.5
2893.0
3439.7
3590.2
3470.8
3020.2
2469.4
1652.4
665.2
40.3
5.4
149.9
444.8
840.7
1419.8
1566.7
2779.9
2997.0
2348.1
2015.3
1428.6
665.0
46.4
15.7
350.3
963.0
2065.6
1400.7
1956.2
1687.7
1569.8
603.9
1016.9
1199.5
320.2
40.3
12.3
198.3
1106.3
1511.3
1237.9
1854.9
2456.6
2116.9
1860.1
1256.4
918.8
475.2
54.4
24.4
411.7
1337.4
2104.1
3460.3
3579.4
3003.9
2858.9
2313.3
2394.0
1171.3
607.3
46.7
23.3
673.9
1722.8
2258.3
2640.2
2299.3
1631.3
1767.5
1656.5
1307.3
963.2
250.2
48.5
5.2
203.7
718.8
973.2
1420.7
1568.1
1759.4
1582.1
1098.2
914.8
581.9
268.3
31.5
9.4
494.3
1268.6
2338.3
3019.6
3490.4
3058.7
3457.6
2425.3
1711.8
1203.2
425.3
47.8
19.7
534.3
1092.6
1407.8
1379.6
2439.4
2902.4
3177.6
2481.2
2144.9
1248.7
571.6
44.0
21.1
508.9
1345.4
1236.0
1001.9
1239.0
1696.7
1604.3
1865.6
1869.6
1328.1
628.8
37.0
6.1
161.0
703.7
1051.4
2106.2
2743.3
3039.6
3094.0
2660.6
2278.8
1431.0
520.6
44.5
31.8
528.8
1035.5
2099.1
3004.6
3432.6
3574.1
3437.4
3059.0
2411.4
1590.8
633.6
33.6
14.0
248.4
659.1
1750.5
1094.2
866.5
1251.4
2285.1
2214.7
1631.0
1224.6
622.2
39.4
25.5
605.7
1547.3
2399.3
3059.8
3481.8
3611.8
3477.7
3065.7
2423.2
1605.3
617.9
32.4
35.1
328.3
780.9
1507.6
1535.5
2004.1
3163.2
3789.8
2266.9
2434.7
1461.7
304.9
43.5
27.1
300.2
472.9
710.6
1271.8
1560.0
2261.5
1997.5
1950.6
1931.6
1649.5
710.4
41.0
30.3
611.7
729.1
1116.0
2112.6
2413.8
2660.8
3128.0
2189.4
1926.9
1259.0
599.6
31.8
31.6
576.8
1253.6
1608.4
2278.8
2117.2
2194.1
2237.7
2158.7
1923.0
1244.4
437.3
32.4
37.8
574.4
1548.0
2386.6
3040.5
3469.7
3598.3
3169.8
2962.0
2167.9
1428.0
598.2
37.6
32.4
550.5
1500.0
2369.5
3032.1
3462.1
3462.5
3280.9
2679.0
2371.5
1564.6
535.0
36.4
50.9
636.5
1529.3
2365.3
2814.8
3277.6
3521.2
3501.7
2699.4
2319.4
1602.1
533.1
35.4
45.7
627.8
1284.9
2473.8
2962.2
3526.7
3707.2
3336.4
2722.1
2184.3
1290.7
487.6
32.8
36.9
662.8
1609.7
2439.8
3089.3
3511.1
3544.3
3502.0
3312.5
2439.4
1454.9
595.8
32.6
42.2
657.7
1569.6
2465.5
2959.2
2903.3
3149.6
3199.3
3097.6
2113.1
1309.7
440.0
33.0
43.3
694.1
1623.1
2472.2
3116.7
3497.6
3484.5
2860.4
2282.1
2202.3
1739.5
427.1
31.5
40.5
704.8
1631.0
2414.7
3039.5
3449.0
3678.1
3280.0
2398.5
1901.8
1193.6
576.0
42.8
43.4
637.3
1637.0
2395.3
2185.2
2469.5
3504.5
3471.9
2858.9
2074.4
1234.3
557.4
31.9
48.9
683.2
1534.6
2394.5
2200.6
2310.1
2589.5
2581.5
2866.0
1945.4
1609.0
633.1
35.7
30.1
227.4
797.5
1673.9
2730.2
2794.1
3484.1
3572.7
2980.3
2387.5
1601.9
617.6
25.8
39.2
301.5
839.8
1713.6
2045.2
2123.2
2834.7
2039.4
3012.5
1913.4
1463.7
432.3
19.3
30.8
372.1
696.7
1251.7
1315.9
1749.4
1595.7
2342.5
2167.0
2276.4
1640.7
590.5
31.2
24.4
272.3
684.5
1017.4
1142.0
1578.9
2113.4
2355.1
2202.2
1672.9
1399.7
457.7
27.5
53.2
588.8
1137.7
2249.5
2536.7
3649.1
3678.7
3154.8
2032.7
2077.5
1383.8
497.0
40.6
35.4
288.8
542.5
1187.0
1240.1
1903.5
3135.9
3225.8
2239.8
1396.4
1310.8
417.4
32.6
55.6
408.3
816.4
1828.0
3046.2
3389.2
3897.4
3636.2
3225.9
2545.4
1689.7
597.5
30.4
55.6
539.2
1975.5
2638.6
2788.6
3738.3
3949.0
3781.9
3220.1
2304.4
1593.9
376.7
37.2
43.7
727.3
1806.4
2647.6
3294.9
3773.9
3253.5
2779.4
2092.8
1933.3
1587.2
626.7
29.9
47.6
825.1
1897.4
2636.8
3204.4
3330.1
3734.2
3685.7
3186.6
2529.7
1679.6
587.6
34.6
53.3
759.9
1814.4
2643.7
3262.1
3764.1
3563.9
3299.3
2671.7
1562.9
1137.2
403.8
33.7
56.3
777.0
1791.8
2637.7
3237.3
3670.4
3791.1
3547.8
3068.8
2452.8
1659.6
350.4
43.7
19.9
256.4
1011.7
1648.5
2057.9
1679.5
1892.4
3078.3
2334.4
1965.1
1055.0
320.5
40.2
88.8
433.6
838.8
853.5
1282.9
1680.2
2664.3
2874.5
2664.6
2268.4
1204.3
555.6
30.0
57.7
800.4
1799.1
1950.1
3159.0
3857.2
3844.7
3146.7
2502.5
2323.3
1108.0
240.5
24.6
69.8
710.4
1224.7
2486.0
3332.0
3594.3
3547.8
3690.7
3211.3
2412.0
1397.7
469.8
42.1
57.5
728.0
1748.7
2592.9
3217.4
3631.6
3747.8
3585.7
2780.9
2136.6
1324.6
504.8
28.4
86.1
731.8
1764.3
2342.1
3263.4
3635.6
3745.3
3543.4
3092.4
2411.8
1530.2
571.6
37.5
69.0
757.0
1797.9
2659.2
3317.0
3680.8
3727.8
3106.2
2911.7
1985.9
882.3
329.5
30.3
65.8
837.2
1948.2
2748.2
3368.6
3767.1
3859.3
3666.1
3180.6
2326.4
1473.5
631.7
45.0
67.9
839.1
1872.0
2675.6
3292.8
3666.6
3765.7
3576.6
3126.0
2559.7
1593.6
653.4
39.5
66.9
823.0
1796.3
2133.2
2461.8
2409.3
3266.1
3341.5
3211.8
2538.2
1665.5
626.0
26.4
62.9
811.4
1817.0
2641.3
3256.1
3610.2
3692.7
2904.1
1309.8
1390.1
652.9
414.7
22.6
71.4
817.9
1836.8
2664.0
3285.4
3657.0
3736.8
3528.1
2941.2
1601.8
1043.8
630.7
12.4
13.1
193.2
515.8
1116.1
2974.2
3078.8
1953.4
1667.7
1095.3
1328.3
940.0
609.6
28.2
76.2
423.8
924.9
465.8
671.5
1105.7
2383.0
2925.5
2596.5
1521.5
1485.4
517.4
44.3
69.2
799.3
1832.9
2698.5
3508.9
3594.0
3815.2
3179.2
2525.3
2278.5
1291.2
525.3
33.5
36.4
424.7
1075.7
1342.1
1495.2
1711.2
2174.7
2852.7
2272.9
1554.3
1571.4
656.7
32.2
80.2
871.7
1894.8
1855.8
2270.8
3100.0
3358.0
3379.7
2727.9
2108.5
1226.2
573.6
43.4
81.4
747.2
1727.0
2769.5
3245.1
3285.5
3400.5
3200.9
2897.3
2366.0
1602.9
611.6
31.4
79.9
848.6
1853.2
2737.6
3364.2
3671.5
3604.6
3371.3
3157.8
2387.0
1743.6
529.9
26.8
85.0
859.9
1639.0
2043.0
3144.3
3532.4
3825.5
3111.6
2693.6
1661.5
1374.3
634.5
29.6
75.1
861.2
1896.1
2767.0
3368.8
3687.2
3831.6
3673.6
2708.5
2648.2
1310.7
625.1
28.2
80.1
865.4
1907.8
2724.8
3365.8
3130.7
3488.8
3462.7
2418.1
779.7
1553.8
660.3
50.3
85.4
866.8
1892.0
2704.9
3178.4
3835.7
3922.3
3135.6
3472.5
2670.7
1688.1
598.1
30.2
93.9
827.4
1856.9
2710.3
2951.6
2943.5
3258.7
3659.2
2312.3
2525.8
1639.4
609.5
28.7
105.6
819.2
1892.9
2703.8
3260.2
3677.0
3139.7
3170.0
2256.8
1829.6
732.5
572.8
29.9
137.5
659.9
1534.9
2667.4
2914.1
3434.1
3677.8
3618.1
3234.5
1718.3
467.3
352.9
55.9
82.4
885.9
1899.9
2697.7
3296.6
3679.7
3846.4
2959.9
3047.5
2169.2
1235.4
580.2
330.75
81.3
888.7
1892.7
2698.0
3275.4
3667.3
3751.6
3289.5
2513.1
2389.4
1623.1
524.8
26.7
94.8
858.6
1108.0
2492.3
3239.3
3612.2
3591.4
3558.1
3017.1
2018.9
1414.4
618.6
59.5
81.9
894.4
1890.5
2693.5
3302.7
3671.4
3445.1
3085.1
2306.8
1469.3
975.1
465.3
46.2
117.1
862.0
1839.6
2300.9
3091.0
2652.8
2680.7
2733.4
2231.0
2027.6
472.8
171.3
17.0
77.3
707.6
1685.6
2036.2
3245.4
3648.7
3741.5
3472.5
2933.0
2581.6
1020.4
274.9
15.2
82.6
823.4
1675.9
2721.3
3316.7
3455.5
3059.9
3393.1
2916.3
2316.4
1707.4
675.5
32.6
101.7
886.9
1543.1
2361.7
3233.2
3759.2
3173.8
3396.1
2667.0
2499.0
1686.5
682.8
39.2
103.4
588.9
1942.2
2459.8
3334.5
3689.8
3777.7
3554.6
3110.2
2502.7
1695.2
703.7
41.1
74.2
933.1
1924.0
2735.0
3314.1
3674.8
3765.2
3594.6
3117.9
2492.0
1692.0
655.9
27.7
94.2
370.4
719.8
1988.1
3252.7
3731.9
3825.1
3402.3
2879.5
1961.4
1209.8
744.2
30.7
71.0
936.7
1942.0
2770.8
3370.8
3718.4
3789.4
3599.3
3087.5
2565.3
1789.9
553.8
34.7
72.7
907.8
1892.5
2780.3
3343.9
2927.9
2852.6
2319.9
2706.5
2747.9
1754.0
314.3
41.4
78.7
896.8
1858.2
2642.5
3297.0
3624.5
3732.8
3551.6
3084.7
2510.0
1695.9
459.6
24.3
74.5
909.4
1880.0
2674.3
3258.8
3301.2
3460.6
2504.8
1835.0
1614.2
1363.3
774.2
54.1
99.5
852.7
1544.4
2604.3
3193.2
3496.4
3597.3
3150.4
2133.2
1917.0
809.9
222.7
21.5
4.4
78.9
261.3
1006.9
2095.4
1861.9
1286.1
1096.3
1407.5
801.1
455.1
253.1
28.9
247.0
605.1
517.5
1097.4
1354.2
3167.6
2841.5
2383.7
2582.0
2016.3
1476.0
629.6
101.8
102.2
401.9
1312.4
1627.4
3138.7
3026.5
3469.1
3126.3
3232.2
2306.3
1326.2
562.7
54.8
59.1
822.9
1846.2
2789.5
2719.8
3393.4
3047.6
3345.9
3128.5
2263.5
1458.5
670.6
38.8
73.0
901.7
1905.7
2705.6
3315.5
3668.7
3789.2
3648.0
3254.3
2372.2
1666.6
528.8
55.9
88.1
891.4
1874.1
2689.2
3305.4
3489.9
3650.2
3200.7
2683.0
2094.7
1475.8
531.1
45.0
80.2
882.0
1847.9
2659.1
3260.6
3624.4
3494.3
2648.2
2150.6
2169.8
1133.3
352.9
40.0
81.1
876.4
1851.2
2643.2
3172.1
3664.6
3107.4
2732.8
2411.4
1649.2
1626.6
755.2
64.1
78.6
872.7
1852.5
2663.1
3266.1
3623.4
3758.0
3519.7
2709.7
1486.6
1110.6
636.6
43.1
104.6
832.4
1843.0
2589.8
3261.2
3643.1
3656.7
3666.9
2283.7
2235.8
1462.4
419.5
75.0
80.3
674.1
1771.1
2496.1
3207.7
3275.0
3260.5
3284.8
2816.9
1783.1
1473.7
344.4
80.3
113.7
734.5
1803.3
2436.4
2660.9
3588.9
2744.5
2347.4
1439.8
710.9
1317.9
502.2
77.9
75.5
727.6
1727.0
2018.9
2769.4
2444.3
1722.4
2629.4
2223.2
1427.0
1566.4
670.8
63.0
118.1
606.9
1641.4
2162.5
2556.0
3093.6
3690.1
3434.3
2778.4
2023.9
1376.5
683.3
52.3
79.5
771.9
1788.8
2586.3
3221.0
3616.0
3869.2
3447.4
2510.7
1638.6
1556.3
414.5
51.8
90.3
569.8
1120.9
1607.4
2373.5
2200.7
2507.3
3231.2
953.9
887.6
1058.3
333.1
16.3
68.7
446.3
1598.6
2070.6
3170.6
3081.3
3089.4
3289.4
2417.6
1898.2
1230.0
804.5
90.4
108.3
430.6
1029.0
1080.3
2062.1
2960.7
2459.3
2396.2
1742.7
1347.1
954.7
448.2
71.8
70.6
647.7
1765.1
2591.2
3264.4
3222.5
3072.1
2383.6
1692.0
1880.2
1830.0
729.4
81.2
73.3
817.4
1766.9
2605.8
3207.9
3602.0
3706.8
3661.2
3092.0
1945.8
1221.2
546.7
58.5
79.6
798.3
1774.7
2599.6
3209.0
2843.0
3479.0
1742.8
1519.7
1733.6
438.4
556.5
101.0
74.2
769.8
1736.5
2308.2
2065.7
3115.2
1740.5
2442.3
2151.8
1813.8
783.6
490.6
63.0
73.2
515.7
1654.3
2561.7
3100.2
2981.8
2954.4
2282.1
1308.5
1242.7
1210.1
829.9
89.8
92.6
704.0
1557.2
2636.1
2696.8
2484.7
2846.6
3028.6
2796.4
2146.2
1415.8
555.1
85.3
89.4
740.7
1568.6
1446.1
2855.2
3431.6
3217.8
3575.8
3055.5
1492.3
1128.0
429.9
71.4
78.8
655.5
719.4
2400.9
2597.2
3417.6
2450.9
2311.9
2248.1
1415.1
1769.0
844.6
120.0
50.5
674.2
1472.4
2292.6
1794.6
2404.2
1535.8
2373.5
2033.4
1377.1
450.3
514.2
131.0
55.3
302.5
345.5
448.7
1636.4
2640.5
2446.3
2932.1
1532.5
1673.3
455.4
372.3
91.3
44.2
306.6
1240.4
1283.2
1820.0
1850.2
1825.3
3255.4
1773.4
1269.0
758.6
224.4
35.6
37.5
244.8
830.2
1047.8
2173.6
3433.6
2675.0
1947.3
2455.7
1407.0
1239.9
502.8
86.2
25.8
235.5
662.5
1918.8
2028.8
2342.8
2699.4
2438.5
2692.0
1438.6
808.3
441.5
122.4
63.9
570.5
1714.8
2563.6
3139.4
3561.1
3639.3
2536.8
2621.7
1286.8
708.9
227.9
88.7
61.8
292.4
699.2
996.2
1015.2
2257.9
1253.6
2327.8
2109.4
1946.2
1054.4
501.1
105.6
23.5
124.8
200.6
510.4
808.2
1091.2
1314.0
530.0
765.8
1511.4
831.6
528.0
76.4
59.0
447.3
1218.4
2307.1
2537.0
3272.9
2296.0
2725.5
1985.3
1822.7
1734.4
973.3
79.3
49.5
668.6
1819.4
2238.9
3084.5
2461.9
2103.2
2332.2
2866.3
2044.7
1776.5
437.8
114.6
55.1
101.9
1328.7
1281.8
2353.1
2516.7
3135.0
2354.9
2305.9
2031.0
1340.3
615.3
95.8
67.8
441.2
1371.6
2547.1
3263.5
2576.7
3503.0
2615.0
2379.2
2170.6
1196.5
555.8
82.6
59.1
575.6
1305.2
2097.8
3038.8
3402.6
3770.1
3743.6
3217.4
2013.0
1824.1
1146.3
77.3
42.8
354.3
876.3
1556.3
2733.6
3491.9
3790.0
3141.4
2212.9
2271.7
1939.1
958.9
103.3
49.4
598.3
1601.0
2419.0
3078.6
3332.0
2818.4
3458.4
1829.1
1813.1
1936.1
416.0
81.2
47.0
616.2
1438.0
2403.3
3092.3
3568.3
2084.9
1808.0
2331.5
1889.0
1170.6
583.9
118.5
