y
23.0
304.6
1137.7
1967.0
1741.2
2782.0
3307.0
2304.8
2614.7
2453.8
1152.7
969.6
195.5
34.0
535.9
1444.0
2308.1
2997.2
3259.3
3728.9
3590.5
2602.2
1653.0
1339.2
827.9
186.8
47.2
538.3
833.0
1067.9
1159.4
2310.0
2886.7
2663.6
1865.0
2039.3
1852.6
773.3
90.4
30.1
510.4
1390.6
1971.4
1632.7
2070.0
2682.4
2843.1
2623.2
2413.4
1709.9
629.3
79.0
25.8
458.9
1307.9
2186.1
2811.5
3038.7
3063.4
2449.5
2514.1
2223.4
1160.4
577.8
125.6
13.2
175.2
441.4
469.0
1346.5
1010.1
1532.3
1724.7
1459.5
1010.8
944.3
490.2
113.5
5.1
27.9
277.3
1189.2
865.8
1245.2
2128.8
2419.7
2056.3
1133.1
732.8
577.5
102.5
29.4
256.7
775.9
1438.0
2875.1
2251.2
2771.4
2296.9
1612.7
2151.4
1397.9
588.5
95.0
21.3
103.3
376.0
1023.7
1811.8
2644.5
2767.0
2387.6
2700.4
2343.3
1624.8
624.2
75.4
20.7
338.7
1017.8
1775.9
2479.0
2213.9
2511.6
2322.6
1876.6
2864.1
1458.5
711.8
172.7
20.4
255.0
500.4
764.3
1359.1
1493.2
2800.6
2631.4
868.1
1380.2
1108.0
568.0
161.1
30.1
276.7
895.9
1206.8
1735.4
1231.4
1635.5
1697.2
2119.4
891.4
388.6
340.1
68.5
30.5
466.1
981.9
1545.8
2154.2
2661.6
2345.9
2812.7
3580.6
2146.4
1067.5
144.2
48.6
0.9
101.0
268.0
526.1
909.3
1367.0
1979.8
2230.2
2244.1
2078.9
2030.7
759.2
55.7
1.5
19.0
84.3
258.9
413.9
723.8
552.4
738.7
963.1
882.8
749.1
637.3
181.7
17.0
415.3
1391.6
2391.7
1935.4
1840.0
2928.4
3061.4
2898.7
2094.1
1534.6
911.1
240.5
31.7
278.6
998.6
1133.1
1173.6
2382.4
2956.8
2774.0
2237.8
2649.8
2044.8
815.3
287.0
2.4
101.3
235.3
533.0
1339.5
1307.3
2256.9
769.8
2515.6
2666.9
1791.5
738.9
236.8
19.5
291.7
733.2
1629.2
2697.2
3046.1
2486.2
1948.0
2298.3
2728.6
396.5
63.5
11.9
8.5
183.4
628.3
1040.9
1802.6
2794.4
2935.1
1371.5
1882.0
2976.8
1375.9
1030.1
15.7
20.6
452.3
1054.5
1485.8
2397.3
3033.6
3065.1
2709.5
1238.8
581.0
601.4
241.0
119.2
16.6
508.5
1340.4
1793.9
2781.1
3128.7
2663.2
3474.7
2641.5
2714.2
1500.4
847.2
71.2
4.8
193.7
507.3
1469.7
1671.8
2672.1
2499.8
1802.7
2180.9
1009.8
794.0
487.1
113.5
16.5
431.3
1382.3
2052.8
2390.6
2426.5
1604.2
2107.1
1992.4
261.7
128.2
115.9
37.7
10.4
345.8
1196.7
1983.8
2222.2
2329.7
3053.0
3044.1
2948.5
2190.1
1509.2
363.6
69.0
6.5
369.0
714.2
1639.6
1511.1
2062.4
2995.0
2788.4
416.8
48.6
44.7
38.8
15.8
12.9
412.5
1450.5
2207.4
2913.7
3324.4
2931.4
2529.9
2103.8
1769.5
1568.0
974.0
50.4
20.3
368.7
1358.4
2171.2
2800.6
2606.6
3398.9
3386.1
2414.5
1117.5
1833.9
1035.0
178.6
7.5
318.1
755.9
1769.7
1871.6
2487.3
2846.0
2752.5
1887.2
2783.3
981.8
311.0
175.9
14.3
400.5
1305.3
2271.1
2529.6
2543.0
3224.2
3033.8
2965.7
2043.0
529.1
290.3
79.1
11.1
380.9
1355.3
1958.8
2187.3
1881.1
3188.0
3454.6
3361.6
2167.8
1620.2
535.6
198.7
14.7
361.7
1349.1
2286.4
2618.1
2573.8
3101.3
2574.0
1618.7
1281.6
1450.0
347.9
122.5
12.4
367.2
1362.1
2225.5
2756.7
3306.8
3320.7
3402.5
2741.7
2584.4
2060.7
1075.6
327.6
11.7
332.7
1328.5
2254.1
1773.7
3227.0
2926.8
3618.4
2975.6
2132.2
1693.7
1312.8
279.3
5.5
210.1
1058.6
1482.9
2327.8
2449.3
3822.3
3511.8
2868.8
2341.1
1211.1
922.5
186.2
9.4
273.6
1072.9
1960.6
2729.9
2433.8
1791.6
1967.0
1071.8
851.0
1807.1
1257.2
304.6
15.9
386.0
1008.5
830.9
1355.3
2027.5
3103.8
3036.8
2485.5
2282.6
1968.9
632.4
33.8
9.7
238.5
1105.4
1330.0
1941.5
1982.6
3100.2
2893.9
2020.2
2210.8
2137.5
368.1
68.8
10.8
342.6
937.3
1677.2
1415.3
2718.4
3531.2
2600.9
1606.4
2646.3
1251.0
901.8
240.8
2.7
241.3
1043.4
1958.5
2615.0
2131.2
2501.1
2989.5
2535.6
2706.8
2007.8
1196.0
188.2
6.6
316.5
868.0
1860.2
1770.2
2779.7
1974.7
3178.0
1055.7
325.1
429.3
396.7
63.7
10.1
245.8
1131.7
1343.1
1630.7
2026.2
2609.0
2674.0
2398.9
2434.3
2123.1
1080.6
143.3
6.7
281.7
616.4
1743.4
2503.0
3209.9
2539.6
3301.1
2745.7
2471.6
1878.2
847.8
148.2
6.8
344.9
1397.0
2265.3
2591.0
3423.9
3153.3
2068.8
1957.3
1445.4
1658.4
1160.3
60.1
12.7
307.4
828.8
1132.7
1608.6
2280.7
3477.5
3036.6
2691.3
2650.0
1244.9
207.2
70.5
6.1
295.3
1343.9
2107.4
2671.7
3122.1
3508.7
3408.2
2931.5
2340.2
1223.6
646.0
184.3
9.1
387.5
833.1
2188.5
1861.8
1802.4
2279.0
3130.8
2562.8
1912.9
1165.4
646.5
178.2
3.2
238.8
1326.9
1872.0
1338.9
2046.1
3026.9
3487.9
3163.5
1216.7
809.0
407.6
177.6
10.3
239.0
652.2
1348.2
1436.9
2403.4
3656.1
3024.0
3682.1
2899.0
1945.3
1108.8
368.6
5.0
189.3
353.6
1506.2
2394.5
2617.7
2546.5
2394.7
2759.3
1699.4
502.5
409.9
104.7
11.0
446.3
871.7
1861.7
2586.3
2963.3
3335.0
3407.7
3013.7
2847.5
2036.8
937.3
149.5
12.7
347.5
1037.6
1577.8
2161.0
2792.3
2475.2
2602.1
1993.2
638.8
378.5
139.9
47.1
8.1
253.1
1072.6
1956.4
2310.5
2783.6
3431.0
1935.3
1484.3
2218.7
2147.2
1163.0
205.7
4.6
246.1
1161.7
2245.9
2909.5
1970.5
2500.5
2687.8
2221.1
2228.1
1813.9
1004.5
243.9
16.4
384.1
1207.7
2354.0
2879.7
2362.9
3113.4
2522.3
1895.9
1694.6
2010.3
276.9
30.5
4.2
243.0
818.0
1874.8
2350.2
2237.7
776.1
2036.4
1927.8
943.9
722.1
646.6
147.4
5.8
208.4
914.6
1116.4
1960.6
2272.3
2755.4
2500.6
2391.3
1774.0
1160.5
924.6
143.5
3.9
170.3
1034.3
1810.0
1249.2
3828.6
1891.1
1015.9
2161.8
2125.9
2245.3
1142.3
159.5
197.3
235.1
847.9
1652.1
1662.5
1683.7
840.4
728.1
1168.6
912.6
552.5
214.9
42.0
11.8
391.3
912.5
1289.1
1518.9
327.0
329.9
788.6
547.9
538.1
557.1
223.4
98.1
8.9
260.7
1394.5
1041.9
1946.7
1021.3
1655.1
2042.3
599.0
227.1
261.3
272.2
99.4
3.3
85.2
216.1
529.9
290.8
565.2
447.9
614.7
769.5
2170.1
1739.3
613.0
110.0
3.1
134.0
448.1
678.9
1225.8
2918.7
2178.7
2384.4
1695.0
1038.0
1416.9
837.4
143.3
12.8
408.0
1095.1
1078.9
1489.1
2042.0
2420.7
3487.2
2715.6
1520.6
414.1
82.9
24.6
4.5
199.0
267.8
1075.3
1327.9
2010.4
837.0
1114.4
1417.5
1662.2
1219.5
710.3
107.8
4.5
26.8
300.9
436.9
1294.7
412.5
1519.4
2835.2
1735.8
1991.3
1432.4
868.9
133.6
5.6
207.3
791.5
1269.8
1995.8
3196.1
1869.7
2757.8
3196.0
3027.5
2122.4
922.7
182.9
9.7
200.7
473.6
728.9
1455.7
1639.3
2547.5
472.1
444.9
297.7
353.2
279.0
73.1
8.3
300.3
1591.2
1776.2
1774.4
2000.9
2489.2
2437.3
1755.2
1788.6
1925.2
338.1
46.0
2.1
221.3
765.8
1219.4
1554.9
2365.1
2128.1
1209.6
1606.7
2222.9
1089.4
624.6
120.6
7.9
255.3
1394.9
2003.5
2588.0
2643.8
3138.3
2772.9
3119.8
2483.7
1217.5
758.5
158.9
13.9
281.2
749.2
1503.6
1813.0
1798.2
3378.0
3326.7
2913.9
2866.4
2159.3
1033.6
193.2
22.0
541.9
959.0
1339.4
2788.5
2302.4
1808.2
3253.7
3036.2
1255.7
1760.9
731.4
293.0
10.2
423.7
1356.9
1342.3
1367.3
2395.6
2758.6
3123.2
2596.7
2352.6
1764.0
650.0
50.1
8.7
228.1
713.7
997.7
1506.8
1881.7
3023.2
2526.2
1376.7
1686.2
371.6
383.7
25.8
11.0
248.0
689.6
1025.9
1582.0
1767.9
2250.6
2932.7
1325.6
909.7
653.4
57.3
20.8
13.1
471.0
1154.8
2121.4
3096.6
3273.6
3605.7
3587.2
3457.2
3090.4
1731.9
616.8
57.6
5.8
121.5
514.6
1328.8
1987.8
1817.7
2318.9
2868.9
1652.3
1654.0
908.6
663.1
172.7
17.6
382.9
1041.5
2120.8
2690.3
1965.9
2646.0
2301.6
2831.9
1655.4
951.8
227.4
36.7
15.9
509.1
884.3
1850.9
1912.4
2241.2
2672.4
1777.3
2505.8
2434.5
856.2
380.5
80.4
12.2
436.9
731.1
1861.0
3102.4
2359.3
2021.4
2878.2
1664.8
2517.9
664.7
172.5
57.5
23.6
475.5
1194.4
1869.6
3154.8
3669.6
3779.5
2239.3
1879.2
1489.2
771.6
630.4
176.1
15.9
442.6
1255.5
2447.8
2489.4
3017.3
2684.1
2877.5
2595.9
1871.9
1283.3
1021.4
55.0
14.4
493.4
1564.4
2153.9
1825.0
2473.6
3024.2
3364.9
2748.3
1950.9
1930.7
971.8
139.0
13.5
515.4
1523.8
2427.0
3137.7
3642.5
2804.3
2294.4
2421.1
2837.1
1860.8
769.0
103.2
15.3
516.6
1492.7
2171.2
2964.7
2859.7
3081.2
3003.7
1750.9
1937.8
1458.9
370.8
34.9
18.1
434.2
1502.1
2302.9
2143.3
1864.8
2923.5
3089.5
734.3
529.9
630.1
330.4
58.1
19.0
515.1
1101.9
1192.8
2025.9
2767.5
2509.6
2591.1
665.3
1527.6
1180.1
368.7
124.7
11.0
368.5
1704.9
2099.5
3021.9
3688.2
3202.4
1956.3
2530.5
1899.6
1136.0
973.7
118.1
17.3
257.1
1484.5
2429.2
2104.1
2142.8
2731.6
2806.7
2032.4
2147.0
1540.3
521.4
47.5
13.7
362.0
1307.0
2484.3
2131.9
2489.7
3194.9
2966.1
2947.4
2092.0
1810.0
868.9
48.4
19.7
589.2
918.7
2445.2
1598.8
2488.1
3340.1
2328.1
2472.8
887.3
321.7
248.9
43.4
14.7
530.0
1355.1
1822.4
1438.4
3192.8
2711.2
2200.3
1925.4
2416.5
1686.1
767.7
112.7
17.8
355.0
1081.1
1005.8
2284.1
2177.9
2352.8
3657.8
1640.0
1429.6
554.5
342.6
58.9
22.5
275.0
989.1
2516.0
2639.0
2778.7
2903.9
2230.2
2290.5
1705.8
1422.7
790.0
29.3
18.1
537.2
1481.1
2041.6
2564.7
3036.6
3160.4
2372.0
2107.7
2411.3
1342.1
590.6
26.3
17.2
442.2
1243.3
2095.0
2538.2
2429.7
2385.0
2864.6
2792.1
2529.6
915.4
275.2
33.3
23.7
500.6
1552.5
2403.8
2817.5
2974.2
3152.1
2932.5
2319.8
2122.1
1292.4
529.2
67.5
26.0
483.1
1244.2
1635.1
2629.1
3085.6
2219.0
3005.8
3129.0
2537.4
1430.5
572.5
17.3
12.5
357.5
1450.0
1807.3
2360.1
1732.2
2520.2
3097.4
2760.4
1969.4
1664.5
873.5
50.2
19.6
414.7
1233.9
1730.0
2355.3
2897.9
2555.0
3589.5
2927.7
2512.0
1717.2
892.7
174.1
19.8
158.1
487.5
1031.7
1228.2
1411.5
1208.6
1508.4
1926.9
1198.0
739.9
476.8
34.1
15.5
204.0
1160.5
1617.3
1543.0
2582.7
1968.0
2913.7
3076.3
2572.3
1517.4
59.4
5.2
12.9
381.3
1458.0
1670.6
3011.7
3040.8
2275.2
2978.9
2609.3
2397.7
1537.1
681.3
69.5
23.5
379.8
1609.0
2167.7
2978.0
3406.6
3042.4
2917.5
2698.0
2364.5
1662.0
700.3
47.5
2.2
279.9
1040.4
2257.8
2913.0
3414.6
3179.7
2078.3
2288.5
2152.2
1432.4
972.0
144.9
6.2
279.5
1365.5
2248.3
1973.0
3049.0
3416.3
3753.7
2591.7
1599.8
1853.2
944.4
139.0
8.2
335.5
1382.2
2258.9
2953.1
3209.5
3671.4
3639.9
3133.8
2162.2
1892.0
939.3
129.2
15.8
406.1
1342.8
1862.5
2174.3
2505.1
1936.5
2459.7
1812.0
1413.0
1338.9
497.1
66.7
9.1
244.2
953.3
2157.1
2742.0
2303.3
3699.1
3709.8
3324.0
2407.4
1347.4
405.1
65.4
5.0
301.8
813.0
2106.0
1768.2
2905.6
2976.3
853.3
3315.4
2389.9
1545.9
612.2
106.7
9.0
403.9
1130.7
2074.8
2271.1
2560.0
2533.8
1511.2
1866.7
1677.9
929.2
61.1
3.4
5.9
295.0
826.8
1690.7
2072.9
1627.0
2130.5
2882.9
1528.2
1006.6
1309.4
208.1
30.8
4.4
197.1
554.0
963.5
1564.1
3539.0
2501.1
2745.1
2753.6
2058.0
1349.9
757.8
16.5
3.5
183.5
304.8
1046.6
2479.2
1943.0
1931.0
2066.5
1468.0
331.3
384.2
81.5
9.9
7.3
418.7
1395.4
2248.6
2901.3
3376.1
3480.4
3287.7
2623.0
2390.2
1932.6
941.0
124.6
10.3
490.7
1340.5
1813.7
2919.9
3363.3
3605.1
2816.8
1761.8
1454.3
1831.4
947.8
70.1
3.9
208.6
673.9
1320.8
2288.1
3062.8
2606.1
2740.1
1509.1
2492.1
1581.9
118.2
20.4
7.2
290.1
613.5
1002.3
1517.3
2811.2
2813.8
3538.2
3170.2
2294.0
206.6
145.4
78.8
8.5
407.3
1069.9
2125.1
2532.7
3555.8
3292.6
3086.1
2526.3
2451.7
1736.0
600.0
71.6
2.9
131.6
975.0
2184.9
2914.5
3158.8
2868.5
3079.7
3206.3
2405.0
959.0
631.9
66.5
10.3
438.1
1300.7
2162.1
2839.6
3372.3
2214.0
3504.7
3022.9
2166.3
1679.3
871.7
91.5
9.1
435.6
1331.1
2225.3
2640.8
3306.3
3249.8
2194.3
2772.8
2398.1
1651.9
780.0
96.6
7.1
427.5
1431.1
2276.8
2628.9
2963.3
2910.4
1641.8
1421.5
1704.7
994.3
428.4
12.6
5.9
436.9
1239.3
2174.7
2960.0
3326.8
2565.3
2757.9
2980.2
2573.9
1731.9
796.2
72.4
9.1
353.6
1111.5
2170.2
2850.5
3036.7
2958.6
3290.3
3162.3
2542.8
1746.5
508.2
36.6
5.7
430.5
1310.7
2130.2
2748.2
2815.9
3125.5
2027.0
2891.5
2220.6
1603.8
821.3
83.2
230.90000000000003
378.6
1333.4
2156.8
2827.8
2686.2
2634.9
3250.5
2799.0
2545.2
1089.8
646.0
82.8
4.1
332.6
674.2
1505.8
2477.0
2986.1
3409.6
2623.0
2877.9
1550.0
767.8
212.7
38.3
51.85
65.4
1263.4
2148.7
2556.4
2839.0
3386.4
890.2
418.7
479.2
613.0
291.0
29.2
132.76666666666665
236.33333333333331
339.9
1537.5
2445.7
3043.3
3576.5
2736.9
2264.0
1583.2
998.0
422.5
48.3
135.45
222.6
1276.9
1965.7
2719.1
2390.2
2771.2
3210.3
2282.0
2075.6
1341.2
547.4
78.4
65.9
53.4
1285.0
1977.9
2683.8
2664.2
3443.3
3344.3
2384.0
2224.9
1739.2
725.7
92.6
53.15
13.7
1247.5
1912.2
2222.2
2180.8
3337.8
3185.2
2808.0
2185.2
1308.4
738.4
837.775
937.1500000000001
1036.525
1135.9
2036.3
2714.6
3083.2
2903.0
2071.5
1510.8
1305.4
830.8
862.7
98.6
370.29999999999995
642.0
913.7
1759.1
1897.7
2244.6
3110.3
1780.2
1528.6
1476.9
1006.8
388.3
409.7
431.1
452.5
473.9
2015.5
2800.3
2499.4
2595.5
2491.1
2673.0
1464.4
1145.1
779.3
49.9
384.63333333333327
719.3666666666666
1054.1
1529.7
2373.5
2884.3
2750.5
2361.5
2383.7
1314.1
674.4
244.5
208.35
172.2
136.05
99.9
1407.8
2585.9
2984.4
1852.9
1932.7
1004.3
654.3
519.6
687.2333333333333
854.8666666666668
1022.5000000000001
1190.1333333333334
1357.7666666666669
1525.4
2394.8
2053.0
1702.9
1237.6
995.0
792.3
1136.9
1019.0200000000001
901.1400000000001
783.26
665.38
547.5
1413.5
1396.1
2383.8
1314.0
1284.6
3002.0
2103.5
435.3
555.58
675.86
796.1400000000001
916.4200000000001
1036.7
1987.1
2860.7
3395.5
3556.0
1638.5
1776.2
1598.4
914.1
771.7
59.2
389.6
720.0000000000001
1050.4
1966.7
2520.6
2153.3
1508.1
2098.9
1909.6
2163.0
1661.7
794.3
70.0
452.9666666666667
835.9333333333334
1218.9
2013.8
2604.1
3154.3
2695.0
3159.8
2476.2
1746.9
1536.3
827.3
63.8
400.2666666666667
736.7333333333333
1073.2
2071.4
2626.1
2653.7
2188.8
2286.7
2548.7
1958.3
1430.9
818.2
52.8
263.03333333333336
473.2666666666667
683.5
2006.3
2236.7
3162.7
3334.9
3267.7
2944.3
2419.5
1670.8
809.9
655.875
501.85
347.82500000000005
193.8
2077.7
2728.2
3204.0
3363.6
3316.3
2966.1
2409.0
1681.1
818.4
841.48
864.56
887.64
910.7199999999999
933.8
2018.2
2883.6
3355.7
3282.1
2946.3
2356.7
1647.6
798.9
947.64
1096.3799999999999
1245.12
1393.86
1542.6
1976.4
2267.5
2680.7
2891.6
2327.4
2192.6
1624.5
1456.6
1288.7
1120.8
952.9
785.0
2021.8
1973.2
2785.8
2855.3
3122.0
2616.0
2281.0
1344.4
645.4
867.98
1090.56
1313.1399999999999
1535.72
1758.3
1952.1
2522.4
1999.9
2130.9
2696.7
1883.0
1614.0
794.1
722.925
651.75
580.575
509.4
1058.6
2123.9
2405.6
3089.8
2742.4
2367.8
2066.2
913.9
793.9
699.45
605.0
510.55
416.1
1222.1
2420.0
2329.4
3161.8
2663.7
2409.75
2155.8
1124.4
602.2
686.4250000000001
770.6500000000001
854.875
939.1
2130.7
2805.9
2975.1
2535.8
1198.3
1508.1
1969.4
1431.5
787.6
714.8
642.0
569.2
496.4
1051.1
1527.4
2517.9
3455.6
3268.7
2961.2
1970.9
1322.2
1244.14
1166.08
1088.02
1009.96
931.9
2161.7
2421.6
2741.5
3422.7
2673.8
1173.2
1580.6
1658.7
645.0
724.05
803.1
882.1500000000001
961.2
1949.0
2481.3
2568.8
1692.4
2628.1
1382.6
1734.4
811.1
436.8
461.35
485.9
510.45
535.0
1778.7
2644.9
3014.8
2928.7
2510.9
2259.4
1682.4
1514.1
808.9
772.825
736.75
700.675
664.6
1969.4
2871.3
2976.8
2497.0
3008.6
2644.4
2067.8
1209.0
809.9
929.7
1049.5
1169.3000000000002
1289.1000000000001
1408.9
2784.1
2705.3
2759.5
2546.1
2557.9
2459.8
1521.5
1436.22
1350.94
1265.6599999999999
1180.3799999999999
1095.1
1960.5
2615.6
3051.8
2876.2
2797.9
2252.8
2233.9
625.1
400.7
397.5
394.29999999999995
391.09999999999997
387.9
1912.6
2170.1
2230.4
3147.5
2689.3
2153.1
1774.7
1336.8
816.8
799.925
783.05
766.175
749.3
1590.1
2646.9
3480.3
2531.4
1572.1
1819.0
2295.7
1313.9
666.3
742.55
818.8
895.05
971.3
1556.8
1758.2
2596.9
3088.9
3230.4
2756.9
1986.4
1506.9
798.8
808.8
818.8
828.8
838.8
1775.0
1738.8
1719.3
2317.1
1773.4
2008.9
1639.8
1551.3
798.7
820.0
841.3
862.6
883.9
2106.9
2321.5
2519.7
1752.8
1166.9
1771.5
1654.1
817.9
329.5
402.1
474.7
547.3
619.9
692.5
1322.5
1750.3
1611.9
1285.4
954.4
1096.8
763.8
775.3
779.675
784.05
788.425
792.8
1610.1
714.6
1245.7
944.0
2175.1
2102.2
1622.2
985.6
932.38
879.16
825.94
772.72
719.5
1824.0
2456.8
1872.1
1838.6
1904.0
1622.4
1730.6
1555.5833333333333
1380.5666666666666
1205.55
1030.5333333333333
855.5166666666667
680.5
1925.7
2576.0
3046.1
2672.7
2358.8
1933.5
1451.4
895.5
865.66
835.8199999999999
805.98
776.14
746.3
1931.1
2106.8
2965.0
1828.5
1801.1
1687.5
2475.3
1612.1
847.7
692.2750000000001
536.85
381.425
226.0
963.1
2482.2
2363.9
2562.9
2208.3
1870.2
1109.3
348.4
729.5
733.625
737.75
741.875
746.0
1901.0
1786.8
1476.3
1606.3
2445.8
2088.1
780.0
1136.2
969.32
802.44
635.56
468.67999999999995
301.8
1950.4
2599.0
2868.9
3263.0
3311.4
2736.4
1487.9
1505.5
1425.3166666666666
1345.1333333333334
1264.95
1184.7666666666667
1104.5833333333335
1024.4
1312.9
2614.1
2753.6
2851.9
2478.4
1801.4
1080.7
923.78
766.86
609.94
453.02
296.1
1933.3
2624.5
2928.9
3273.8
3139.0
2718.1
2045.3
1155.1
848.7
723.1
597.5
471.90000000000003
346.3
2076.3
1433.9
2336.9
2343.5
2791.1
2440.7
2128.6
1258.5
665.1
597.725
530.35
462.975
395.6
1894.9
2757.5
3018.3
2577.8
2709.0
1964.6
2259.4
1083.3
715.5
592.725
469.95
347.17499999999995
224.4
1915.1
1927.0
2863.6
2097.0
1732.2
2292.8
1692.6
1062.5
940.3
136.3
387.4
638.5
889.6
992.8
1404.1
2264.2
1953.8
1906.6
1704.9
1694.4
769.7
256.1
448.95000000000005
641.8
834.65
1027.5
1583.0
1454.0
2145.9
2517.9
2154.9
2725.1
1908.4
1584.0
462.3
624.7750000000001
787.25
949.7250000000001
1112.2
1594.8
2169.1
2278.5
2423.4
2488.0
2425.5
2403.1
1655.2
543.6
81.1
426.83333333333337
772.5666666666667
1118.3
1689.0
2070.2
3123.3
3226.3
3359.2
2298.3
1391.5
722.8
189.7
422.325
654.95
887.575
1120.2
1927.5
2585.3
3065.2
3295.2
3045.6
2387.1
2028.9
1110.8
519.7
78.1
396.83333333333326
715.5666666666666
1034.3
1895.3
2593.5
3029.6
3249.8
3179.7
2086.3
1730.7
1298.3
451.8
73.7
278.56666666666666
483.4333333333333
688.3
1237.9
2652.4
2159.0
1505.1
2449.9
2453.4
2705.6
1757.0
868.4
117.8
450.66666666666674
783.5333333333334
1116.4
1928.1
2584.6
3066.5
3367.5
2278.0
2695.2
1975.6
1763.1
975.8
986.0
996.2
1006.4
1016.6
1912.1
2565.4
2582.6
2490.5
2735.7
1859.1
1623.1
1018.6
217.3
148.7
80.1
11.5
1103.8
1910.9
2580.1
3007.4
3287.2
3230.2
1584.3
779.3
783.4
589.6
94.7
53.1
11.5
1107.0
1918.5
2571.2
3038.4
3237.7
3172.0
2765.5
2318.8
1400.5
646.8
105.3
437.6
769.9
1102.2
1912.9
2569.7
3014.0
2886.7
2138.7
2147.0
1782.8
1454.1
811.1
92.4
94.05000000000001
95.7
1092.0
1912.1
2576.5
2991.3
3513.2
3347.9
2719.6
2140.4
1459.2
551.4
75.9
97.65
119.4
1072.0
1948.8
2618.4
3086.2
3346.5
3329.9
2875.1
2322.1
1515.3
866.1
96.0
447.0333333333333
798.0666666666666
1149.1
1969.7
2630.1
3099.8
3304.3
3281.3
2916.4
2048.9
1610.0
912.4
105.9
445.29999999999995
784.6999999999999
1124.1
1946.8
2614.6
2292.5
2382.3
2393.2
2726.4
2358.3
1750.9
649.2
144.3
134.4
124.5
1114.4
1927.3
2591.2
3054.2
3352.6
2953.0
2273.1
2179.1
1394.0
536.3
144.1
83.19999999999999
22.3
1115.9
1942.5
2607.5
3078.6
3143.6
3222.9
2527.3
2486.3
1769.0
810.7
186.6
140.05
93.5
1103.1
1958.9
2626.3
3104.2
3338.1
3297.8
3060.8
2500.7
1829.4
971.0
142.2
112.44999999999999
82.7
1119.3
1939.6
2604.5
2991.1
2891.2
3339.9
2240.2
2086.9
1094.0
954.8
129.9
73.75
17.6
1118.0
1812.4
2324.4
1786.2
2431.5
2360.4
2551.1
1240.6
1157.7
599.6
150.5
471.76666666666665
793.0333333333333
1114.3
1937.0
2607.4
2110.4
2882.7
2880.0
2682.1
2137.7
861.2
530.1
77.7
44.5
11.3
1126.2
1898.6
2521.3
3189.1
2621.7
2793.9
2643.3
2589.8
745.7
1032.4
92.3
99.3
106.3
1090.0
1968.1
2628.7
3112.8
3351.2
3362.2
2841.1
1505.2
2015.0
901.9
157.6
138.95
120.3
1073.7
1940.8
2614.6
3073.2
3318.0
3384.8
2848.6
2455.9
1673.2
745.5
56.7
69.7
82.7
1082.4
1643.3
2267.0
2853.0
2344.7
2836.8
2360.1
2140.5
1555.5
567.4
163.5
138.2
112.9
1118.6
1963.4
2641.4
3126.0
3304.9
3054.3
3002.3
1404.4
1195.6
781.2
141.7
202.95
264.2
1133.3
2010.1
2691.4
3171.5
3400.6
3338.5
3046.1
2551.4
1830.0
992.3
171.5
229.45
287.4
1150.3
2006.6
2682.1
3158.1
3388.3
3197.2
2261.8
2245.9
1930.0
984.7
168.3
175.45
182.6
1136.5
1916.8
2556.4
1757.3
1861.7
2578.2
2775.9
1467.6
765.0
243.7
41.2
892.64
1744.08
2595.5199999999995
3446.9599999999996
4298.4
3268.6
1391.2
1423.4
1880.0
1835.4
1483.8
383.5
83.4
256.65
429.9
603.15
776.4
2219.6
2645.5
3076.4
2642.0
1691.2
1252.6
1194.2
73.8
10.6
16.0
21.4
1137.1
1984.0
1410.4
2616.4
3157.3
2533.4
2585.3
2266.2
1040.5
593.4
172.7
92.0
11.3
1119.4
1246.4
1071.0
1600.4
2808.7
1625.7
1347.7
1617.2
1353.3
476.6
89.3
442.2666666666667
795.2333333333333
1148.2
2000.2
2749.1
2960.0
3258.3
2781.9
3033.5
1694.4
1660.8
409.9
130.6
111.75
92.9
1165.1
2013.5
2678.1
2701.7
2695.7
2969.8
3038.4
1679.4
1372.4
298.2
61.5
36.6
11.7
1139.5
1577.6
2441.0
2927.1
2482.2
2487.5
2527.0
2407.1
1220.4
720.0
177.1
93.85
10.6
1114.6
1967.9
2651.8
3163.9
3389.4
3295.0
2823.1
1750.6
1061.3
276.8
82.9
46.900000000000006
10.9
1116.8
1753.5
2110.8
2392.0
3366.5
3332.2
3050.8
2414.3
1628.5
933.1
154.4
109.35
64.3
1122.3
2000.1
2684.6
3190.6
3386.4
3012.6
2783.3
2336.1
1776.0
914.5
153.0
82.3
11.6
998.5
1656.5
2596.0
2979.4
3413.9
2828.3
2916.5
1402.0
1905.6
438.8
133.3
111.30000000000001
89.3
1189.0
2042.7
2732.5
3197.5
3407.8
3238.6
2915.5
1929.1
1522.4
898.3
142.1
77.05
12.0
1182.3
2027.3
2696.7
3119.0
3420.4
3431.5
2874.2
1871.9
1791.8
1003.0
165.5
916.1600000000001
1666.8200000000002
2417.4800000000005
3168.1400000000003
3918.8
2516.6
2631.2
1995.0
730.4
1511.8
916.6
721.9
26.7
381.0333333333333
735.3666666666667
1089.7
2011.2
2651.1
2408.4
1892.2
2393.7
1979.5
1344.1
1699.7
640.5
75.1
215.46666666666667
355.83333333333337
496.2
1556.2
1921.3
2419.7
3180.7
2053.0
1299.9
1948.7
1641.2
486.3
183.1
97.89999999999999
12.7
1222.6
2091.4
2794.4
3308.7
3532.0
3314.6
2959.5
2290.2
1203.9
470.5
78.9
45.95
13.0
1235.4
1954.7
2476.0
2965.8
2142.1
3068.6
2989.4
2370.7
1905.5
904.8
140.1
110.96666666666667
81.83333333333334
52.7
1703.6
1839.9
2159.4
2379.4
2336.2
2326.4
1895.8
1277.1
809.6
70.7
42.0
13.3
1262.8
2125.4
2769.4
3163.0
3525.1
3455.8
2626.8
2107.8
1771.7
936.9
147.2
80.39999999999999
13.6
1281.3
2160.1
2879.1
3363.6
3593.6
3536.2
3138.8
2705.6
2060.9
1064.8
163.6
120.44999999999999
77.3
1248.2
2191.0
2910.4
3394.6
3631.4
3599.1
3208.3
2643.7
1953.8
682.3
238.3
594.5666666666666
950.8333333333333
1307.1
2187.9
2898.9
3379.6
3592.0
3532.9
3212.9
2639.8
1871.9
992.2
1072.425
1152.65
1232.875
1313.1
2187.9
2896.5
3379.7
3393.2
3420.1
3071.7
2662.9
1935.3
987.3
119.2
101.0
82.8
1275.5
2151.4
3002.5
3039.2
3711.0
2847.4
2638.4
2612.7
1862.5
832.9
156.8
535.7333333333333
914.6666666666667
1293.6
2183.4
2894.3
3384.4
3600.6
3497.8
2966.1
2601.8
1541.3
717.0
104.8
501.70000000000005
898.6
1295.5
2178.7
2890.8
3371.1
3382.7
3454.1
3152.0
2290.4
1678.3
709.4
143.7
522.6
901.5
1280.4
2131.8
2464.7
3251.6
3322.6
3158.8
2665.1
2382.1
1539.6
870.1
175.3
497.03333333333336
818.7666666666667
1140.5
2067.2
2692.0
2804.8
3451.6
2837.5
2597.6
2250.5
1367.4
1031.3
149.1
514.0666666666667
879.0333333333334
1244.0
2191.8
2510.8
3374.2
3622.8
3160.6
2344.4
1755.2
1271.0
1075.3
146.7
547.4666666666667
948.2333333333333
1349.0
2222.3
2921.0
3396.6
3623.4
3552.1
2780.1
2580.6
1791.7
918.4
170.9
569.2666666666667
967.6333333333332
1366.0
2243.0
2951.8
3430.9
3638.7
3429.7
3070.4
2114.1
1229.6
1027.7
165.0
313.0333333333333
461.06666666666666
609.1
2244.1
2966.7
3442.8
3592.7
3747.6
2840.8
1891.4
1342.2
1092.7
222.2
126.0
29.8
1369.6
2252.8
2470.5
3460.3
3598.7
2954.2
3005.2
2429.2
1395.3
892.9
108.2
302.825
497.45
692.075
886.7
1479.9
1990.6
3075.6
3670.4
3203.0
1487.7
1340.9
919.6
48.3
32.0
15.7
1411.5
2297.4
3001.4
3494.0
3730.5
3680.8
2765.6
2226.7
1517.9
970.3
167.9
91.8
15.7
1402.7
2298.2
3019.0
3512.5
3727.7
3655.6
3304.6
2710.7
1920.9
1011.0
165.9
556.3666666666667
946.8333333333333
1337.3
2138.9
2774.9
3250.5
3472.1
3454.0
3068.6
2064.0
1644.3
819.4
112.1
284.7
457.29999999999995
629.9
2164.7
2847.0
3370.8
3307.0
2581.7
3261.6
2390.3
1630.6
853.5
104.8
501.56666666666666
898.3333333333333
1295.1
1627.1
2392.9
2978.6
3446.7
3080.4
2692.5
2076.6
1540.6
735.6
105.7
458.4
811.1
1163.8
2100.2
2910.4
3172.5
3686.3
3409.8
2871.4
2528.3
1475.1
558.3
101.9
460.6
819.3
1178.0
2164.8
2880.0
3361.9
3549.7
3531.8
3194.9
2576.1
1610.5
661.6
93.9
515.4333333333333
936.9666666666666
1358.5
2276.1
3024.3
3524.7
3529.3
3135.3
3385.2
2389.4
1514.7
951.6
132.4
540.1666666666666
947.9333333333333
1355.7
2263.6
2976.1
3307.75
3639.4
3325.6
3200.7
2103.0
1301.5
877.3
41.4
51.88703703703703
62.37407407407407
72.86111111111111
83.34814814814814
93.83518518518517
104.32222222222222
114.80925925925925
125.29629629629628
135.78333333333333
146.27037037037036
156.75740740740738
167.24444444444444
177.73148148148147
188.2185185185185
198.70555555555555
209.19259259259258
219.6796296296296
230.16666666666666
240.65370370370368
251.1407407407407
261.62777777777774
272.1148148148148
282.6018518518518
293.08888888888885
303.57592592592584
314.0629629629629
324.54999999999995
335.03703703703695
345.524074074074
356.01111111111106
366.49814814814806
376.9851851851851
387.4722222222222
397.95925925925917
408.4462962962962
418.9333333333333
429.4203703703703
439.90740740740733
450.3944444444444
460.8814814814814
471.36851851851844
481.8555555555555
492.3425925925925
502.82962962962955
513.3166666666666
523.8037037037036
534.2907407407407
544.7777777777777
555.2648148148147
565.7518518518517
576.2388888888888
586.7259259259258
597.2129629629628
607.6999999999999
618.1870370370369
628.6740740740739
639.161111111111
649.648148148148
660.135185185185
670.6222222222221
681.1092592592591
691.5962962962961
702.0833333333333
712.5703703703703
723.0574074074073
733.5444444444444
744.0314814814814
754.5185185185184
765.0055555555555
775.4925925925925
785.9796296296295
796.4666666666666
806.9537037037036
817.4407407407406
827.9277777777777
838.4148148148147
848.9018518518517
859.3888888888888
869.8759259259258
880.3629629629628
890.8499999999999
901.3370370370369
911.8240740740739
922.311111111111
932.798148148148
943.285185185185
953.7722222222221
964.2592592592591
974.7462962962961
985.2333333333332
995.7203703703702
1006.2074074074072
1016.6944444444443
1027.1814814814813
1037.6685185185183
1048.1555555555556
1058.6425925925926
1069.1296296296296
1079.6166666666666
1090.1037037037036
1100.5907407407408
1111.0777777777778
1121.5648148148148
1132.0518518518518
1142.5388888888888
1153.0259259259258
1163.512962962963
1174.0
2705.1
2792.5
3252.4
2900.3
2947.3
1937.2
1356.9
826.0
68.6
195.50588235294117
322.4117647058823
449.3176470588236
576.2235294117647
703.1294117647059
830.0352941176471
956.9411764705883
1083.8470588235293
1210.7529411764706
1337.6588235294116
1464.5647058823529
1591.4705882352941
1718.3764705882352
1845.2823529411764
1972.1882352941175
2099.0941176470587
2226.0
3005.7
3477.0
3656.0
2854.5
2598.3
2160.0
897.2
901.7
87.7
94.4567901234568
101.21358024691358
107.97037037037038
114.72716049382716
121.48395061728395
128.24074074074073
134.99753086419753
141.75432098765432
148.51111111111112
155.2679012345679
162.02469135802468
168.78148148148148
175.53827160493825
182.29506172839507
189.05185185185184
195.80864197530863
202.56543209876543
209.3222222222222
216.07901234567902
222.83580246913579
229.59259259259255
236.34938271604938
243.10617283950614
249.86296296296297
256.61975308641973
263.3765432098765
270.1333333333333
276.8901234567901
283.6469135802469
290.4037037037037
297.16049382716045
303.9172839506173
310.67407407407404
317.43086419753087
324.18765432098763
330.9444444444444
337.7012345679012
344.458024691358
351.21481481481476
357.9716049382716
364.72839506172835
371.4851851851851
378.24197530864194
384.9987654320987
391.75555555555553
398.5123456790123
405.26913580246907
412.0259259259259
418.78271604938266
425.5395061728395
432.29629629629625
439.053086419753
445.80987654320984
452.5666666666666
459.3234567901234
466.0802469135802
472.83703703703696
479.5938271604938
486.35061728395056
493.1074074074073
499.86419753086415
506.6209876543209
513.3777777777777
520.1345679012345
526.8913580246913
533.6481481481482
540.4049382716049
547.1617283950617
553.9185185185185
560.6753086419752
567.4320987654321
574.1888888888889
580.9456790123456
587.7024691358024
594.4592592592592
601.216049382716
607.9728395061728
614.7296296296296
621.4864197530864
628.2432098765432
635.0
2481.1
3141.9
3568.3
3718.9
3620.9
2658.6
2297.0
1397.3
454.8
52.9
52.33571428571428
51.77142857142857
51.207142857142856
50.64285714285714
50.07857142857143
49.51428571428571
48.949999999999996
48.385714285714286
47.82142857142857
47.25714285714285
46.69285714285714
46.128571428571426
45.56428571428572
45.0
44.43571428571428
43.87142857142857
43.30714285714286
42.74285714285714
42.17857142857143
41.614285714285714
41.05
40.48571428571428
39.92142857142857
39.357142857142854
38.792857142857144
38.22857142857143
37.66428571428571
37.099999999999994
36.535714285714285
35.971428571428575
35.40714285714286
34.84285714285714
34.278571428571425
33.71428571428571
33.15
32.58571428571429
32.02142857142857
31.457142857142856
30.892857142857142
30.32857142857143
29.764285714285712
29.2
1882.5
3200.3
3530.1
3297.0
3231.3
2394.0
2449.1
752.6
565.8
35.2
42.635294117647064
50.07058823529412
57.50588235294118
64.94117647058823
72.37647058823529
79.81176470588235
87.24705882352941
94.68235294117648
102.11764705882352
109.55294117647058
116.98823529411764
124.4235294117647
131.85882352941178
139.2941176470588
146.72941176470587
154.16470588235293
161.6
169.03529411764703
176.4705882352941
183.90588235294115
191.3411764705882
198.77647058823527
206.21176470588233
213.6470588235294
221.08235294117645
228.5176470588235
235.95294117647057
243.38823529411764
250.8235294117647
258.25882352941176
265.6941176470588
273.1294117647059
280.56470588235294
288.0
295.435294117647
302.87058823529406
310.3058823529411
317.7411764705882
325.17647058823525
332.6117647058823
340.04705882352937
347.48235294117643
354.9176470588235
362.35294117647055
369.7882352941176
377.2235294117647
384.65882352941173
392.0941176470588
399.52941176470586
406.9647058823529
414.4
421.83529411764704
429.2705882352941
436.7058823529411
444.14117647058816
451.5764705882352
459.0117647058823
466.44705882352935
473.8823529411764
481.31764705882347
488.75294117647053
496.1882352941176
503.62352941176465
511.0588235294117
518.4941176470588
525.9294117647058
533.364705882353
540.8
2526.3
3200.7
3523.3
3660.3
3271.2
2664.2
2533.6
953.7
256.7
265.8768518518518
275.0537037037037
284.23055555555555
293.4074074074074
302.5842592592592
311.76111111111106
320.93796296296296
330.1148148148148
339.29166666666663
348.4685185185185
357.64537037037036
366.8222222222222
375.99907407407403
385.17592592592587
394.35277777777776
403.5296296296296
412.70648148148143
421.8833333333333
431.06018518518516
440.237037037037
449.41388888888883
458.59074074074067
467.76759259259256
476.9444444444444
486.12129629629624
495.29814814814813
504.47499999999997
513.6518518518518
522.8287037037037
532.0055555555555
541.1824074074074
550.3592592592593
559.536111111111
568.7129629629628
577.8898148148148
587.0666666666666
596.2435185185184
605.4203703703704
614.5972222222222
623.774074074074
632.9509259259258
642.1277777777777
651.3046296296295
660.4814814814814
669.6583333333333
678.8351851851851
688.012037037037
697.1888888888889
706.3657407407406
715.5425925925924
724.7194444444444
733.8962962962962
743.073148148148
752.25
761.4268518518518
770.6037037037036
779.7805555555556
788.9574074074073
798.1342592592591
807.3111111111111
816.4879629629629
825.6648148148147
834.8416666666665
844.0185185185185
853.1953703703703
862.372222222222
871.549074074074
880.7259259259258
889.9027777777776
899.0796296296296
908.2564814814814
917.4333333333332
926.6101851851852
935.787037037037
944.9638888888887
954.1407407407407
963.3175925925925
972.4944444444443
981.6712962962961
990.8481481481481
1000.0249999999999
1009.2018518518516
1018.3787037037036
1027.5555555555554
1036.7324074074072
1045.9092592592592
1055.086111111111
1064.2629629629628
1073.4398148148148
1082.6166666666666
1091.7935185185183
1100.9703703703703
1110.1472222222221
1119.324074074074
1128.5009259259257
1137.6777777777777
1146.8546296296295
1156.0314814814813
1165.2083333333333
1174.385185185185
1183.5620370370368
1192.7388888888888
1201.9157407407406
1211.0925925925924
1220.2694444444444
1229.4462962962962
1238.623148148148
1247.8
2539.8
3250.0
3619.7
3722.9
3629.3
2747.7
1712.6
1390.1
455.5
17.7
40.38125
63.0625
85.74375
108.42500000000001
131.10625000000002
153.7875
176.46875
199.15
221.83125
244.51250000000002
267.19375
289.875
312.55625000000003
335.2375
357.91875000000005
380.6
2533.5
3191.2
3562.1
3672.9
3304.6
2362.8
761.6
1245.3
230.9
225.09032258064516
219.28064516129032
213.47096774193548
207.66129032258064
201.8516129032258
196.041935483871
190.23225806451615
184.4225806451613
178.61290322580646
172.80322580645162
166.99354838709678
161.18387096774194
155.3741935483871
149.56451612903226
143.75483870967741
137.94516129032257
132.13548387096773
126.32580645161289
120.51612903225805
114.70645161290321
108.89677419354838
103.08709677419354
97.27741935483868
91.46774193548387
85.65806451612903
79.84838709677419
74.03870967741935
68.2290322580645
62.419354838709666
56.609677419354824
50.8
2790.5
2413.6
2841.9
2813.4
3182.8
2337.5
1175.5
1289.95
1404.4
1518.85
1633.3
1747.75
1862.2
3034.5
3455.2
3444.7
2834.0
2509.2
1852.9
937.2
618.9
808.16
997.4200000000001
1186.68
1375.94
1565.2
2188.8
2875.0
2979.5
3073.2
2483.7
2181.7
1735.9
722.4
68.5
364.6333333333333
660.7666666666667
956.9
2620.7
3285.0
3669.1
3781.6
3641.5
3212.0
2296.7
1277.2
655.4
51.6
279.1333333333333
506.6666666666667
734.2
2667.3
3317.6
3673.1
3652.1
3525.2
2972.2
2228.1
1369.3
613.9
66.4
103.0
139.6
176.2
2461.1
3231.1
3622.9
3797.4
3562.1
2664.7
1591.2
1438.5
488.0
42.9
593.3666666666666
1143.8333333333333
1694.3
2627.2
3163.4
3606.4
3452.6
3448.8
2651.1
2275.3
1092.8
544.9
55.5
404.76666666666665
754.0333333333333
1103.3
2635.6
2967.9
3237.1
3073.3
2687.2
2727.2
2036.0
1172.4
731.5
57.9
608.2333333333333
1158.5666666666668
1708.9
2634.7
3289.5
3663.0
3343.3
3377.9
3306.7
1919.7
1053.4
731.8
37.5
361.85
686.2
1010.5500000000001
1334.9
2725.8
3666.3
2712.4
2462.7
2967.2
1985.2
647.9
245.7
503.61999999999995
761.54
1019.4599999999998
1277.3799999999999
1535.3
1477.8
1420.3
1362.8
1305.3
1247.8
1190.3
1132.8
1075.3
1017.8
960.3
902.8
845.3
2587.8
3175.5
3177.5
2875.6
3362.4
2574.7
1906.9
1224.2
317.5
405.575
493.65
581.7249999999999
669.8
2328.3
2830.0
3127.6
3468.9
2905.9
2596.8
2655.7
1568.0
458.7
653.25
847.8
1042.3500000000001
1236.9
2566.4
3218.3
3645.3
3780.2
3612.7
3199.1
2464.4
1093.0
388.1
799.24
1210.38
1621.52
2032.6600000000003
2443.8
3217.7
3632.9
3814.5
2902.2
2397.8
2265.3
1246.2
630.8
537.125
443.45
349.775
256.1
2714.0
3252.1
3525.2
3817.6
3630.0
2809.8
1824.2
1285.9
477.2
43.9
218.16666666666669
392.43333333333334
566.7
2623.9
3151.0
3512.5
3551.4
3599.6
2273.9
1952.5
889.3
779.2
850.25
921.3000000000001
992.35
1063.4
1134.45
1205.5
2603.9
3941.0
2816.8
1928.0
2764.1
1263.7
334.8
380.05
425.29999999999995
470.54999999999995
515.8
2536.7
3182.8
3416.5
2635.2
1990.9
2183.8
1941.9
1229.5
572.1
994.7166666666667
1417.3333333333335
1839.9500000000003
2262.566666666667
2685.1833333333334
3107.8
3172.9
3525.4
2973.8
2654.0
2376.4
1473.2
814.3
632.5999999999999
450.9
269.20000000000005
87.5
29.2
544.7
2049.2
3685.8
2858.5
2440.3
1828.6
1757.8
646.7
607.0500000000001
567.4000000000001
527.75
488.1
2276.2
3090.3
2842.3
2742.3
2725.2
2706.6
1833.8
1534.1
668.7
609.6500000000001
550.6
491.55
432.5
2571.1
3257.7
3670.9
3806.6
3623.0
3201.1
2591.9
1768.8
831.7
786.725
741.75
696.775
651.8
2653.6
3275.8
3365.4
3468.3
3491.6
2255.8
1787.1
1428.4
587.3
547.0999999999999
506.9
466.7
426.5
2537.3
3195.0
3558.2
3078.6
3667.5
3072.5
1817.5
1348.4
633.1
1019.62
1406.1399999999999
1792.6599999999999
2179.18
2565.7
3220.7
3230.1
2915.2
2168.2
2079.5
1941.7
1526.0
569.8
543.5749999999999
517.3499999999999
491.125
464.9
2559.5
3237.2
3559.5
3141.7
3381.2
2563.1
1285.9
1470.4
463.9
861.6399999999999
1259.3799999999999
1657.12
2054.8599999999997
2452.6
3200.9
3614.1
3791.0
2986.3
2468.1
1685.4
323.6
529.3399999999999
735.0799999999999
940.8199999999998
1146.56
1352.3
2635.3
2518.7
2431.1
2572.2
2330.4
1635.2
1893.2
1201.3
296.2
407.9
519.6
631.3
743.0
1962.4
2954.9
2328.9
2760.4
2261.7
2503.1
1580.7
492.3
276.4
319.4
362.4
405.4
448.4
2196.2
2340.2
3136.1
3199.7
1951.7
1957.3
1233.4
1317.2
535.6
551.425
567.25
583.075
598.9
2519.3
2432.1
1590.6
2468.1
2230.4
1683.9
1743.4
1804.7
813.7
1067.92
1322.14
1576.3600000000001
1830.5800000000002
2084.8
3104.0
3312.8
2755.5
2883.5
2345.1
1767.1
1775.3
758.7
685.6500000000001
612.6
539.55
466.5
2635.5
3273.5
3677.1
3822.0
3560.8
2637.0
2376.6
1735.0
857.3
97.8
162.16666666666666
226.5333333333333
290.9
2606.0
3264.9
3701.6
3850.3
3599.1
2639.0
1697.8
1335.7
662.6
1040.06
1417.52
1794.98
2172.44
2549.9
3171.9
3588.4
3806.1
2827.0
2331.7
2058.9
1600.8
891.1
137.5
466.25
795.0
1123.75
1452.5
2312.6
2943.2
3371.8
3210.4
3020.9
1888.3
1351.5
711.4
137.7
701.95
1266.2
1830.45
2394.7
3154.5
3595.8
3728.9
3685.0
3214.9
2475.5
1722.4
728.4
115.0
470.825
826.65
1182.475
1538.3
3121.6
3265.5
3380.2
3056.0
3159.8
2293.1
1512.6
941.4
121.5
543.525
965.55
1387.5749999999998
1809.6
3117.2
3614.2
3122.0
3101.7
2362.6
2201.7
1031.4
660.5
71.8
273.53333333333336
475.2666666666667
677.0
2173.1
2479.2
1547.8
2226.7
2037.0
1288.1
1393.2
1184.1
435.8
91.5
439.075
786.65
1134.225
1481.8
2215.9
1651.2
1805.5
2307.6
2033.8
1754.1
1262.5
538.3
128.3
693.3999999999999
1258.4999999999998
1823.5999999999997
2388.7
3134.0
3392.9
3612.9
3078.7
2481.2
2245.1
1444.7
698.4
164.0
672.525
1181.05
1689.5749999999998
2198.1
3041.3
3501.1
3333.6
2563.0
2188.3
2119.9
1565.2
968.6
122.4
158.09677419354838
193.7935483870968
229.49032258064517
265.18709677419355
300.8838709677419
336.58064516129036
372.2774193548387
407.9741935483871
443.67096774193544
479.3677419354839
515.0645161290322
550.7612903225806
586.4580645161291
622.1548387096774
657.8516129032257
693.5483870967741
729.2451612903226
764.9419354838709
800.6387096774193
836.3354838709677
872.0322580645161
907.7290322580644
943.4258064516129
979.1225806451613
1014.8193548387096
1050.516129032258
1086.2129032258065
1121.909677419355
1157.6064516129034
1193.3032258064516
1229.0
2067.6
1842.5
1748.1
1438.4
929.2
1000.8
473.3
103.7
623.95
1144.2
1664.45
2184.7
3101.0
3547.2
3128.0
3083.1
2325.8
2269.1
1510.9
667.9
82.2
323.7
565.2
806.7
2199.9
2941.9
3466.3
3560.7
3176.5
2971.4
2460.7
1627.7
824.8
196.9
361.0
525.1
689.2
2311.7
2613.6
2788.1
3332.6
2639.2
2637.4
1233.6
1698.2
362.7
439.01666666666665
515.3333333333334
591.6500000000001
667.9666666666667
744.2833333333333
820.6
2747.6
3359.4
3274.9
2096.2
2211.1
1827.4
695.1
130.6
333.72
536.84
739.96
943.08
1146.2
2093.6
2229.0
2508.7
2549.8
1355.6
1443.2
528.6
69.4
563.9
1058.4
1552.9
2047.4
2899.2
3127.9
2667.2
2366.6
3096.2
2474.4
1232.7
932.8
144.6
328.54999999999995
512.5
696.4499999999999
880.4
2805.9
2760.5
2606.1
2292.6
2045.5
2428.8
679.6
263.0
213.2
163.4
113.60000000000002
63.8
1975.1
2987.0
3298.2
3681.4
3133.5
2695.2
1763.9
1088.3
845.9
175.2
245.66666666666669
316.1333333333333
386.6
2170.5
1347.9
2163.7
1801.9
2325.1
2732.4
1564.1
1966.2
970.9
102.8
83.4
64.0
44.6
176.9
1889.5
1826.1
1143.9
1508.0
2113.4
1476.9
1024.4
504.8
74.3
135.26666666666665
196.23333333333332
257.2
1057.2
1003.8
1573.9
1535.1
1682.1
1516.0
1833.2
1204.2
538.5
74.8
390.70000000000005
706.6
1022.5
1338.4
2509.4
2618.6
2783.5
2566.0
1830.8
1609.1
489.1
140.2
29.3
502.0
974.6999999999999
1447.3999999999999
1920.1
2825.4
2622.3
2113.4
1682.3
1239.5
682.0
514.6
431.6
92.1
367.6600000000001
643.2200000000001
918.7800000000002
1194.3400000000001
1469.9
1170.7
1126.2
847.9
741.9
534.8
525.5
349.8
612.9142857142857
876.0285714285715
1139.142857142857
1402.2571428571428
1665.3714285714284
1928.4857142857143
2191.6
2980.1
694.8
394.5
389.75
385.0
380.25
375.5
370.75
366.0
361.25
356.5
2228.8
1652.8
1842.8
2548.6
2590.6
1393.5
1973.4
1082.7
242.2
490.84000000000003
739.48
988.1200000000001
1236.76
1485.4
2761.5
2775.1
2169.4
1908.3
1508.8
1036.7
957.4
166.5
270.5
374.5
478.5
1354.0
2223.2
2847.4
2804.1
2998.5
1385.2
749.2
1406.7
563.4
118.4
269.9
421.4
572.9
724.4
1806.6
2769.4
4103.0
2988.0
2287.3
2477.6
1445.8
713.8
226.7
370.83333333333337
514.9666666666667
659.1
2289.2
2993.1
3567.4
3446.8
2266.3
1865.5
995.9
1375.1
1036.2
52.0
125.46666666666665
198.9333333333333
272.4
1670.4
2703.3
3193.3
3281.1
3490.2
2715.4
1563.8
1234.5
1239.9
196.8
709.28
1221.7599999999998
1734.2399999999996
2246.72
2759.2
3127.5
3258.5
3100.0
1776.7
2085.9
1836.3
510.2
84.5
580.275
1076.05
1571.8249999999998
2067.6
2786.3
3437.8
3184.2
1997.2
2307.7
1901.4
1403.1
744.6
981.8800000000001
1219.16
1456.44
1693.7200000000003
1931.0
2950.9
2053.2
1065.2
2422.2
2444.6
1130.3
943.3
943.3
943.3
