y
50.7
231.2
539.4
1273.5
1619.1
1732.5749999999998
1846.05
1959.525
2073.0
1549.4
1025.8
502.2
269.65
37.1
546.4
1055.7
1061.0
1066.3
2065.5
2094.9
2379.6
1703.4
1322.5
657.4
245.5
321.73333333333335
397.9666666666667
474.2
1032.1
1590.0
1907.2
2223.5
1917.7
2084.4
1835.8000000000002
1587.2
1063.0
720.0
45.6
39.9
352.0
898.1
1444.2
1990.3
2072.95
2155.6
2338.3
2043.3
1341.85
640.4
397.1
48.2
195.95
343.7
873.0
1405.0
1779.7
1391.4
1922.1
2260.9
1736.8
1573.6
903.1
390.6
42.8
11.0
399.0
787.0
1200.8
1029.6
1397.5
1877.9
1296.8333333333335
715.7666666666667
134.7
135.2
139.7
25.2
27.35
29.5
59.8
241.7
423.6
605.5
787.4
1344.2
1287.1
1620.7
1020.3
482.6
57.5
111.75
166.0
575.9
985.8
1395.6999999999998
1805.6
1402.0
1174.9
1088.9333333333334
1002.9666666666667
917.0
334.0
49.9
14.9
329.2
569.4
809.6
681.1
1007.1
900.0
792.9000000000001
685.8000000000001
578.7
414.2
162.5
38.1
114.9
191.7
506.4
1056.4
1289.1
1979.3
1292.0
1756.8
1300.7
783.2
506.8
293.15
79.5
180.35
281.2
899.4
717.2
580.5
633.1333333333333
685.7666666666667
738.4
786.6
629.6
428.5
100.4
79.5
101.45
123.4
648.9
434.9
253.9
250.25
246.6
290.1
318.4
346.7
281.1
114.2
412.8
711.4000000000001
1010.0000000000001
1308.6000000000001
1607.2
2057.7
2007.2
2147.2
2243.3
943.8
591.2
238.6
157.15
75.7
21.8
111.1
166.0
392.125
618.25
844.375
1070.5
1415.05
1759.6
1416.1
668.2
355.6
43.0
8.7
55.849999999999994
103.0
187.5
557.7
927.9
1392.6
885.2
808.75
732.3
504.9333333333333
277.56666666666666
50.2
26.5
436.5
846.5
1207.2
1567.9
1652.9
1974.0
2355.4
1163.5
1000.4
805.3
440.6
40.2
7.0
302.1
597.2
892.3000000000001
1187.4
1482.5
1748.8
1947.1
1855.85
1764.6
1176.6
633.25
89.9
48.6
370.9
765.4000000000001
1159.9
2063.6
2145.1
1832.4499999999998
1519.8
1482.3
638.7
404.25
169.8
34.4
4.3
92.3
548.65
1005.0
1726.2
1801.7
2352.1
1893.85
1435.6
1189.7
210.9
49.1
9.5
23.8
70.0
640.45
1210.9
1316.4666666666667
1422.0333333333333
1527.6
1607.8
1257.4333333333334
907.0666666666667
556.7
377.20000000000005
197.70000000000005
18.2
380.7
409.04999999999995
437.4
796.0
834.2
2426.8
2482.9
2172.6
1631.2
1362.1
709.6999999999999
57.3
24.6
186.39999999999998
348.2
1187.4
1539.2666666666667
1891.1333333333332
2243.0
1988.6333333333334
1734.2666666666667
1479.9
1009.1000000000001
538.3000000000001
67.5
220.5
373.5
526.5
521.1
1197.6
1097.7749999999999
997.9499999999999
898.125
798.3
613.5
428.7
243.89999999999998
59.1
26.2
217.5
872.75
1528.0
1910.65
2293.3
2164.0
2199.5
2136.5
1664.45
1192.4
559.0
133.5
24.6
210.4
544.5
1416.4
1641.1
1785.9499999999998
1930.8
2145.3
1805.3
1316.8
977.95
639.1
119.8
440.3
760.8
1081.3
1401.8
943.8
1513.7
1245.85
978.0
826.4
674.8
523.2
291.45000000000005
59.7
248.25
436.8
956.1
1538.7
1822.5
2104.1
2253.8
1825.8
1777.4499999999998
1729.1
1227.4
698.4
754.1
809.8
865.5
921.2
1556.3
1872.0
1895.9
2011.1
2071.95
2132.8
1608.3000000000002
1083.8
579.8499999999999
75.9
174.68
273.46000000000004
372.24
471.02
569.8
930.1999999999999
1290.6
1245.3
1520.1
1380.4
955.2
654.4
100.8
10.0
142.9
434.1
725.3
1392.8
1113.6
1958.3
1697.7
1188.9
746.7
914.3
92.0
127.73333333333332
163.46666666666664
199.2
554.5
1319.1
1057.0
864.1
671.2
478.3
1874.9
1761.1
1063.6
366.1
49.4
365.56666666666666
681.7333333333333
997.9
1380.4
1889.4
1841.1
1808.7
1776.3
1743.9
1042.0500000000002
340.2
192.04999999999998
43.9
23.9
411.8
1010.1
1553.6
1646.9333333333332
1740.2666666666667
1833.6
1925.7
2113.6
1573.1
1032.6
492.1
90.1
21.5
184.9
990.8
1513.8
2036.8
1808.0
2214.9
2083.9
1952.9
1475.4
1021.75
568.1
90.4
20.4
345.4
943.7
1575.8
1698.85
1821.9
1571.5
2084.6
1751.3
1345.9
1170.6
641.1999999999999
111.8
264.05
416.3
1015.1
1586.0
1916.1
2104.4
2266.0
1496.4
1596.2
1517.9
687.0
582.6
115.5
155.05
194.6
579.7
1189.1
1853.6
1536.4
1671.45
1806.5
2051.8
1732.1
1200.1
642.5999999999999
85.1
337.56666666666666
590.0333333333333
842.5
1173.8
1436.4
1537.5
1638.6
1615.3
1592.0
1136.7
750.9
414.59999999999997
78.3
29.5
382.9
1048.7
1336.8
1624.9
1913.0
1458.35
1003.7
1242.1
1207.3
1161.7
674.8
346.65
18.5
364.8
915.2
1567.1
1560.3
1444.4499999999998
1328.6
1590.2
966.5
1348.3
687.8
463.69999999999993
239.59999999999997
15.5
235.7
750.0
1264.3
1190.9
1039.9
1268.1
1426.2
1389.4
1112.1
1097.4
925.2750000000001
753.1500000000001
581.025
408.9
815.4333333333333
1221.9666666666667
1628.5
1831.5
2052.7
2295.8
2093.5
1757.3
1188.7
620.1
78.1
235.99999999999997
393.9
1001.3
1544.1
1650.35
1756.6
1814.1
1504.8
1163.5
822.1999999999999
480.9
194.2
106.69999999999999
19.2
210.5
817.5
1263.2
1784.5
1813.0
1430.3
2119.8
2156.3
1662.65
1169.0
492.3
65.2
27.9
442.65
857.4
1235.35
1613.3
1238.2
1870.5
1680.8
1861.4
1337.4
1285.7
272.3
85.0
27.1
378.2
811.9
1451.4
1512.7
2262.1
1779.0
1884.4
1574.15
1263.9
791.6
553.7
71.0
37.0
334.7
971.1499999999999
1607.6
1352.1
1719.6
2087.1
1853.3
1248.2
1017.1
648.2
409.9
83.8
14.0
448.9
987.4
880.9
1359.0
2141.5
2121.4
1949.7333333333333
1778.0666666666668
1606.4
722.5
287.4
36.7
26.7
111.9
741.3
958.8
966.7
1813.8
1897.2
1975.1
2011.6
1472.9333333333334
934.2666666666667
395.6
55.8
356.33333333333337
656.8666666666667
957.4
1159.1
1194.35
1229.6
1247.85
1266.1
1317.1
1124.1
831.4
538.7
22.4
312.96666666666664
603.5333333333333
894.1
791.7
1073.2
1402.6666666666667
1732.1333333333332
2061.6
1550.9499999999998
1040.3
529.6500000000001
19.0
18.25
17.5
296.5
584.0
1117.9
1651.8
1859.4
1392.1
1504.75
1617.4
900.1
375.2
140.8
175.06666666666666
209.33333333333331
243.6
986.6
1402.4
2008.9
2148.75
2288.6
1770.2
1589.25
1408.3
1088.5
538.3
83.0
25.6
511.5
1067.8
1639.9
1766.75
1893.6
1798.5
2207.1
1971.5
1792.8
1348.325
903.85
459.375
14.9
293.2
802.8
802.75
802.7
1621.6
2250.0
2238.4
2259.1
1449.1
639.1
571.1
571.4
571.7
572.0
572.3
828.6
1084.9
1888.0
2305.7
1604.0
1242.9
1798.2
1261.8
725.4
101.0
161.65
222.3
798.3500000000001
1374.4
1487.8
1471.9
1404.1
2246.3
1836.7
1647.3
1073.75
500.2
42.6
278.55
514.5
681.9
1218.6
1204.0333333333333
1189.4666666666667
1174.9
1449.4
978.1
659.0
454.5666666666667
250.13333333333338
45.7
1.8
211.20000000000002
420.6
1491.9
1229.4
966.9
704.4
1314.8
1272.6
1230.4
1199.2
450.5
496.6
542.7
588.8
634.9
1153.2
1174.5
1551.5
1453.7
1503.6
1694.6
1313.4
648.2
286.9
84.0
13.7
179.9
346.1
446.5
975.0
1260.0
1301.2
1342.4
1400.7
1515.1
421.9
219.3
44.5
7.1
308.3
1027.3
1051.3
1433.5
1517.6
1601.7
1444.5
890.5
704.25
518.0
326.6
24.5
18.3
310.2
1007.7
1325.2
1393.3
1658.0
1732.1
1672.9
1404.8
920.9
429.2
249.0
39.5
7.3
119.5
555.7
660.0
764.3
757.4
990.9
1520.5
1165.1
1001.3
810.5
429.15
47.8
16.7
541.85
1067.0
1298.625
1530.25
1761.875
1993.5
2212.4
1742.1
934.3
561.8
189.3
28.5
101.7
174.9
667.5
1039.65
1411.8
1649.6
1751.3
1853.0
1587.9
1272.5666666666666
957.2333333333333
641.9
55.1
400.36666666666673
745.6333333333334
1090.9
1037.9
1783.5
1256.7
722.9
793.2
760.8
852.2
597.4000000000001
342.6
33.7
428.54999999999995
823.4
1218.25
1613.1
2035.6
2304.5
2233.75
2163.0
1782.6
1538.9
907.5
754.55
601.6
448.65000000000003
295.7
1098.0
1688.6
1483.6
2164.6
1644.9333333333334
1125.2666666666667
605.6
63.7
97.3
51.0
4.7
5.4
64.8
116.0
309.7
896.7
790.7
1304.1
2090.9
1868.3
1511.6
628.4
452.2
50.7
220.25
389.8
972.7
1175.4333333333334
1378.1666666666667
1580.9
2017.3
1800.0666666666666
1582.8333333333333
1365.6
859.55
353.5
190.7
27.9
432.2
1003.3499999999999
1574.5
1802.5
1569.1
1761.9499999999998
1954.8
1905.8
1856.8
1173.4
592.4
50.2
252.7
455.2
1007.5
1471.8
1531.9
2222.6
1638.6
1797.1
1942.9
1467.0
991.1
515.2
39.3
6.6
118.1
379.3
1044.05
1708.8
1887.1
1666.0666666666666
1445.0333333333333
1224.0
1634.6
100.4
73.5
26.9
11.2
179.3
346.7
694.7
917.7
430.6
1815.7
310.6
673.0
1458.6
515.6
133.9
20.2
21.8
204.3
429.3
657.4
799.9
1708.7
1268.1
827.5
523.8
220.1
249.1
125.6
20.0
14.9
250.20000000000002
485.5
1226.5
1645.95
2065.4
2354.9
2458.0
2098.1
1553.4
1076.2
341.3
27.4
19.3
119.6
143.4
795.8
1789.7
1914.9
2327.0
2476.8
1813.7
842.4
312.4
262.6
102.5
24.5
201.4
551.0
973.05
1395.1
1291.5
1499.6
1567.4
1635.2
1591.2
755.1
90.6
6.5
11.3
244.20000000000002
477.1
1248.5
1130.1
1479.0
1826.6
1339.5
954.4666666666667
569.4333333333334
184.4
154.9
16.2
19.0
349.8
680.6
974.8
1399.4
827.3
437.9
1713.7
1868.0
844.1
443.5
138.6
21.1
1.6
153.9
503.7
573.1
686.3
866.5666666666666
1046.8333333333333
1227.1
1403.7
401.4
465.7
244.65
23.6
29.4
327.3
952.0
1359.2
1377.2
1458.4
1539.6
1804.5
1474.7666666666667
1145.0333333333333
815.3
502.9
24.1
22.2
211.5
810.1
1257.3
1442.05
1626.8
1551.8
1466.9666666666667
1382.1333333333332
1297.3
697.2
472.1
247.0
21.9
368.4
987.35
1606.3
1861.1
1578.6
1454.1
1392.9499999999998
1331.8
1554.5
1094.0
561.5
29.0
197.6
366.2
712.3
1222.9499999999998
1733.6
1945.2
2070.2
2088.0
1868.0
786.3
1060.5
226.0
11.8
14.4
394.09999999999997
773.8
1065.4
1357.0
1512.4
1816.8
1877.3
764.0
178.2
300.1
416.9
28.2
84.19999999999999
140.2
621.1
1598.5
1651.0
1462.7
1485.5
2091.0
1526.5
962.0
730.1
444.8
25.0
8.3
240.4
772.7
1240.2
901.6
768.6
1400.3
1390.55
1380.8
982.3999999999999
583.9999999999999
185.6
102.6
19.6
370.3
721.0
1048.5666666666666
1376.1333333333332
1703.7
2160.0
1854.5
1787.0
1406.8
719.7
231.6
437.15
642.6999999999999
848.25
1053.8
1637.9
1757.5
1887.5
2017.5
1961.5
1629.9
1411.6
1024.0
355.3
423.2
491.1
559.0
626.9
810.3
1190.7
1165.4
1321.1
1382.6
738.0
1011.8
858.66
705.52
552.38
399.24
246.1
736.4499999999999
1226.8
1668.6
2127.2
2039.2
1986.6
1724.0
1335.9
919.5
302.3
8.6
316.90000000000003
625.2
933.5
983.2
1453.0
1646.2666666666667
1839.5333333333333
2032.8
1437.7
1097.3666666666668
757.0333333333334
416.7
435.56666666666666
454.43333333333334
473.3
758.2
1189.3
1386.3
1952.8
2062.9
1791.1
1663.0
1127.8
760.0
367.9
14.7
173.79999999999998
332.9
882.9666666666666
1433.0333333333333
1983.1
2228.8
2291.2
2196.1
1900.1
1359.1
732.7
168.6
238.5333333333333
308.46666666666664
378.4
878.8
862.7
1500.5
1494.3
1586.5
1589.0
1591.5
1594.0
1090.5
408.5
23.6
28.2
454.075
879.95
1305.825
1731.7
1712.6
1969.3
1614.5
1558.2
1144.8333333333335
731.4666666666668
318.1
364.03333333333336
409.96666666666664
455.9
1017.2
1530.4
1941.8
1845.1
2337.5
1508.0
1446.4
1359.2
401.9
330.9
10.4
32.4
199.6
710.2333333333333
1220.8666666666668
1731.5
1899.7
1655.3
2063.2
1697.4666666666665
1331.7333333333331
966.0
486.45
6.9
17.0
195.1
628.9
1190.2
1637.8000000000002
2085.4
819.6
1795.5
591.3
1115.5
837.35
559.2
281.05000000000007
2.9
24.5
16.1
41.25
66.4
223.3
405.2
479.3
763.5
559.85
356.2
529.8285714285714
703.4571428571428
877.0857142857142
1050.7142857142856
1224.342857142857
1397.9714285714285
1571.6
1767.7
1571.9
1376.1
1180.3
984.5
833.3
367.7
16.1
234.35
452.6
1034.8
1505.3
1951.0
1765.15
1579.3
1688.7
1458.0
1300.1
892.9
450.65
8.4
37.9
427.7
946.4
1040.9
1140.1
1170.0
1199.8999999999999
1229.8
1272.9
910.1333333333334
547.3666666666667
184.6
2.6
20.7
193.9
995.6
1472.3
1781.3
1810.6
1839.9
1542.7
1245.5
1185.3
738.65
292.0
28.6
42.2
378.5
990.7
1362.3
1645.6999999999998
1929.1
1809.3
1833.1
1890.5
1511.6
967.2
296.8
163.95000000000002
31.1
540.1999999999999
1049.3
1580.5
1985.6
2223.9
2202.25
2180.6
1867.8
1391.9
942.5
474.95
7.4
353.9333333333333
700.4666666666666
1047.0
1542.4
1943.7
2131.4
1855.0
2219.3
1699.3
1443.6
868.0
180.0
270.23333333333335
360.4666666666667
450.7
995.8
1413.9499999999998
1832.1
2159.8
2139.6
1171.3
1132.0
1049.1
893.6
451.40000000000003
9.2
26.3
337.5
785.8
1082.2
1817.1
1677.05
1537.0
1843.0
1609.4
1370.4
914.7
614.0333333333333
313.3666666666667
12.7
363.5
749.6
1002.8
1150.4
937.9
904.2
1029.1
918.55
808.0
175.2
92.7
0.8
9.0
129.0
393.7
855.9
1123.9
1648.8
2195.4
2042.9
1567.75
1092.6
1003.6
288.8
1.1
162.6
324.1
837.8
1351.5
1865.2
1711.1
1501.1
1492.75
1484.4
957.5
639.7
321.9
4.1
13.9
231.5
706.6
1512.9
1771.8
1843.4
1270.6
1023.8
835.5
647.2
400.25
153.3
3.7
196.6
389.5
753.4
927.7
1172.7666666666667
1417.8333333333335
1662.9
1587.0500000000002
1511.2
1183.5
711.5
280.0
0.1
219.29999999999998
438.5
1002.5
1506.1
1896.2
2157.2
1640.5
1564.2
1170.5
1304.7
773.0
241.3
3.6
231.95
460.3
1021.6
1506.3
1840.4
2123.9
1814.8
1680.6
1678.8
1263.1
806.4
256.5
3.0
43.4
292.5
900.8
1186.3999999999999
1472.0
1757.6
1683.0
1883.4
1484.3
1139.7
567.0
178.4
2.9
32.1
205.6
438.44999999999993
671.3
1389.9
876.2
1764.6
1569.55
1374.5
1079.05
783.6
217.8
3.1
199.2
395.3
591.4
1467.4
1525.15
1582.9
1301.3
1345.15
1389.0
1248.9
603.0
125.2
81.8
38.4
413.47499999999997
788.55
1163.625
1538.7
1699.7
1860.7
1694.9
1249.7
1246.5
799.7
244.8
4.0
33.7
439.9
1019.5
1446.0
1802.1
2114.5
2163.8
1649.3
1525.6
1369.7
722.3
232.6
125.25
17.9
429.84999999999997
841.8
1017.8
1360.4
1247.3
1723.9
1647.2
1570.5
889.9
568.8
220.7
4.0
217.2
430.4
972.1
1214.5
1456.9
1011.3
1290.6
1448.6
1285.15
1121.7
665.2
208.7
5.0
84.15
163.3
761.9
1151.2
1613.7
1871.6
2058.0
1548.55
1039.1
745.3
290.9
157.5
80.1
2.7
169.65
336.6
617.0
897.4
1676.9
1324.0
1291.7
604.4
655.2
331.0
131.9
79.95
28.0
420.65
813.3
1008.3
1651.2
1561.9
1785.0
1522.7
1630.7
871.4
708.4
354.9
1.4
25.0
510.7
996.4
1482.1
1729.8
1309.7
1247.9
1467.65
1687.4
1410.2
688.3
219.2
123.25
27.3
492.25000000000006
957.2
1448.2
1810.1
1766.2
1741.4
1585.2
1429.0
1355.3
524.2
245.4
304.8333333333333
364.26666666666665
423.7
968.0
1460.2
1729.7
1788.8000000000002
1847.9
1640.6000000000001
1433.3
1226.0
440.4
123.8
166.66666666666669
209.53333333333336
252.4
723.1500000000001
1193.9
1286.4
1378.9
1494.6
1610.3
1327.7666666666667
1045.2333333333333
762.7
147.4
1.4
211.8
422.2
828.7
1357.4
1657.45
1957.5
1910.5
1777.5
1496.1
960.9
641.8
107.6
3.7
31.2
420.1
928.75
1437.4
1797.0
1944.55
2092.1
1759.7
1525.25
1290.8
496.0
235.3
1.4
31.8
468.1
904.4
1383.4
1779.7
1960.4
2001.5
1759.1
1165.05
571.0
222.0
82.1
1.2
31.7
392.49999999999994
753.3
1136.7
1576.8
1908.7
2050.9
1636.1
1481.4
1054.5333333333333
627.6666666666666
200.8
0.6
26.4
388.6
794.4
1406.8
1782.7
1985.9
2060.4
1918.6
1586.5
1050.6
428.7
84.3
57.75
31.2
329.24999999999994
627.3
684.1
1280.3
1123.5
966.7
1133.7
732.2
461.1
386.5
52.4
31.25
10.1
372.25
734.4
1311.0
1566.2
1719.5
1474.3
1053.8
633.3
672.3
349.0
121.0
0.4
19.5
203.9
388.3
656.9000000000001
925.5
1251.8
1020.3499999999999
788.9
585.9
457.2
328.5
38.1
129.61666666666667
221.13333333333333
312.65000000000003
404.1666666666667
495.68333333333334
587.2
952.8
863.3
648.1999999999999
433.09999999999997
218.0
232.4
118.05
3.7
14.9
314.8
570.6
694.0
817.4
1044.0
1163.6
1216.7
752.1
814.0
383.0
191.9
0.8
26.6
478.6
930.6
1410.3
1738.7
1680.5
1510.75
1341.0
1024.7
708.4
469.9
231.4
1.1
26.8
480.50000000000006
934.2
1413.7
1819.0
1592.8
1673.8
1662.2
1144.2
880.9
484.8
88.7
52.5
16.3
173.9
384.05000000000007
594.2
1015.5
889.1
814.0
937.4
771.4
605.4
252.5
126.65
0.8
28.9
396.6
926.2
1356.4
1786.6
2026.7
1746.2
1888.8
1557.6
1159.6999999999998
761.8
232.6
129.0
25.4
400.6
939.8
1422.3
1797.0
1948.7
2049.9
1965.8
1690.3
1279.9
775.2
228.9
1.1
312.90000000000003
624.7
936.5
1343.1
1820.3
1799.5
2078.3
1924.8
1687.8
1270.8
706.8
479.29999999999995
251.79999999999995
24.3
392.7
917.7
1305.0
1398.2
1763.8
1773.3
1356.8
940.3
1058.1
657.6999999999999
257.3
0.2
195.54999999999998
390.9
911.4
1392.4
1742.8
1908.4
1925.8
1656.0
1335.7
1015.4
631.4
247.4
424.9333333333333
602.4666666666666
779.9999999999999
957.5333333333332
1135.0666666666666
1312.6
1486.2
1143.6
1321.7
1316.9
932.25
547.6
372.5666666666667
197.53333333333336
22.5
390.6
889.3
1388.0
1760.2
1974.2
2104.2
1858.4
1364.2
1087.7
711.9
238.8
0.4
22.0
461.45
900.9
1111.35
1321.8
1870.3
1860.5
1458.0
1055.5
1084.6
690.3
103.7
0.7
17.7
338.6
779.0999999999999
1219.6
1375.0
1530.4
1606.2
1600.2
1594.2
1332.7
645.9
323.55
1.2
20.8
462.05
903.3
1250.05
1596.8
1241.25
885.7
1048.6
954.5
729.7
208.7
81.6
48.3
15.0
424.55
834.1
1250.6
1127.3
1420.5
1341.2
1097.45
853.7
739.9
437.04999999999995
134.2
79.69999999999999
25.2
455.24999999999994
885.3
1249.75
1614.2
1703.3
1621.2
1495.3000000000002
1369.4
1027.6
546.4
369.66666666666663
192.93333333333334
16.2
356.3
886.6
1282.7
1678.8
1972.3
2074.4
1817.25
1560.1
1103.9
613.7
307.95000000000005
2.2
31.0
473.1
915.2
1391.8
1766.3
1969.0
2076.3
1870.7
1342.8
814.9
810.9
405.65
0.4
201.3
402.2
603.1
742.6
1590.7
1807.7
1861.8
1697.05
1532.3
1152.8
868.8
584.8
300.79999999999995
16.8
356.0
805.7
1352.1
1643.65
1935.2
1726.5
1517.8
1242.4666666666667
967.1333333333333
691.8
76.1
317.94
559.78
801.62
1043.46
1285.3
1594.4
1754.5
1896.7
1721.5
1367.55
1013.6
393.0
176.8
0.2
15.7
347.1
873.5
1336.7
1645.6
1814.0
1982.4
1887.7
1450.6
1137.6
651.3
443.33333333333326
235.36666666666662
27.4
278.5
778.9
1317.5
1540.7333333333333
1763.9666666666667
1987.2
1826.85
1666.5
1275.5
748.7
502.20000000000005
255.70000000000005
9.2
159.1
397.69999999999993
636.3
843.9
1069.25
1294.6
917.2
637.8
617.5999999999999
597.4
299.8
2.2
15.9
320.45
625.0
1117.4
1525.4
1837.8
1870.4
1828.9
1070.0
477.6
257.8
96.0
1.5
21.2
156.6
403.4
650.2
974.2
1374.8
1057.5
758.0
561.6
406.26666666666665
250.93333333333334
95.6
55.449999999999996
15.3
185.1
476.3
910.9
1124.5
1693.4
1536.3
1423.2
1075.05
726.9
500.9
250.75
0.6
10.9
188.3
714.2
804.6
848.7
1895.7
1660.7
1157.4
1152.5
720.4
410.9
132.6
141.23076923076923
149.86153846153846
158.4923076923077
167.12307692307692
175.75384615384615
184.3846153846154
193.01538461538462
201.64615384615385
210.27692307692308
218.90769230769232
227.53846153846155
236.16923076923078
244.8
277.3466666666667
309.8933333333333
342.44
374.9866666666667
407.53333333333336
440.08000000000004
472.62666666666667
505.17333333333335
537.72
570.2666666666667
602.8133333333333
635.36
667.9066666666668
700.4533333333334
733.0
765.5466666666666
798.0933333333332
830.6400000000001
863.1866666666667
895.7333333333333
928.28
960.8266666666666
993.3733333333334
1025.92
1058.4666666666667
1091.0133333333333
1123.56
1156.1066666666666
1188.6533333333334
1221.2
1253.7466666666667
1286.2933333333333
1318.84
1351.3866666666665
1383.9333333333334
1416.48
1449.0266666666666
1481.5733333333333
1514.12
1546.6666666666667
1579.2133333333334
1611.76
1644.3066666666666
1676.8533333333332
1709.4
1879.7
1999.8
1913.5
1675.3
1278.7
794.9
169.1
2.4
280.0
557.6
835.2
1252.35
1669.5
1772.2
1874.8999999999999
1977.6
1325.8
1239.7
1059.74
879.78
699.82
519.86
339.9
868.6
1305.1
1705.2
1867.7
1920.9
1791.8
1277.6
1167.2
389.5
96.6
2.0
12.2
157.2
687.4
922.3
809.6
1626.8
1736.3
1704.4
1359.8
959.8
424.6
149.2
80.0
10.8
339.8
870.0
1315.1
1335.8
1356.5
1377.2
1397.9
1634.0
981.6
573.0
248.0
4.4
91.45
178.5
367.9
557.3
1359.9
1110.3
1045.5
1171.5
1058.6
945.7
550.0
276.55
3.1
5.5
228.5
986.6
1342.2
1320.1
1740.1
1562.7
1513.0500000000002
1463.4
1200.8
449.9
269.1
138.10000000000002
7.1
426.75
846.4
963.1
1079.8
1196.5
1300.7
1404.9
968.3000000000001
531.7
707.4
150.3
173.3
196.3
219.3
751.0
1304.8
1370.55
1436.3
1172.75
909.2
779.1500000000001
649.1
371.0
92.9
50.050000000000004
7.2
386.75
766.3000000000001
1145.8500000000001
1525.4
1904.2
1997.4
1876.6
1574.3
1330.5
816.1
409.65000000000003
3.2
8.3
337.5
863.6
1342.1
1725.9
1860.9
1995.9
1843.0500000000002
1690.2
1311.1
785.4
259.7
282.1333333333333
304.56666666666666
327.0
823.45
1319.9
1705.5
1820.7
1935.9
1919.5
1597.3
1245.7
632.8
291.5
6.0
338.2
670.4
1002.5999999999999
1334.8
1717.7
1927.4
1730.3666666666668
1533.3333333333333
1336.3
1176.5
706.4
236.3
392.7
549.0999999999999
705.5
861.9
1342.1
1549.8333333333333
1757.5666666666666
1965.3
1839.6
1713.9
1290.1
821.5
411.6
1.7
285.6333333333333
569.5666666666667
853.5
1333.6
1720.9
1940.2
2007.3
1931.0
1660.5
1183.3
738.8
294.3
5.9
7.7
342.5
837.6
1336.1
1699.3
1976.9
2000.4
1958.0
1691.8
1090.3
603.55
116.8
1.8
8.4
449.4666666666666
890.5333333333332
1331.6
1713.6
1867.4499999999998
2021.3
1982.5
1519.3
1056.1
623.9
222.5
4.9
221.85000000000002
438.8
890.4
1340.1
1721.9
1813.1
1904.3
1929.4
1651.2
1028.1
559.7
250.7
128.85
7.0
432.35
857.7
1335.8
1720.7
1956.3
2022.6
1781.6
1348.5333333333333
915.4666666666667
482.4
134.6
2.9
6.8
330.15000000000003
653.5
1300.4
1793.1
1816.5
2045.0
1806.4
1415.2
1141.2
770.5
219.1
7.6
8.6
448.35
888.1
1319.3
1629.55
1939.8
1812.75
1685.7
1467.65
1249.6
834.8
420.0
5.2
171.35
337.5
876.2
1361.7
1745.2
1818.95
1892.7
1619.2
1286.3
1151.6
757.9
347.9
7.5
8.2
330.4
867.4
1351.9
1736.8
1971.3
2051.7
1945.4
1716.5
1349.3
863.5
305.0
5.3
8.5
334.3
871.2
1363.1
1748.1
1986.0
2063.9
1981.6
1673.4
1365.2
864.6
435.05
5.5
176.1
346.7
893.0
1385.0
1774.7
2008.8
2077.0
1989.4
1756.3
1370.4
864.9
306.6
4.1
7.9
439.4
870.9
1359.9
1668.35
1976.8
2072.4
1882.8000000000002
1693.2
1220.0
746.8
303.2
5.2
6.9
453.45
900.0
1245.5
1530.2666666666667
1815.0333333333333
2099.8
1775.7
1451.6
1275.1
855.3
336.0
7.2
354.96
702.72
1050.48
1398.24
1746.0
1891.7
2037.4
1805.4
1727.5
1478.8
860.8
242.8
125.30000000000001
7.8
342.5
880.5
1317.65
1754.8
1988.8
2061.8
1985.6
1808.7
1398.0
934.6666666666667
471.33333333333337
8.0
9.0
447.65
886.3
1324.9499999999998
1763.6
1993.6
1992.6
1991.6
1742.7
1356.7
965.2
343.8
176.20000000000002
8.6
342.7
880.3
1369.7
1756.5
1990.9
2068.1
1990.2
1762.1
1377.9
1035.3500000000001
692.8000000000001
350.25
7.7
315.1
794.4
1332.4
1676.7
1715.9
1755.1
1493.1
1445.7
1226.4
801.8
336.5
172.15
7.8
350.0
892.3
1335.85
1779.4
1934.05
2088.7
2009.0
1786.1
1339.6999999999998
893.3
325.7
5.5
304.7
603.9
903.1
1404.5
1718.45
2032.4
2107.2
1960.0
1795.3
1376.9
892.6
329.9
6.3
9.1
458.02500000000003
906.95
1355.875
1804.8
2039.9
2116.3
1967.5500000000002
1818.8
1324.1666666666665
829.5333333333332
334.9
5.4
180.35000000000002
355.3
905.2
1068.5
995.8
1199.6
1608.4
1101.0
882.4
800.6
454.1
159.7
6.7
96.80000000000001
186.9
832.7
1377.3
1860.8
1691.7
1313.2
1931.4
1351.9
1090.35
828.8
307.8
323.9666666666667
340.1333333333333
356.3
894.6
1384.3
1550.7
1987.9
1758.4
2011.3
1731.6
1097.0
305.6
98.6
1.9
12.2
479.4
946.6
866.4
1656.3
1924.1
1593.8
1492.6
1309.3
916.2
452.6
232.20000000000002
11.8
13.8
292.0
426.35
560.7
846.7
1426.5
1229.7
1306.3000000000002
1382.9
1080.8000000000002
778.7
392.85
7.0
9.3
319.6
684.4
1259.0
1625.6
1690.7
1887.1
1821.6999999999998
1756.3
1173.8
915.5
295.8
6.6
11.1
366.0
951.0
1386.9
1733.0
2098.0
1953.5
1703.8
1054.3
728.8
403.29999999999995
77.8
44.699999999999996
11.6
392.2
825.4
1367.9
1498.5
1481.9
1597.9
1343.25
1088.6
789.05
489.5
135.4
6.4
184.25000000000003
362.1
884.0000000000001
1405.9
1796.9
1952.0
2107.1
1955.65
1804.2
1434.3
892.75
351.2
453.97499999999997
556.75
659.525
762.3
1564.2
1667.1
1787.3
1907.5
1754.45
1601.4
1170.8
592.9
183.4
9.7
190.45
371.2
880.05
1388.9
1618.8000000000002
1848.7
2106.5
2007.2
1683.2
1409.3
912.6
333.8
10.2
317.76666666666665
625.3333333333334
932.9
1430.9
1825.2
2047.5
2122.2
2040.4
1828.9
1423.1
901.6
453.85
6.1
11.8
378.9
942.5
1441.8
1831.9
2062.1
2114.3
1794.45
1474.6
1203.85
933.1
319.1
5.3
192.6
379.9
929.3
1375.0
1820.7
2050.1
2122.9
1963.5
1804.1
1491.9
972.3
490.65
9.0
20.8
261.3
933.7
1210.4
1807.6
1033.5
1403.3
1773.1
1911.6
1488.1
1019.5
684.7
349.9
15.1
364.3
830.8
1282.55
1734.3
1716.7
1061.0
1369.2
1161.1
953.0
778.2
390.8
3.4
16.4
358.13333333333327
699.8666666666666
1041.6
1393.75
1745.9
2174.7
1894.0333333333333
1613.3666666666668
1332.7
774.1
521.3666666666667
268.6333333333333
15.9
394.6
980.4
1431.35
1882.3
2122.4
2181.7
2046.0
1847.9
1450.9
922.9
336.2
176.85
17.5
497.05
976.6
1478.2
1876.6
1994.8999999999999
2113.2
2072.6
1270.9
1102.8
909.8
279.5
14.3
95.8
177.3
557.8
1211.1
1864.4
2124.0
2084.1
1970.1
1856.1
1452.0
969.8666666666666
487.73333333333323
5.6
17.3
509.75000000000006
1002.2
1505.6
1735.6
1965.6
2195.6
2099.3
1865.4
1451.7
933.2
333.8
6.5
214.9
423.3
1006.3
1510.3
1910.9
2151.4
2202.2
2036.6
1871.0
1463.5
939.5
334.3
368.03333333333336
401.76666666666665
435.5
965.8
1606.4
1988.1
2182.5
2071.9
1781.0
1813.4
1143.9
837.1
421.1
5.1
384.30000000000007
763.5000000000001
1142.7
1521.9
1918.4
2129.7
2028.8
1927.9
1743.7
1441.4
933.5
331.8
177.25
22.7
518.2
1013.7
1514.3
1916.4
2158.8
2225.5
1989.4
1534.1
1277.4
817.6500000000001
357.9
5.6
19.8
417.85
815.9
1361.3
1996.9
2004.4
2224.8
1845.6
1583.4
1189.275
795.1500000000001
401.0250000000001
6.9
229.20000000000002
451.5
1043.3
1546.8
1860.0
2173.2
2215.5
2113.3
1875.8
1482.9
939.1
472.6
6.1
336.73333333333335
667.3666666666667
998.0
1521.2
1937.8
2174.4
2147.7
2114.2
1862.0
1488.4
921.6
354.8
6.7
28.9
436.8
1013.7
1523.8
1918.6
2151.6
2189.5
2093.5
1868.2
1499.4
969.9
348.3
189.70000000000002
31.1
534.6666666666666
1038.2333333333333
1541.8
1933.6
2169.1
2140.05
2111.0
1908.1
1491.7
990.3
498.65
7.0
33.2
531.0
1028.8
1531.3
1933.3
2166.6
2201.0
2088.1
1685.3
1282.5
879.7
779.9250000000001
680.1500000000001
580.375
480.6
1070.0
1576.1
1975.4
2205.3
2256.2
2145.8
1904.5
1481.8
947.5
332.3
516.6
700.9000000000001
885.2
1069.5
1577.0
1976.8
2145.9
2255.3
2145.3
1902.7
1485.5
946.4
476.2
6.0
43.1
556.5
1069.8999999999999
1583.3
1973.3
2189.5
2156.25
2123.0
1889.6
1482.5
948.8
323.9
4.2
39.2
545.0500000000001
1050.9
1414.8
1978.2
2030.4
2082.6
1891.0
1732.4
1354.5500000000002
976.7
332.5
5.5
34.6
510.5
742.7
974.9
1657.2
2303.8
2024.2
1751.0
1164.3
935.3
269.7
138.04999999999998
6.4
42.1
502.7
793.7
1342.85
1892.0
2089.0
2290.2
1823.7
1504.0500000000002
1184.4
654.7
450.4
246.09999999999997
41.8
506.0
1009.3
1512.6
2015.9
2232.0
2180.8
2129.6
1909.9
1482.1
946.3
836.9749999999999
727.65
618.325
509.0
1065.75
1622.5
1909.1
2195.7
1927.2
2103.1
1795.1
1302.1
687.1
280.4
7.7
242.1
476.5
1022.3
1510.2
1927.2
2194.6
2211.9
2088.0
1624.2
1289.0
692.3
298.3
171.35000000000002
44.4
553.2
1062.0
1505.85
1949.7
2161.0
2286.3
2132.4
1861.7
1399.15
936.6
297.6
5.6
32.8
535.15
1037.5
1558.7
1971.4
2191.5
1998.575
1805.65
1612.725
1419.8
874.3
287.6
5.5
42.6
468.6
1052.0
1553.2
1943.7
2155.6
2184.9
2067.7
1795.4
1360.6
823.6
266.5
6.0
44.0
502.06666666666666
960.1333333333333
1418.2
1908.8
2168.3
2315.1
2132.6
1904.6
1468.9
917.2
305.8
4.3
44.3
521.2
1102.6
1612.3
2005.8
2206.8
2228.2
2114.2
1864.1
1440.5
887.1
290.2
4.0
40.3
289.8
869.7
1530.2
1989.3
2188.7
2176.6
2091.7
1757.7
1424.6
874.1
292.4
4.8
51.2
514.3
1093.1
1612.8
2005.8
2214.5
2238.0
2127.3
1876.4
1439.2
889.1
295.6
3.9
15.3
295.3
741.6
1243.9
1953.0
2030.8
2252.7
2026.4
1585.7
1499.6
876.4
310.1
3.8
46.4
549.7
1155.1
1512.0
1974.8
2149.8
1907.6
2093.8
1897.9
1584.7
708.1
270.2
8.6
46.5
556.2
1060.0
1686.2
2084.0
2106.5
2361.0
2151.1
1919.5
1480.2
935.1
318.2
3.5
54.0
550.0
1142.8
1648.0
1999.4
2295.1
2072.3
2175.8
1862.3
1403.9
827.1
296.2
4.4
54.0
501.3
1067.4
1552.7
1982.1
2188.3
2200.8
2085.8
1852.0
1412.5
861.2
267.8
2.9
58.2
540.9
1123.0
1601.2
2042.4
2206.2
2227.9
2145.7
1960.9
1196.6
503.9
283.7
3.2
60.2
533.4
1093.0
1652.3
1878.2
2180.2
2243.4
2086.8
1626.8
1494.1
898.8
291.3
7.8
82.5
565.7
1082.9
1691.6
1955.6
2182.7
2245.7
1882.7
1728.0
1155.3
865.7
175.2
2.2
78.7
525.7
1027.3
1290.6
2039.8
2232.9
1644.5
2042.5
1584.7
1238.1
705.6
274.1
2.7
103.3
528.1
1116.2
1634.9
1976.5
2037.3
1893.3
1385.7
991.4
1050.1
677.9
288.7
2.7
76.8
584.3
1178.8
1691.0
2070.0
2253.3
2279.8
2198.1
1717.8
1180.9
698.8
202.3
4.2
80.8
567.6
686.5
1471.5
2082.0
2171.6
2156.5
2064.8
1884.7
1422.8
886.2
287.1
4.6
82.7
552.2
1154.1
1694.6
2067.0
2276.3
2287.2
2100.2
1881.6
1428.7
864.5
287.9
2.0
86.7
623.8
1182.0
1709.3
2081.7
2266.7
2248.8
2172.1
1662.0
1482.8
767.6
209.7
2.0
99.2
627.4
1130.8
1687.1
2097.5
2278.6
2231.1
2205.9
1879.1
1470.7
755.8
345.9
4.5
80.7
593.1
1139.1
1649.1
2073.5
2259.7
2233.4
2191.7
1875.8
1468.3
906.1
301.7
3.1
65.8
568.5
806.5
1364.9
1495.3
1652.5
1915.7
1873.5
1819.1
1359.6
815.4
281.3
2.7
95.6
643.8
1244.6
1750.1
2061.2
2253.0
2113.1
2127.3
1911.2
1448.2
889.0
286.4
2.4
91.9
629.4
1244.7
1763.2
2132.8
2300.4
2309.5
2188.6
1913.6
1477.5
952.6
316.3
5.9
105.0
650.3
1244.6
1754.9
2125.0
2297.8
2316.3
2196.3
1908.2
1483.4
908.2
291.1
1.4
138.6
624.0
1216.8
1716.0
2121.3
2305.0
2315.5
2184.1
1888.8
1458.6
893.6
288.4
1.4
116.3
695.1
1297.4
1811.9
2181.4
2356.8
2356.3
2224.3
1928.8
1482.1
915.7
299.4
1.5
117.8
688.2
1286.0
1792.5
2154.1
2320.1
2250.9
2014.1
1541.6
1205.2
799.8
259.1
1.1
123.5
696.0
1289.8
1798.2
2156.4
2319.4
2315.5
2163.9
1873.7
1369.2
776.4
240.4
1.1
127.0
690.0
1300.6
1803.5
2150.0
2248.2
2259.7
1899.0
1607.1
1230.2
754.5
164.2
0.2
127.3
677.1
1276.0
1779.2
2113.4
2021.8
2132.7
1993.6
1506.2
1261.7
659.1
329.4
4.0
165.6
725.1
1278.7
1880.3
1473.8
1533.1
1901.4
1835.1
1879.4
1276.6
870.9
300.9
0.3
147.2
700.0
1295.1
1800.8
2164.4
2321.8
2326.5
2202.5
1813.7
1420.6
911.3
317.6
6.1
133.8
681.3
1274.4
1788.4
2150.3
2317.4
2347.5
2061.1
1671.4
1287.3
886.7
266.1
0.9
134.5
676.5
1271.7
1772.5
2182.5
2362.9
2238.7
2217.5
1772.4
1458.5
908.1
301.0
2.3
135.9
527.2
423.4
897.6
1983.1
2294.7
2308.9
2201.3
1752.9
1418.4
688.9
225.1
179.14999999999998
133.2
649.6
1255.3
1782.1
2134.8
2301.7
2325.7
2183.8
1878.6
1419.1
843.3
219.7
172.39999999999998
125.1
660.2
1248.6
1765.2
2143.7
2060.1
1941.0
1339.6
1724.7
1344.8
824.0
247.7
0.6
149.0
698.3
1300.9
1812.2
2170.8
2339.9
2352.1
2216.9
1907.3
1440.9
885.0
273.7
1.1
156.0
677.0
1275.1
1785.4
2164.8
2322.4
2320.7
2164.1
1864.0
1390.7
803.2
263.6
3.2
158.6
694.6
1268.4
1833.6
2137.6
2231.1
2328.9
2197.0
1898.0
1500.3
866.6
261.6
207.35000000000002
153.1
685.6
1239.2
1762.6
2132.5
2292.8
2213.3
1949.4
1717.4
1502.3
634.3
235.7
201.64999999999998
167.6
667.8
1242.2
1753.5
2052.1
2284.5
2389.6
1665.8
1051.9
813.8
453.0
192.8
2.5
49.4
284.5
281.4
239.6
417.3
773.5
736.4
1622.5
1022.3
673.3
594.3
134.9
2.9
85.3
507.8
845.9
985.6
1562.8
1754.1
1103.4
970.7857142857143
838.1714285714286
705.5571428571429
572.9428571428572
440.3285714285714
307.7142857142858
175.1
750.0
1346.2
1884.9
2255.8
2436.6
2448.4
2210.5
1937.9
1270.9
787.3
281.6
2.5
200.4
697.7
1312.4
1758.1
1874.2
1372.5
2036.9
2054.8
1626.1
1208.9
718.4
275.0
1.4
193.1
735.3
1289.2
1834.0
2229.9
2407.6
2419.2
2241.6
1994.1
1388.1
456.6
155.1
0.4
185.7
769.2
1370.4
1889.2
2252.9
2428.2
2431.7
2279.9
1951.7
1476.7
888.1
273.5
2.8
181.8
752.2
1342.3
1868.0
2239.6
2415.2
2418.3
2263.7
1727.4
1502.6
851.9
282.4
2.4
185.4
658.0
1030.4
1204.1
1576.3
2218.9
2447.5
1756.4
1553.7
1520.2
831.9
238.9
2.3
188.7
746.3
1365.4
1878.4
2222.7
2377.9
2448.0
2305.7
1807.6
1424.3
762.3
298.1
1.2
181.8
751.8
1345.9
1858.9
2222.6
2413.0
2438.7
2306.2
2029.0
1641.4
962.6
275.5
2.6
181.1
535.7
823.3
1281.4
1967.2
1788.5
1346.0
1755.6
1413.7
1468.7
911.1
260.4
1.2
124.4
728.6
1123.5
986.8
980.1
1690.2
2326.6
2255.1
1613.5
1490.3
737.4
311.4
3.2
178.5
717.6
1167.5
1503.6
1933.4
2395.9
2398.2
2073.1
1921.3
1463.7
870.6
262.7
3.8
189.2
738.2
1333.0
1890.6
2043.2
2136.9
2323.0
1525.3
1695.1
982.2
878.4
271.2
245.3
219.4
758.6
1333.5
1835.7
2216.0
2366.1
2375.5
1956.0
1662.1
1188.4
796.1
256.9
3.4
185.6
736.6
1325.4
1838.7
2178.1
2337.6
2302.2
2169.2
1719.7
676.9
603.4
123.8
3.0
193.6
748.7
1267.2
1820.1
2109.9
2263.8
2165.6
1957.0
1680.4
1255.8
635.8
205.2
1.6
98.0
597.2
1238.3
1825.1
2179.5
2252.7
2424.6
1875.5
1902.0
1370.6
763.6
180.5
0.6
151.5
564.7
1203.5
1822.2
2131.0
2164.9
1847.9
2023.3
1829.3
999.5
657.8
131.7
126.05
120.4
457.5
945.2
969.9
1888.6
2014.8
2091.3
1596.5
1385.6
907.9
523.0
273.2
8.9
194.5
757.0
1348.4
1852.8
2196.5
2243.6
2010.2
1760.6
1799.9
1411.5
445.2
127.3
4.0
217.0
575.3
948.1
1110.7
1689.2
1652.7
2126.0
2093.9
1799.0
1542.7
882.1
243.2
5.0
206.4
776.0
1403.1
1691.4
1808.7
1912.5
1815.6
2001.7
1753.1
1098.1
1008.8
288.5
3.1
195.7
763.5
1347.4
1859.9
2214.4
2197.2
2352.0
2040.3
1601.7
1116.5
769.4
231.7
3.2
192.8
723.8
1299.3
1909.9
2038.3
1737.4
1966.7
2219.8
1619.6
1393.6
703.7
136.8
9.1
194.0
741.8
1330.6
1860.4
2215.9
2361.8
2382.2
2238.5
1956.5
1489.9
918.8
316.0
4.0
180.3
739.3
1330.7
1839.1
2162.8
2111.6
2361.8
1957.6
1813.4
1436.7
979.3
303.0
5.4
188.1
751.8
1321.5
1835.5
2271.3
2301.9
1997.7
2010.8
1368.0
983.5
838.9
344.7
7.0
191.2
758.9
1338.1
1822.1
2183.3
2182.2
2349.5
2048.1
1970.5
1401.5
934.5
342.9
4.6
213.6
352.5
980.8
1738.2
727.4
835.1
937.0
871.5
688.4
530.3
265.5
137.6
1.7
35.2
146.5
44.7
13.6
28.9
91.4
431.2
685.7
831.8
625.4
339.7
114.2
2.7
174.4
398.3
1139.4
1725.8
1341.2
928.2
996.1
1473.0
1099.5
1061.0
443.3
168.1
6.0
119.7
417.9
840.1
1760.8
1916.5
1933.0
1564.5
1541.2
1968.6
1476.8
891.3
285.3
7.7
183.4
723.2
1068.2
1730.9
1979.9
1825.6
2040.4
2196.2
1567.3
1487.3
740.3
300.5
4.3
191.2
770.2
1348.9
1831.9
2214.2
2407.2
2338.7
2202.9
2069.3
1345.9
875.7
326.6
7.9
178.0
743.2
1343.1
1830.7
2212.7
2350.7
1966.1
2131.9
2040.5
1379.6
857.5
318.3
1.2
43.6
457.0
1050.7
1591.0
2026.9
2242.6
2212.6
1856.7
1479.7
1250.4
1079.7
513.3
58.5
40.7
498.3
974.8
1619.6
2033.7
2192.3
2213.9
2077.1
1624.6
1240.1
899.3
459.1
60.0
42.8
415.5
993.85
1572.2
2054.0
2331.2
2350.6
2350.0
1838.0
995.5
716.3
431.2
65.6
42.5
451.0
1009.9
1495.9
1999.8
2251.2
2089.4
2487.2
1766.2
1279.3
1138.9
553.3
90.6
42.8
451.1
1013.4
1584.7
1883.8
1862.0
1415.9
1721.3
1207.8
957.5
578.0
268.7
48.5
7.8
217.8
793.8
857.3
1876.2
1980.0
2082.7
1720.5
1032.9
1437.9
870.5
320.3
57.1
22.7
200.6
593.8
1026.1
1060.9
1703.5
1959.9
1259.0
1016.6
1234.4
559.0
256.9
73.4
16.4
216.8
538.8
1138.0
1862.3
1613.9
1114.1
1740.5
1444.9
1391.1
916.2
506.0
45.0
31.8
388.9
912.1
1277.2
1978.9
2059.8
2002.2
2102.3
1442.5
1184.6
807.1
565.0
86.6
40.0
211.9
525.3
989.4
892.6
1069.7
1373.1
1187.9
844.8
740.3
925.5
415.9
66.1
34.4
332.2
603.8
1095.5
1646.1
1895.1
1968.6
1555.6
1816.7
1189.3
891.2
578.6
92.3
7.9
155.6
404.9
1583.7
1388.8
1762.7
1632.4
1456.4
846.2
440.9
454.1
210.8
16.2
14.2
296.8
750.6
867.8
1263.9
1302.2
2273.3
1848.6
1416.8
654.3
492.3
164.0
22.4
44.0
475.9
997.9
1177.4
1079.5
1914.9
2333.4
2217.8
1716.6
1594.1
1160.9
508.9
73.6
20.6
299.8
1070.9
1511.5
2013.6
2124.7
2283.0
2112.6
2051.0
1041.9
709.9
566.3
118.4
26.4
383.3
980.0
1517.6
1774.0
2209.5
1486.0
1826.3
2069.1
1130.8
697.6
244.8
39.4
27.3
176.5
414.9
985.1
1310.4
1847.6
1485.1
1924.8
1343.4
1183.5
1250.9
630.1
117.6
36.1
398.9
1055.0
1412.8
1866.7
1962.8
1847.3
1384.3
1775.4
1108.1
572.9
203.5
63.0
22.4
383.9
964.1
1538.9
1916.8
2098.8
1786.1
2107.8
1857.6
1777.7
1166.7
580.3
76.9
26.8
312.2
880.0
1534.1
1970.6
2281.8
2147.1
1905.7
2205.3
1137.3
391.4
403.6
82.4
15.0
200.8
479.9
699.6
653.4
1014.8
1168.0
1015.2
1127.8
1034.0
751.3
303.6
104.6
13.8
152.2
393.6
743.0
1315.7
1229.9
2074.2
2233.0
1217.4
1413.9
413.3
107.5
34.1
22.2
140.5
176.4
927.7
1121.2
966.4
868.7
1278.8
1353.5
1219.3
1207.6
524.6
89.5
18.7
297.4
912.3
1327.2
1402.3
1852.2
1502.1
1848.7
1638.7
1552.9
943.9
508.2
88.1
3.3
123.9
373.3
1021.6
1779.1
1576.8
1290.2
805.2
788.8
631.6
690.1
653.3
109.6
13.9
117.9
395.7
1473.6
843.6
1724.2
2029.3
1765.3
1339.5
1254.0
992.1
382.6
24.8
6.4
26.3
148.9
278.9
196.9
241.8
299.1
436.8
525.4
330.4
247.7
96.7
31.5
91.9
152.3
485.3
605.1
1139.7
1028.8
1950.7
1598.6
1258.3
1102.4
1150.5
390.8
107.5
7.3
330.6
676.3
998.6
1940.0
1376.6
1136.0
510.9
969.3
1178.3
1178.4
467.2
152.3
21.7
285.0
730.9
1465.5
1928.3
2147.6
2174.2
1991.8
1988.2
1283.1
614.0
307.3
85.0
11.9
394.1
1078.5
1544.2
1194.1
2159.9
2063.5
1314.3
731.9
1240.5
1354.2
760.4
276.0
12.0
235.6
951.0
1490.8
1945.7
1837.5
1314.8
1960.9
1745.9
1614.9
1030.6
265.5
63.6
12.4
186.0
1036.3
1479.7
1918.9
1682.6
1969.4
2353.3
1985.2
1736.1
837.0
744.9
56.4
20.8
111.7
326.6
387.7
1457.8
1896.8
2367.7
1714.6
1519.4
1537.6
1182.7
582.4
89.0
22.4
288.0
933.9
1386.7
1848.0
2221.7
2275.3
1785.7
1658.2
1205.1
1131.0
649.6
159.8
18.8
303.9
821.0
1305.8
1736.1
1360.5
1529.6
1739.9
1916.2
1695.8
1136.5
564.8
159.9
