y
12.3
154.8
319.4
875.1
1997.9
2202.6
3697.6
3922.4
1004.3
639.8
211.1
775.1
163.7
30.2
269.7
634.3
1158.2
1604.2
2223.0
2003.2
2862.0
2583.7
1796.7
2570.1
1310.0
634.2
45.3
509.8
1373.4
2265.7
2141.9
2490.1
3053.6
3863.9
3867.2
3439.6
2260.9
1243.1
694.2
28.9
280.6
661.4
752.4
1729.5
1349.2
1585.2
964.9
1477.3
1573.6
1455.2
772.3
405.1
26.3
486.6
1365.7
2171.2
3205.5
1586.2
1275.1
3854.0
2973.8
1729.7
693.6
663.5
1009.1
16.6
210.4
382.7
794.1
2725.1
3397.8
3710.2
3819.6
3147.6
3379.8
2579.5
1647.0
851.7
59.9
521.0
894.6
1974.6
2996.9
3088.1
2870.0
1092.9
1263.2
654.1
2164.9
1154.9
523.8
13.3
99.9
259.0
1183.5
1252.6
1950.4
1661.6
1979.3
2006.8
2276.1
2417.8
1882.8
464.3
28.0
461.9
1253.0
2071.6
2782.2
3331.2
3662.4
3753.2
3608.4
2317.1
1288.4
1391.7
658.5
29.2
181.9
611.3
2175.4
2007.5
1987.3
1475.1
2754.7
2992.6
3126.1
2520.1
1913.7
612.0
17.4
486.9
1121.4
1797.8
1951.3
2375.6
2931.9
3344.0
2257.4
1794.0
1145.0
640.6
302.2
22.9
476.0
1403.7
2036.6
2769.0
3316.3
3085.6
2957.5
3177.5
2736.7
2217.0
1972.9
702.1
21.1
469.0
1322.3
2132.0
2882.1
3445.9
3771.0
3919.3
3400.6
3330.3
2709.5
1696.3
703.6
6.9
162.9
638.5
1680.2
2965.5
3433.7
3717.1
3838.8
3693.5
3315.4
2734.1
1865.9
1150.4
22.2
453.4
1331.6
1995.4
2811.5
3153.2
3665.2
3793.0
3660.3
3218.3
2616.0
1942.7
748.7
0.0
94.5
541.6
1786.2
1201.2
1623.6
1986.7
1762.6
1196.5
829.5
825.8
543.0
257.4
16.8
258.4
838.0
1217.1
1959.7
2532.1
2287.1
2943.5
2162.5
1253.0
1261.3
970.5
413.2
5.6
173.6
332.2
918.3
2294.1
2531.6
2174.0
1742.1
1267.2
1952.4
2514.1
889.5
376.8
12.1
346.8
1068.2
1965.7
2666.7
2547.7
3855.2
3718.8
3680.8
3297.0
2708.3
1767.3
994.2
9.5
185.7
672.5
1191.3
1871.4
2088.8
3552.3
3782.0
3585.7
3234.5
2652.2
1908.7
935.3
2.0
181.1
445.2
1234.5
2684.4
2819.7
3298.2
3732.1
3569.1
3332.6
2957.0
1157.8
286.6
0.1
52.2
199.4
354.7
371.5
544.9
1085.7
711.1
826.2
288.4
404.1
436.1
362.6
2.2
124.9
507.0
672.1
531.8
870.2
1830.0
961.9
804.2
1589.4
1043.6
1023.5
806.1
5.1
101.1
380.3
917.3
1892.4
1681.9
2711.3
3945.0
3835.5
3348.9
2762.6
1965.1
1127.7
6.7
339.4
1178.3
2028.8
2787.1
3363.1
3737.0
3855.1
3641.0
3357.9
2765.6
1995.0
1107.6
4.4
344.9
1142.7
1970.8
2704.7
3294.9
3662.1
3781.7
3650.5
3271.9
2683.2
1943.3
1078.9
4.5
178.0
934.4
1886.8
2701.0
3091.3
3541.5
3735.1
3421.8
3008.3
1530.9
413.2
204.3
2.3
186.6
706.4
1334.4
2731.1
2568.7
3098.9
3634.1
2209.7
2743.4
1870.7
596.8
426.1
3.6
189.8
846.9
1220.4
2215.9
1878.9
1510.1
485.6
199.2
279.9
752.1
416.1
220.1
1.7
118.3
348.7
587.9
961.0
3118.3
2611.4
3426.4
1051.3
774.7
216.2
267.1
463.5
1.5
313.6
903.6
1109.1
2634.5
3425.3
3623.0
3752.7
3771.8
2955.9
1730.0
1976.5
1105.5
0.8
308.5
1120.7
2018.6
2655.7
3366.0
3596.1
3714.3
3453.5
2823.6
2990.7
1680.8
1062.2
1.3
286.6
1077.0
1887.3
2747.6
3228.1
2280.9
1209.1
1461.6
562.8
561.3
311.1
251.4
1.1
126.7
595.2
1630.1
901.4
1696.5
3734.9
3851.1
3856.2
3345.9
2744.3
2025.4
1226.1
0.0
48.6
257.5
501.4
172.1
208.7
407.9
428.3
665.2
649.2
536.7
180.6
258.6
0.0
140.1
543.7
765.8
1519.5
2017.0
1560.2
1386.0
1485.2
2224.3
1668.9
678.0
291.5
0.7
57.8
288.5
938.6
1146.7
926.8
1046.4
1499.6
1600.7
2827.1
1620.1
220.0
77.5
2.6
166.4
745.0
1208.1
1966.7
2417.8
1828.5
2609.0
2982.7
2109.7
1640.6
1155.6
198.7
0.4
202.1
958.8
1956.0
2768.0
3541.7
3561.0
3372.0
3106.1
3070.1
2090.3
1525.2
498.2
0.0
143.1
346.8
1055.1
1235.7
1611.8
1915.7
639.4
144.5
489.4
644.4
603.6
349.6
0.0
85.5
428.3
861.5
1547.8
2052.4
1988.3
709.2
620.2
596.0
445.6
398.6
356.0
0.0
149.6
1040.5
1874.0
2668.6
3281.2
3698.5
3060.8
3167.5
2952.1
1962.0
1151.0
979.8
0.0
152.7
1080.7
1933.8
2413.4
2944.4
3334.6
2087.5
2162.5
748.0
536.2
563.3
455.0
0.0
67.4
365.2
1656.3
1419.7
2635.4
3277.5
3579.4
2193.9
1019.0
618.5
624.2
310.2
0.0
214.8
963.8
1824.2
2626.4
3078.0
3548.6
3292.6
2770.4
2248.7
2133.3
1417.3
415.0
0.0
154.1
463.3
634.2
1846.5
1779.6
3298.4
3649.7
3542.4
2986.5
2271.6
1582.9
740.8
0.0
195.9
934.7
1846.3
1694.2
2071.4
3019.7
2971.9
3393.7
3054.3
2019.9
1217.5
648.5
0.0
195.7
1148.2
1858.3
2474.5
3124.8
3452.2
3654.3
2820.8
2652.6
2470.0
1105.4
327.5
0.0
174.6
847.5
1718.4
2373.6
2766.5
3208.0
3339.8
3127.6
2814.9
1880.9
1094.3
451.3
0.0
35.8
304.3
727.3
1011.2
2376.2
3449.8
3390.9
2422.0
1333.7
897.5
1265.6
438.4
0.0
54.3
246.7
1580.4
2329.5
2834.2
3441.9
2502.5
1413.5
2172.4
1782.7
820.1
395.2
0.0
22.5
195.9
411.2
535.6
978.2
726.1
891.3
608.2
534.9
420.0
357.1
115.1
0.0
142.9
906.8
1792.6
2584.4
3226.4
3635.3
3798.5
3657.5
3253.9
2645.8
1855.2
991.7
0.0
147.6
908.1
1207.5
2656.6
3166.4
3558.2
3577.7
2793.2
1178.7
1292.5
506.2
253.6
0.0
139.5
808.0
1621.8
2568.5
3089.7
2840.6
3606.8
3624.3
2462.8
2499.2
1702.2
488.8
0.0
18.2
109.4
519.3
1715.6
2088.1
2168.2
1583.6
1831.0
874.5
518.4
234.9
69.4
0.0
7.4
110.8
134.1
942.3
2106.0
1913.9
1674.0
354.8
1163.1
1036.5
671.3
372.9
0.0
144.9
879.6
1744.1
2529.1
3148.1
3575.8
3716.2
3548.4
3156.3
2535.3
1756.0
894.1
0.0
139.4
864.9
1712.9
2477.9
3079.0
3484.8
3631.0
3486.8
3104.2
2496.6
1627.5
684.1
0.0
125.7
831.0
1694.8
2458.2
3058.3
3448.8
3589.2
2244.6
2791.6
1645.3
947.3
398.8
0.0
119.4
855.5
1569.0
2527.7
3105.2
3514.9
3651.4
3361.6
3160.2
2514.2
1441.5
778.3
0.0
85.9
578.3
1484.8
1178.6
670.5
295.9
684.5
1855.1
1700.1
1852.4
1054.2
389.8
0.0
49.9
301.0
439.5
386.8
1283.2
1556.7
2746.1
1668.5
1597.3
414.9
566.0
401.1
0.0
98.6
1105.9
1640.4
2447.4
2246.5
2130.2
2898.6
3679.0
2840.5
1907.5
1053.5
294.4
0.0
33.0
492.1
1570.3
2623.7
2995.9
3464.6
3351.5
3104.0
2911.7
2142.5
1532.7
880.3
0.0
64.4
551.4
907.1
1196.1
947.4
2022.5
2402.6
2941.0
2607.6
2128.9
1642.5
317.9
0.0
63.7
678.7
1265.4
1255.8
2916.6
3288.4
3500.2
3389.8
2960.0
2226.5
801.1
507.3
0.0
80.7
606.0
1490.8
2363.0
2956.5
3363.8
3495.0
3323.7
2944.2
2350.1
1583.2
720.9
0.0
82.2
778.5
1653.3
2421.1
3002.2
3369.4
3500.2
3356.0
2957.2
2329.5
1554.6
663.1
0.0
71.5
678.8
1595.3
2351.2
2941.9
3332.2
3465.4
3331.4
2922.4
2299.3
1516.1
679.3
0.0
69.9
627.9
1528.5
2270.5
2886.3
3268.4
3384.6
3251.0
2856.2
2258.2
1498.1
620.2
0.0
77.8
524.7
1527.3
2319.9
2861.9
3302.6
3398.4
3222.6
2835.9
2240.6
1466.0
591.7
0.0
62.5
585.0
1541.4
2291.8
2870.1
3248.7
3368.3
3224.8
2141.2
1765.3
1345.7
776.6
0.0
52.0
567.5
1543.5
2289.5
2933.5
3192.1
3401.6
3255.0
2865.5
2269.5
1492.7
649.4
0.0
46.5
549.9
1515.3
2258.1
2831.7
3194.7
3309.0
3165.6
2755.7
2110.0
1309.2
497.5
0.0
37.4
388.6
908.2
2261.1
2621.7
2908.2
2698.5
1714.0
1671.7
1101.6
260.9
30.7
0.0
30.8
272.0
497.0
663.5
1344.2
1722.6
1979.2
2571.3
856.3
362.6
192.7
51.9
0.0
38.7
358.8
548.5
1104.4
1382.2
638.4
615.9
432.9
803.4
492.6
216.5
64.1
0.0
52.7
485.6
1103.7
2178.8
2765.5
3146.7
3169.2
2187.7
2486.1
2127.7
1398.7
501.2
0.0
37.9
282.9
1243.5
2256.4
2857.8
3227.8
3324.4
3167.7
2762.2
2115.5
927.4
272.7
0.0
35.5
409.5
1505.7
2256.7
2851.2
3183.3
3338.9
3140.5
2756.0
1771.0
1350.4
451.6
0.0
11.1
381.2
1040.5
1529.2
2612.5
2694.4
3296.3
3220.9
2659.3
1642.3
423.4
129.4
0.0
33.3
376.5
1503.8
2200.8
2893.4
3218.4
3479.1
3366.4
3194.9
2047.3
1211.2
455.2
0.0
42.6
386.6
1430.8
1318.9
832.6
2549.8
2721.4
3225.8
2064.4
1845.2
837.3
323.4
0.0
46.9
379.3
1330.2
2379.7
2914.7
3225.4
3303.5
3125.8
2729.5
2113.1
1346.7
516.2
0.0
24.3
343.6
1485.0
2234.0
2733.2
3153.6
3281.3
3092.2
2722.4
2088.7
1312.2
466.5
0.0
92.9
415.9
1423.1
1628.2
2594.0
3161.8
3280.5
3149.6
2714.0
1907.6
1645.9
469.0
0.0
29.5
221.0
664.9
1783.4
2566.7
2605.5
2717.5
2896.3
2066.9
1738.0
707.5
263.1
0.0
27.0
382.5
550.0
952.7
840.8
616.5
1123.0
708.7
549.7
884.3
1224.1
388.0
0.0
27.5
349.6
1346.6
2070.3
2631.0
2971.8
3080.1
2924.0
2544.9
1597.8
490.4
86.3
0.0
30.3
482.6
1347.5
2038.2
2575.1
2927.6
3029.9
2848.3
2508.7
1367.5
636.0
255.1
0.0
42.9
223.8
361.9
896.3
1569.9
2058.3
3097.1
2120.7
1402.8
1505.4
999.9
238.7
0.0
6.9
248.6
784.2
1494.6
835.7
360.1
388.0
632.9
1229.3
912.6
549.1
260.3
0.0
17.3
423.5
1391.8
2141.1
2705.9
3080.4
3129.0
3055.4
2720.4
1798.1
1025.2
298.5
0.0
18.8
283.8
948.1
2128.8
2676.0
3020.4
3135.7
2967.9
2541.4
1909.0
1142.6
343.0
0.0
33.6
460.1
1235.4
2027.1
2373.8
2739.4
3060.7
2897.4
2493.4
1861.7
1100.1
302.4
0.0
16.7
441.6
1220.6
1908.3
1748.7
379.7
291.1
839.9
194.8
164.4
103.3
37.4
0.0
26.2
301.8
1128.8
1655.3
2100.5
2733.7
3105.4
2879.9
2489.3
1413.0
372.3
55.6
0.0
16.6
371.2
1351.1
2147.2
2716.2
3063.8
3151.9
2985.5
2555.6
1894.7
1107.4
292.4
0.0
17.3
360.7
914.3
1481.2
2610.9
2940.4
2995.0
2879.1
2475.0
1824.6
1034.5
243.7
0.0
15.6
392.1
1301.1
2047.1
2603.6
2946.3
3062.4
2869.8
2487.6
1564.2
606.5
71.2
0.0
16.2
398.6
1303.2
2027.9
2572.1
2900.5
2984.8
2817.8
2397.7
1766.7
1017.7
223.5
0.0
15.0
404.4
1270.3
1990.0
2544.2
2878.2
2969.1
2794.8
2367.4
1741.5
1046.0
275.1
0.0
14.7
384.5
1166.7
1521.3
2674.9
2458.5
2973.1
2772.7
2352.9
1731.0
992.0
221.6
0.0
2.7
89.3
223.1
831.8
1678.1
2008.4
2357.0
2379.0
2205.7
1661.4
866.8
214.0
0.0
11.3
436.6
1302.0
2028.3
2569.9
2898.8
2980.1
2799.5
2378.2
1747.1
996.7
212.9
0.0
11.3
436.0
1287.8
2013.5
2557.4
2868.1
2953.5
2790.1
2368.5
1731.4
967.9
200.4
0.0
11.2
405.5
1209.0
1900.8
2447.2
2766.2
2698.9
2501.5
1613.6
1618.2
892.9
160.2
0.0
4.4
143.5
697.1
1802.3
2483.5
2834.1
2867.1
2692.8
2275.9
1655.1
850.3
110.2
0.0
11.7
255.3
832.2
1732.7
2460.7
2820.4
2789.3
1251.9
1724.8
1645.0
926.6
206.6
0.0
9.8
382.5
1190.1
1881.4
2402.0
2735.1
2810.9
2638.1
2222.6
1610.8
892.8
178.1
0.0
9.9
374.7
1185.1
1875.5
2394.4
2707.1
2785.4
2617.6
2212.2
1588.7
859.3
159.7
0.0
10.5
344.8
1142.3
1809.5
2318.6
2660.7
2721.6
2568.1
2149.3
1548.3
820.6
140.5
0.0
8.6
344.4
1091.6
1775.4
2328.2
2645.5
2712.0
2537.9
2120.0
1503.0
889.7
84.6
0.0
7.5
339.1
1150.4
1852.0
2285.4
2671.4
2738.3
2348.3
1574.4
1538.9
801.7
102.0
0.0
8.6
214.4
698.0
1386.3
2408.2
2521.0
2517.9
2384.0
2097.1
1466.6
758.9
104.2
0.0
8.1
293.4
1109.3
1748.0
2248.9
2552.4
2598.6
2445.0
2052.4
1333.6
710.8
122.0
0.0
3.1
207.5
866.3
1718.7
956.9
1308.1
715.3
230.2
293.3
252.6
97.6
30.4
0.0
4.3
277.9
367.5
987.8
1003.9
1257.1
1921.1
1683.9
961.8
758.5
284.1
57.6
0.0
5.2
249.4
963.5
1668.2
1817.2
2550.5
2408.2
2240.9
1974.8
1406.2
589.9
69.7
0.0
2.9
198.5
522.5
1301.8
2102.9
2236.6
1594.4
1136.6
801.7
573.0
241.6
42.1
0.0
3.0
153.2
372.6
623.1
722.6
801.8
1148.9
2323.4
2070.3
904.2
135.7
25.4
0.0
0.9
261.3
985.5
1719.2
2254.2
2491.5
2651.6
2466.7
2038.9
1437.6
630.9
62.9
0.0
2.4
270.5
1017.3
1735.8
2252.8
2573.3
2636.0
2466.8
2046.7
1446.3
566.8
53.8
0.0
4.0
221.4
691.7
1359.0
2372.1
2091.0
2223.6
1552.5
1704.7
1427.5
436.7
48.5
0.0
0.6
194.2
344.1
526.3
748.1
988.3
579.1
242.9
418.9
767.4
346.0
82.5
0.0
0.5
51.9
115.8
267.3
241.8
212.6
357.7
478.3
744.7
1205.2
437.4
40.4
0.0
0.9
266.4
962.7
1687.3
2194.8
2499.3
2573.6
2406.2
2003.8
1137.7
397.7
41.1
0.0
0.8
266.6
935.4
1660.6
2148.5
2460.1
2544.5
2290.2
1963.4
1334.7
311.5
39.7
0.0
0.9
273.5
888.3
1648.9
2181.8
2450.4
2543.3
2288.0
1952.7
1300.1
312.8
50.0
0.0
0.0
259.4
857.8
1645.9
2158.1
2457.1
2513.2
2326.2
1913.3
1316.1
249.0
42.4
0.0
0.0
248.1
849.8
1606.1
2108.3
2469.1
2300.6
1763.5
1884.6
1277.6
228.9
39.9
0.0
0.8
167.0
547.2
1220.5
1915.4
1718.1
2034.0
1485.1
1174.9
706.9
244.1
31.1
0.0
0.0
48.7
388.3
775.2
352.4
396.1
1923.6
969.3
754.4
378.2
107.8
4.8
0.0
0.0
175.8
918.3
1571.5
2162.4
2326.8
2231.5
2444.4
1289.6
578.9
337.6
47.9
0.0
1.2
204.7
663.1
1239.0
1189.4
1397.5
1355.4
1488.7
1697.8
956.3
298.8
24.8
0.0
0.0
224.5
853.9
1563.1
2072.7
2376.6
2433.8
2239.2
1820.7
1177.2
184.0
39.1
0.0
0.0
162.8
877.0
1559.9
2054.1
2346.1
2410.8
2224.8
1831.0
1220.4
169.6
30.2
0.0
0.0
197.9
872.9
1551.7
2046.0
2329.7
2394.2
2225.9
1834.9
1213.9
168.9
32.6
0.0
0.0
161.8
694.8
1211.5
1361.3
1969.2
2340.9
2170.2
1803.8
1184.2
198.8
37.9
0.0
0.0
98.5
503.1
651.7
687.6
1574.4
1735.8
1215.9
1313.4
974.9
244.9
35.4
0.0
0.0
93.2
791.3
1040.5
1746.8
2007.0
2235.6
1789.6
1242.5
916.4
322.2
36.6
0.0
0.0
52.6
64.9
436.8
838.7
675.6
1009.5
425.2
400.1
203.1
150.0
19.0
0.0
0.0
103.4
336.3
751.5
466.3
1291.5
1892.9
2231.8
1795.3
1379.0
218.4
37.5
0.0
0.0
131.7
813.8
1492.3
1956.6
2249.3
2253.3
1800.1
1270.3
706.1
243.4
30.0
0.0
0.0
178.4
718.2
1441.8
1935.0
2195.2
2350.6
2121.6
1793.3
1163.0
163.4
37.0
0.0
0.0
159.0
819.8
1506.7
2000.7
2279.1
2348.3
2186.3
1790.2
1143.7
178.0
36.0
0.0
0.0
156.5
831.6
1509.9
2010.6
2305.3
2367.1
2188.4
1796.9
1140.3
200.5
35.7
0.0
0.0
146.4
785.6
1414.3
1920.1
2232.8
2309.2
2147.4
1753.5
1065.3
254.1
34.3
0.0
0.0
150.4
805.2
1459.2
1951.5
2250.2
2329.0
2166.0
1784.0
1085.1
243.2
26.8
0.0
0.0
144.6
737.9
1327.9
1791.7
2054.3
2230.6
2139.2
1699.4
866.5
296.5
26.6
0.0
0.0
124.8
762.7
1425.1
1893.7
2156.7
2203.6
2027.1
1609.8
975.9
271.7
24.7
0.0
0.0
46.2
329.2
365.7
651.1
750.8
518.2
320.3
279.8
134.3
30.8
2.2
0.0
0.0
40.4
643.3
1308.5
1463.3
1600.4
1050.3
856.4
627.3
517.6
245.4
19.1
0.0
0.0
130.7
723.0
1375.0
1872.5
2160.3
2247.0
2091.9
1222.9
398.9
214.9
24.3
0.0
0.0
104.0
473.1
991.9
784.9
787.8
1102.7
830.1
348.9
352.6
70.4
2.7
0.0
0.0
15.9
81.5
126.7
174.9
254.3
121.3
214.5
199.0
146.1
53.8
1.9
0.0
1.2
13.6
192.1
652.5
2112.3
1523.9
1413.7
1192.4
1260.9
650.5
304.3
28.5
0.0
0.0
112.5
709.5
1352.9
1839.9
2144.0
2227.1
1457.5
1278.2
992.7
319.3
30.1
0.0
0.0
117.9
715.4
1375.2
1882.6
2186.9
2242.9
2069.4
1681.2
932.7
274.6
20.6
0.0
0.0
91.6
504.2
1274.9
1373.2
1844.7
2192.8
1346.5
675.3
240.2
20.9
1.2
0.0
0.0
32.6
119.4
227.5
623.3
483.4
317.4
237.6
132.7
100.4
67.3
2.8
0.0
0.0
125.6
616.4
1295.5
1703.7
1876.6
1701.6
1727.7
1492.1
926.2
163.2
10.2
0.0
0.0
75.0
319.0
1165.5
1731.0
1933.7
2162.9
2150.4
1530.0
890.3
318.4
36.9
0.0
0.0
88.4
422.1
993.1
1399.2
1652.8
684.2
164.2
103.0
122.6
62.2
5.7
0.0
0.0
55.0
337.3
638.6
1314.0
1779.9
1153.4
898.0
672.7
421.2
147.8
13.7
0.0
0.0
35.4
154.2
353.3
866.6
984.0
1285.5
1194.9
916.4
520.8
210.5
20.1
0.0
0.0
40.2
246.3
397.7
599.7
678.0
1106.0
1092.8
552.1
340.9
89.6
8.7
0.0
0.0
40.1
240.0
712.2
996.3
895.7
1105.9
1038.7
551.0
245.2
161.7
20.9
0.0
0.0
59.1
544.6
793.6
1485.1
1892.4
1213.5
605.0
658.1
874.1
405.5
44.5
0.0
0.0
67.2
603.5
1230.7
1737.7
1983.9
2022.6
1931.6
1575.9
870.5
329.0
28.7
0.0
0.0
77.9
622.4
1222.0
1723.7
2023.1
2102.9
1955.7
1594.6
840.7
288.7
34.1
0.0
0.0
70.3
654.4
1285.4
1769.5
2078.9
2149.3
2004.7
1650.7
885.2
316.7
33.0
0.0
0.0
69.7
636.6
1267.1
1751.1
2043.5
2112.2
1882.6
1587.5
932.0
305.9
30.2
0.0
0.0
50.7
455.5
1050.3
1688.6
1992.6
2081.8
1952.3
1605.6
870.1
198.2
29.9
0.0
0.0
66.1
630.9
1285.3
1797.9
2111.1
2222.8
2068.4
1680.7
905.1
293.4
37.0
0.0
0.0
74.3
650.5
1256.0
1423.8
1402.4
799.6
326.5
158.3
221.3
30.6
3.0
0.0
0.0
27.5
570.7
1359.0
1723.6
2004.9
2278.1
2111.4
1254.7
762.7
290.0
25.5
0.0
0.0
4.3
49.0
128.4
288.2
502.7
605.8
831.4
667.8
449.2
179.7
18.3
0.0
0.0
59.6
306.3
699.5
1517.3
2189.8
2015.2
1015.2
1427.3
1086.3
320.3
50.3
0.0
0.0
47.7
287.9
479.1
729.2
1226.4
904.0
765.5
513.4
230.2
91.2
24.6
0.0
0.0
21.8
158.0
177.4
513.0
841.7
878.7
1102.5
1069.1
514.2
21.7
17.7
0.0
0.0
64.5
670.3
1285.1
1759.7
2248.5
2334.3
2126.5
1771.5
1086.1
358.2
56.4
0.0
0.0
68.8
507.9
889.8
1016.1
1071.1
1377.4
874.4
661.2
531.4
163.0
24.2
0.0
0.0
73.2
629.8
1091.9
1850.1
2190.0
2285.5
2140.3
1779.4
1187.1
200.0
52.2
0.0
0.0
75.4
643.9
1313.5
1818.7
2136.7
2255.5
2119.6
1767.8
1070.2
288.9
55.8
0.0
0.0
41.7
100.7
510.2
571.2
879.0
1945.3
1172.6
731.6
218.1
63.5
7.7
0.0
0.0
58.4
129.9
135.9
333.4
300.9
362.5
332.8
295.8
192.8
53.5
6.0
0.0
0.0
3.2
48.1
85.2
91.0
174.7
307.8
336.4
202.8
221.0
131.4
14.6
0.0
0.0
9.5
144.7
474.7
357.5
529.3
425.7
640.9
337.3
246.7
101.1
15.7
0.0
0.0
61.6
534.5
1478.4
1114.1
1701.8
2309.3
2167.2
1820.4
1255.7
216.5
50.4
0.0
0.0
60.9
695.3
1350.3
1887.1
2212.8
2319.9
2189.4
1837.0
1164.4
255.8
54.7
0.0
0.0
51.9
270.9
669.4
552.5
947.8
1135.5
416.8
341.7
121.0
43.3
3.6
0.0
0.0
126.3
744.9
917.8
490.6
907.2
2054.5
1684.3
1740.7
1092.7
277.5
34.3
0.0
0.0
23.0
113.8
380.4
799.1
665.6
541.0
375.3
231.5
142.5
62.7
6.6
0.0
0.0
40.9
224.9
845.0
1556.1
2343.6
2351.8
2206.6
1843.0
1292.8
306.9
59.7
0.0
0.0
97.9
675.6
1393.8
1926.0
2259.7
2356.4
2235.5
1876.6
1321.4
255.7
57.4
0.0
0.0
64.5
380.4
793.7
1650.4
2116.9
2161.1
1982.1
1217.3
569.7
109.0
22.0
0.0
0.0
97.4
650.7
1321.3
1831.9
2136.9
2256.8
2144.8
1780.9
1052.5
227.6
57.4
0.0
0.0
92.2
599.2
1309.4
1786.7
2207.9
1599.5
1941.2
1744.4
1161.7
325.0
66.0
0.0
0.0
99.0
626.4
1323.0
1847.8
2165.2
2265.3
2148.4
1813.7
1233.0
295.2
66.2
0.0
0.0
80.0
615.2
1316.2
1845.6
2178.6
2288.6
2172.5
1805.8
1242.9
292.3
69.0
0.0
0.0
102.0
648.8
1374.9
1890.5
2193.8
1731.4
2238.7
1839.1
1240.1
255.5
70.6
0.0
0.0
96.1
655.1
1180.9
1737.9
1981.3
2219.8
2029.3
1881.0
1091.4
421.1
94.7
0.0
0.0
112.7
616.1
1299.7
1785.4
2166.4
2315.3
1856.3
1368.3
1101.0
375.1
63.6
0.0
0.0
69.6
208.1
970.8
1847.1
2151.6
2267.5
2148.4
1842.2
1270.0
393.5
77.8
0.0
0.0
141.8
362.0
1062.9
536.7
597.7
413.4
508.6
869.5
972.1
371.2
68.8
0.0
0.0
48.3
207.1
521.3
870.8
1030.6
1307.9
1301.5
644.1
420.8
248.5
45.4
0.0
0.0
61.3
217.7
185.4
183.2
682.0
363.3
817.9
536.0
404.9
253.3
31.9
0.0
0.0
145.5
496.8
757.7
1025.2
925.1
931.9
977.2
524.2
140.2
111.8
5.9
0.0
0.0
42.8
165.7
495.8
842.6
1360.1
1324.8
1209.5
1089.0
775.5
362.2
88.7
0.0
0.0
85.2
397.1
678.9
1351.7
1449.4
1646.4
2078.0
1242.8
981.3
511.7
70.1
0.0
0.0
82.6
543.5
749.5
1308.1
2276.3
2494.5
1214.7
690.1
895.1
366.9
73.0
0.0
0.0
156.4
665.8
1460.4
1992.8
2221.1
2447.5
2334.3
1980.2
1441.8
490.2
66.2
0.0
0.0
126.0
714.4
1514.0
2052.1
2390.5
2481.2
2361.7
2005.8
1477.9
513.1
70.2
0.0
0.0
155.1
764.6
1516.1
1933.6
2243.0
2480.1
2090.6
2041.9
1489.3
532.9
65.3
0.0
0.0
182.3
785.2
1565.7
2110.4
2450.4
2567.0
2447.6
2083.6
1517.9
548.8
67.9
0.0
0.0
162.4
789.7
1567.9
2096.9
2585.2
2627.6
2443.5
2081.4
1531.6
562.2
73.2
0.0
0.0
177.7
805.9
1581.7
2120.9
2470.4
2581.2
2455.3
2096.7
1528.0
608.7
77.3
0.0
0.0
100.4
811.1
1552.9
2109.8
2470.3
2593.0
2462.8
2098.3
1529.4
648.0
85.4
0.0
0.0
193.8
721.8
1499.6
2133.2
2484.3
2605.0
2419.7
2047.5
1538.8
683.6
84.3
0.0
0.0
168.2
807.5
1535.6
2074.7
2422.7
2547.6
2433.2
2066.1
1506.3
704.1
89.6
0.0
0.0
160.6
808.6
1534.4
2071.1
2406.0
2526.9
2409.2
2060.0
1499.3
704.6
99.6
0.0
0.0
162.3
783.0
1479.5
1994.9
2283.6
2441.3
2309.9
1937.5
1378.1
713.5
129.8
0.0
0.0
39.7
137.3
265.6
312.3
343.9
375.4
261.7
123.6
96.0
74.1
17.7
0.0
0.0
32.2
202.0
760.1
1204.2
1255.7
2113.7
1952.0
1678.5
1036.8
317.7
23.9
0.0
0.0
181.4
447.2
338.9
1244.4
1101.2
829.8
639.7
618.8
398.3
151.8
7.6
0.0
0.0
52.5
104.9
198.8
357.1
277.7
352.3
493.5
603.2
586.7
310.8
95.0
0.0
0.5
32.5
168.0
257.7
351.8
606.2
683.1
643.7
880.1
669.2
281.5
27.8
1.8
5.2
82.2
426.5
535.8
2283.2
1660.4
2663.5
2288.8
1444.0
973.4
527.7
111.7
0.0
1.3
122.9
456.4
564.7
639.4
635.6
689.1
471.5
575.3
214.4
68.2
27.8
0.0
0.0
67.0
181.4
281.4
342.6
484.9
725.4
645.6
379.7
63.2
102.6
33.2
0.0
0.0
28.8
77.4
124.9
244.4
421.9
254.9
392.2
332.3
254.6
97.9
10.7
0.0
0.0
79.0
370.7
566.3
1731.6
2720.6
2860.0
2668.1
1935.8
1273.4
827.5
294.3
0.0
1.8
307.1
1158.0
1882.4
2419.6
2759.4
2875.1
2733.0
2337.1
1744.9
1007.5
250.9
0.0
2.2
119.0
427.5
705.0
1141.4
1384.0
1708.0
1251.6
1214.5
742.9
387.0
141.9
0.0
5.1
258.6
1145.6
1835.8
2408.9
2783.7
2899.0
2758.1
2370.9
1783.3
1042.6
264.5
0.0
5.8
350.5
1179.5
1894.7
2440.2
2785.6
2905.4
2677.4
1858.3
1730.6
1032.8
288.9
0.0
4.0
223.4
1197.0
1948.0
2492.6
2821.4
2926.7
2787.9
2402.0
1808.2
1053.2
267.7
0.0
7.3
364.4
1203.2
1935.7
2496.2
2832.3
2939.2
2799.2
2408.1
1816.4
1075.8
279.1
0.0
5.2
202.2
1201.5
1940.4
2472.8
2807.0
2894.0
2749.8
2331.2
1759.8
1022.9
262.6
0.0
11.3
322.7
1055.0
1715.8
2279.2
2601.7
2698.4
2577.1
2187.9
1607.9
864.1
163.1
0.0
14.1
316.8
1033.5
1720.1
2246.6
2544.5
2661.9
2552.6
2278.2
1514.7
791.6
288.5
0.0
2.5
73.4
169.8
249.2
539.0
865.6
694.3
619.3
460.2
284.9
147.8
50.3
0.0
4.8
73.5
217.9
358.8
380.0
653.1
529.0
447.8
338.8
215.1
132.0
32.2
0.0
7.9
161.0
388.7
630.4
1338.6
1532.4
1627.0
1527.9
930.1
894.0
889.1
112.3
0.0
14.0
336.2
1246.5
1923.2
1552.4
2233.3
1859.7
2665.1
1604.9
1574.8
813.6
201.7
0.0
7.5
101.0
198.4
372.8
517.3
726.3
863.7
1119.0
747.7
595.8
386.6
71.6
0.0
8.5
147.9
407.7
770.2
1087.5
1159.6
958.6
1093.6
878.8
596.5
246.5
75.2
0.0
7.6
46.6
110.8
189.9
368.2
1180.6
2238.0
1634.8
615.9
121.9
255.0
134.0
0.0
1.0
42.4
119.5
183.1
155.0
225.9
128.1
393.0
149.7
152.2
44.6
13.2
0.0
4.9
125.4
126.1
218.2
285.8
267.3
394.4
528.9
438.5
226.1
106.6
34.0
0.4
0.9
19.2
53.3
185.6
166.1
191.0
283.7
187.9
163.3
125.9
113.9
29.7
0.0
11.4
140.4
1016.1
1751.3
2282.6
2578.8
2674.6
2583.1
2194.6
963.6
304.0
79.1
0.0
36.4
401.3
1155.9
1920.8
2148.2
2658.9
2831.8
2693.5
2287.6
1699.2
962.2
207.4
0.0
41.3
401.3
1199.6
1871.9
2330.6
2100.1
2562.7
1480.8
1178.0
1666.0
920.4
271.3
0.0
36.9
376.1
1097.7
1766.5
2294.8
2658.1
2763.3
2623.8
2168.7
1576.8
912.7
270.4
0.0
48.3
352.4
664.3
704.5
1141.0
1977.8
2097.9
1561.0
972.2
183.5
170.4
66.5
0.0
24.7
227.4
670.8
1398.7
1477.8
1741.7
1558.3
566.7
247.0
157.4
126.0
21.0
0.0
7.1
136.3
226.2
564.1
498.5
957.8
1612.7
2020.3
1188.5
913.1
323.4
85.7
0.0
11.1
152.7
397.4
701.8
600.4
167.1
310.8
414.4
509.2
363.7
99.7
38.7
0.0
60.1
457.5
901.2
2039.6
2602.0
2934.2
3085.1
2949.8
2504.7
1857.3
1104.9
347.7
0.0
60.8
519.2
1434.1
2170.6
2712.3
3033.4
2804.7
2734.5
2482.4
1325.4
405.0
94.8
0.0
42.5
211.6
527.9
657.1
964.1
832.9
1058.8
1000.9
850.1
482.5
288.8
133.3
0.0
58.8
239.3
347.2
476.5
1179.7
1869.0
1964.9
1876.0
2229.7
2120.3
1287.4
491.3
0.0
80.6
758.1
879.7
2031.0
2082.8
1915.5
2144.1
1775.9
1455.8
781.9
367.5
147.0
0.0
50.9
283.8
636.8
1438.5
1412.1
2021.3
971.8
1786.1
1512.6
1703.6
726.7
291.7
0.0
63.2
593.3
1301.8
1629.1
2099.4
2119.9
3318.0
3125.6
2648.8
1968.2
1252.6
260.4
0.0
62.8
726.2
1568.9
2244.3
2865.7
3189.2
3244.0
3074.3
2552.4
2015.6
1285.8
398.7
0.0
78.5
589.2
1408.0
2149.6
2690.4
3027.5
3088.0
2909.2
2509.0
1910.0
1113.4
299.3
0.0
61.8
242.6
270.7
828.4
1582.4
1536.3
875.5
235.1
215.0
526.2
363.5
36.2
0.0
45.7
195.8
149.9
1131.8
1505.9
1069.8
1395.9
965.2
540.6
495.0
316.1
118.0
0.0
115.6
781.9
1110.6
1447.6
1432.9
1103.6
1601.3
2087.2
2061.2
1156.2
627.2
234.9
0.0
80.3
286.9
1562.9
2064.7
1696.3
1421.7
772.5
2894.2
2469.5
1131.7
116.4
9.3
0.0
136.1
799.4
1593.7
2288.4
2806.2
3112.1
3270.1
2917.7
2500.4
1859.8
1117.3
390.1
0.0
150.1
645.6
1137.7
1473.7
1551.7
1974.6
2149.0
1753.7
1154.9
1265.2
669.0
72.7
0.0
134.8
631.1
939.4
1241.8
646.9
804.6
780.3
414.8
317.6
204.6
99.6
41.6
0.0
57.6
60.9
131.3
169.1
269.8
235.9
426.6
882.0
797.5
543.7
398.0
92.1
0.0
28.9
133.4
295.2
597.2
686.2
1040.6
1700.4
2902.9
1647.0
943.5
1040.4
394.8
0.0
45.3
185.2
438.0
502.5
613.2
576.9
766.0
605.2
524.5
451.0
290.9
125.9
0.0
130.6
788.1
1341.9
2175.7
2591.6
2883.4
2999.7
2722.1
2279.5
1289.5
433.5
24.2
0.0
34.1
65.8
209.8
281.5
178.3
249.6
363.5
367.7
757.1
583.0
537.5
184.2
0.0
60.3
191.2
192.1
206.8
175.2
327.9
295.0
205.1
153.9
131.3
76.1
77.9
0.0
232.3
1086.1
1897.1
2620.3
3151.4
3473.1
3615.4
3302.7
2388.1
1658.7
570.1
240.4
0.0
185.1
558.7
1988.8
2670.9
3199.1
3495.7
3545.2
3350.1
2899.9
2235.9
1423.8
567.2
0.5
144.9
270.9
1228.4
2106.1
2321.1
2866.1
3473.2
3314.0
2885.7
2238.2
1419.7
550.9
0.9
86.0
268.7
361.9
445.2
748.9
1142.7
1353.8
1805.5
1154.1
1036.3
391.0
155.9
2.9
303.0
1019.2
1887.3
2658.5
3219.2
3524.5
3563.4
3363.4
2835.0
2262.3
1140.9
269.0
1.0
121.0
606.6
1903.7
2630.6
3283.7
3373.2
3548.7
3171.5
2003.8
1560.3
1186.9
595.0
3.2
140.6
284.2
915.8
2078.8
3445.3
3151.7
3099.4
3404.9
2968.5
2312.4
1499.3
418.2
12.5
366.6
1218.5
2052.8
2699.7
3402.2
3690.9
2186.3
1169.7
1392.2
1174.3
729.1
368.9
4.4
301.0
1167.8
1724.7
2684.7
2265.6
2472.9
2852.6
2937.4
2558.7
1839.8
1171.5
461.8
3.9
153.1
748.8
1095.3
1996.4
3323.9
3545.2
2663.8
3051.5
1633.5
925.8
643.1
334.3
5.4
270.8
1190.8
2050.4
2792.1
3375.1
3565.0
3597.4
3363.7
2884.8
1917.3
1149.8
311.0
9.8
352.6
1186.1
2010.2
2730.0
3251.8
3537.6
3603.6
3412.2
2809.4
1547.4
1266.9
603.4
4.0
107.7
249.1
1225.5
1352.9
2348.9
1599.9
941.5
1080.9
1071.7
665.9
272.6
127.5
2.5
128.9
629.8
1897.1
2331.8
3254.4
3442.3
3380.8
3151.7
3036.1
1953.0
1270.8
491.2
6.5
325.1
1139.6
1375.7
2607.0
3174.0
1890.0
2601.3
1302.0
1164.1
1177.1
749.9
456.7
5.4
207.3
416.8
851.4
2358.6
2187.5
2583.2
933.4
1756.3
1670.7
1994.4
1297.7
202.9
15.4
254.8
1032.4
1316.9
2687.1
2906.6
2717.7
2451.0
3204.6
2346.1
1650.1
988.1
337.4
4.2
26.0
184.2
615.9
2761.6
3335.6
3459.7
3735.0
2630.8
2953.9
2284.5
1577.4
710.0
16.8
493.4
1342.9
2165.0
2855.1
3380.6
3653.1
3683.2
3475.3
3018.1
2369.3
1553.0
718.0
32.5
461.7
1071.4
1598.7
2228.0
2363.0
2714.6
2248.2
1717.6
1257.4
847.5
474.9
125.0
17.3
246.5
754.3
1048.2
2488.1
2563.5
2058.6
2665.2
2449.5
2535.8
1396.0
492.2
285.2
5.4
77.8
331.6
871.2
1295.2
1800.0
2372.4
1001.5
1109.4
1971.0
794.7
294.6
91.2
18.9
201.6
560.0
1822.5
2736.9
3106.8
3628.7
3800.7
3300.1
2892.4
2349.6
943.6
368.7
24.5
308.1
847.3
1270.7
2338.8
3475.3
3820.6
4065.0
2843.8
2917.5
2459.4
1458.5
359.1
32.0
344.7
1282.0
2311.8
2977.9
2373.4
3928.7
2491.0
394.3
565.4
1077.8
735.7
294.1
19.1
370.8
1643.2
2293.6
2716.5
3221.9
2381.6
3780.8
3494.7
1942.1
679.3
337.8
254.2
18.2
549.3
1480.0
2194.4
1973.1
3638.6
1988.9
1102.2
1183.5
2203.1
2467.6
1738.5
662.9
21.0
585.6
1447.3
2263.9
2965.2
3390.2
3208.7
3497.9
3139.5
3083.7
2461.9
1656.3
762.0
29.6
216.2
1218.8
2252.6
3022.0
3511.6
3648.2
3763.7
3510.6
3053.5
2431.7
1633.2
720.4
34.2
353.2
1117.6
2097.3
2787.9
3294.1
3650.9
2911.7
3197.9
2885.0
1875.6
441.9
144.6
13.8
215.7
275.0
738.4
611.7
824.4
427.8
142.2
151.8
274.0
370.9
202.2
104.6
13.0
68.9
206.1
322.3
459.6
621.4
1172.7
1782.0
2486.5
1397.7
1356.3
892.0
403.1
31.1
277.6
402.4
554.3
842.5
676.6
715.4
687.6
1003.4
768.5
1186.8
1456.6
359.8
32.3
143.4
475.2
813.8
2615.0
2990.6
2838.4
1956.1
1811.3
2003.2
1690.2
443.7
200.1
41.1
320.8
1019.8
1857.6
2000.2
3118.5
3269.8
3345.8
2110.4
2739.7
654.9
1278.5
335.2
47.2
561.8
1396.4
2235.0
2897.9
3410.9
3670.5
3707.0
3491.6
3058.8
2475.8
1239.8
849.5
61.4
541.1
1326.3
2149.0
2655.8
2477.1
3440.3
3537.4
2212.5
1490.2
649.9
51.5
138.0
47.6
644.4
1252.1
1325.8
1220.5
2957.7
3631.7
3583.3
2962.6
2325.3
1156.5
527.8
288.9
64.6
587.7
679.3
1527.0
2336.6
3503.1
3794.0
3729.6
3614.8
3166.2
2513.8
1712.2
563.4
22.3
310.1
1250.1
1963.5
2164.9
1991.8
1236.0
1006.4
750.4
495.0
317.2
216.2
112.9
3.3
88.2
0.0
337.3
1344.8
1083.3
1899.3
1743.9
1371.4
1301.1
818.4
402.5
243.0
40.7
513.6
1563.1
2280.4
3016.2
3562.5
3742.7
3636.6
2324.8
2055.2
434.6
240.6
192.9
36.8
546.4
1460.9
2289.1
3004.9
3747.1
3432.5
1400.8
2098.6
1503.3
1467.5
701.0
332.2
85.1
639.6
1045.2
1688.5
2053.9
1638.5
2222.8
3822.0
3678.6
815.8
353.1
214.0
137.7
39.5
598.1
1456.8
2231.9
3058.5
3538.2
3825.6
3875.8
3671.5
2745.8
2298.1
1936.2
894.4
39.9
154.1
856.5
2382.7
1975.3
3361.6
3828.4
3885.3
3679.7
3239.4
2581.0
1885.0
989.7
24.2
160.5
587.3
987.9
1861.5
1691.2
1488.0
2038.0
2953.9
3171.3
2571.1
1736.4
945.3
32.2
465.1
1256.0
2050.8
2946.1
3005.3
3488.6
3601.7
3697.6
2946.3
1483.9
524.2
167.1
62.5
123.8
660.9
1442.8
976.5
1895.0
860.5
799.6
655.9
698.3
344.4
188.4
74.2
38.0
256.7
597.3
2388.2
3052.9
3493.2
3737.9
3747.2
3541.8
2865.8
2455.6
1324.7
491.5
71.8
313.3
240.1
751.6
1948.5
2916.3
2336.3
2048.3
1991.0
1382.9
1183.6
711.2
309.6
96.4
682.9
1442.2
1568.3
2928.4
2865.3
3808.4
3724.9
2973.9
1670.4
329.6
20.3
53.2
30.7
111.9
478.9
969.9
842.0
982.5
910.2
892.4
1049.6
785.5
380.6
365.8
213.5
39.8
239.2
638.0
1380.8
970.2
1972.9
3101.4
3127.3
3552.5
2692.7
2407.4
1645.3
800.0
7.6
54.5
915.0
1413.1
1821.8
1567.6
2320.3
2001.2
1446.7
1032.9
982.4
925.6
360.1
44.3
368.6
1450.7
2339.7
3023.9
3487.0
3849.3
3692.1
3198.9
2901.9
1798.7
1635.1
467.3
21.6
115.0
200.8
286.0
457.6
475.7
626.8
965.3
781.8
709.7
545.8
294.8
66.0
3.5
65.0
199.8
276.6
451.2
401.4
626.4
558.7
408.2
443.7
303.5
165.0
81.2
14.3
146.9
380.5
442.3
667.5
1016.3
962.8
830.8
1028.5
840.6
1040.2
680.7
278.5
110.6
706.4
1101.8
1937.6
3056.3
3538.7
3783.0
3835.4
3411.1
1469.7
2195.9
1811.7
905.1
94.0
420.1
784.9
1921.5
3021.5
3523.4
3770.4
3776.1
3275.7
1121.5
909.7
668.5
313.8
88.3
701.0
1553.1
2377.8
3155.3
3593.6
3702.0
3881.2
3699.4
2730.6
1250.9
487.7
299.8
89.9
731.0
1577.3
2330.0
3009.3
3481.1
3728.5
3757.1
3573.0
3165.1
2556.3
1801.9
931.7
81.8
612.1
1247.0
1767.2
2879.4
3378.3
3263.0
2911.3
2419.4
1448.6
189.9
72.7
11.6
85.8
697.6
1516.8
2305.7
2963.3
3458.3
3728.8
3758.5
3562.1
3148.8
2524.0
1834.7
988.8
108.3
795.6
1517.6
1994.4
2445.7
2881.2
3781.4
2851.5
957.1
648.0
868.3
901.4
206.1
3.4
20.9
113.8
118.7
92.2
118.0
384.1
821.3
3024.9
2864.0
2656.8
1916.7
601.5
92.1
698.7
868.7
1672.9
2002.1
2224.2
2542.3
3371.2
3550.8
3179.6
2580.3
1223.9
732.1
6.1
150.0
508.1
370.3
1024.3
2265.1
966.0
593.4
1075.5
904.3
772.3
567.6
170.2
68.2
298.5
1119.9
2184.5
2773.0
3349.4
3779.7
3725.8
3621.4
2779.6
1439.1
630.0
450.5
34.5
633.5
1516.1
2107.1
2113.6
3161.7
3275.8
3548.9
2810.4
2299.8
1252.7
539.1
342.7
57.2
447.7
1324.1
1761.8
2079.1
2115.6
1167.9
1096.9
1005.6
1460.8
1207.2
605.6
199.8
22.3
124.6
274.3
879.9
495.9
759.2
1737.1
1458.3
1433.5
1664.3
1385.9
675.5
176.2
42.8
326.9
686.6
733.8
1619.4
1704.3
2637.5
2766.2
2321.8
1445.3
1210.1
579.1
188.7
20.3
237.7
1314.7
1308.6
1692.1
1383.8
1460.1
1478.2
2274.0
2974.9
2590.4
1283.7
305.2
11.8
95.0
288.5
383.3
1560.3
1585.0
2147.2
3399.5
2082.4
1364.0
1262.4
921.6
319.0
20.4
312.3
759.0
1090.1
2089.3
2456.2
934.6
3329.2
3863.7
3365.6
2761.7
2080.3
1262.9
54.4
656.3
837.2
609.5
316.3
1051.3
2738.1
3241.5
2110.1
1771.5
1622.9
875.9
541.0
10.8
63.0
108.2
581.2
541.2
1735.4
997.7
709.4
800.8
491.1
588.8
810.4
289.3
36.7
400.0
703.7
1791.3
1739.2
1891.6
1347.4
2458.9
1568.4
1242.4
633.7
248.6
98.4
65.1
757.3
1110.2
2286.4
1847.7
2521.1
3388.4
3470.6
3528.0
1638.5
776.8
146.8
129.7
51.1
575.2
1415.0
2201.2
2889.9
3411.0
3712.7
3779.6
3633.7
3244.3
2360.0
2059.5
1055.5
32.7
278.6
338.1
1231.4
1535.8
1595.3
2010.2
1892.3
2038.2
2613.3
1293.7
611.1
177.8