y
59.3
347.1
583.5
1613.0
2476.6
3052.3
2596.1
1158.0
2711.5
2536.4
491.1
435.5
199.5
113.4
425.3
1308.5
1520.3
1876.6
1057.4
1538.6
1366.7
2765.8
1900.8
1338.5
666.6
131.3
58.8
347.1
665.9
1463.1
1101.2
1011.4
562.3
648.9
649.1
266.1
528.8
592.3
136.7
90.0
352.7
1468.3
954.4
2245.0
1547.0
837.1
1592.7
3189.7
2637.0
1860.3
763.5
79.8
48.8
312.0
758.3
1218.1
1937.1
1808.5
3046.8
3314.9
2510.0
1081.5
868.9
566.0
128.5
76.2
364.2
868.2
995.5
1001.5
2428.1
2561.1
2843.2
3102.8
2667.9
2055.1
1025.4
105.7
66.3
250.6
1298.8
1250.2
1368.5
975.8
1294.5
1840.1
2937.3
2496.3
1936.5
1016.4
112.4
35.6
145.6
1373.4
1759.9
3026.0
3445.7
3676.3
3461.7
3334.3
2808.7
2085.3
1099.1
95.1
33.7
173.3
941.0
2686.7
1414.5
3584.4
3772.9
1480.7
1756.5
1572.4
1182.2
1087.3
103.6
34.8
245.4
533.6
1645.3
2878.8
3690.4
3007.1
1859.8
2015.2
2081.7
2039.7
1069.5
109.7
34.6
223.3
1161.8
1942.9
2715.8
2734.1
3018.1
3596.4
3300.9
2709.4
1999.5
1050.1
104.5
42.4
263.0
1460.5
2145.0
2872.2
3297.7
3807.3
3635.8
2838.0
2764.9
2096.1
1104.8
85.5
31.3
164.7
1523.1
915.9
2936.0
3534.0
3836.9
3661.4
3352.1
2810.4
2132.3
1116.2
97.5
45.1
202.0
1468.0
2372.1
3005.2
3521.8
3415.7
3097.0
2941.5
2745.1
2170.7
1125.8
92.9
27.5
139.5
1411.0
2336.1
3011.0
3421.6
3607.6
3453.6
3185.6
2793.6
2134.5
1108.2
100.7
25.3
238.2
996.1
1932.8
2922.2
3388.5
3779.7
3583.0
3271.5
2719.6
1977.7
1037.7
135.7
38.5
190.8
1316.9
808.0
790.9
710.0
1544.8
3415.1
2634.8
2528.4
2005.4
994.1
129.1
30.9
182.3
1319.8
2482.1
3034.0
3439.0
3609.1
3488.7
3192.0
2723.9
2093.0
1062.1
120.6
30.4
187.7
1052.9
1836.8
2339.3
3512.2
3739.9
3561.7
3186.0
2716.9
2076.9
1044.5
124.8
29.0
158.5
1338.0
2328.1
2996.4
3536.3
3829.9
3721.4
3278.2
2750.4
2101.0
1065.0
120.9
71.8
375.5
1174.7
1425.3
1257.4
849.3
1305.2
2425.3
2462.1
2019.8
1701.4
787.9
143.3
26.6
206.5
343.5
263.0
306.0
286.7
178.9
99.0
127.3
289.1
385.8
263.7
54.3
3.7
49.8
115.0
492.5
902.8
1161.4
833.7
511.3
302.3
341.1
353.0
234.2
140.0
15.8
250.1
542.3
1089.5
1577.1
1868.9
2109.4
2072.0
1524.0
1183.6
803.6
235.1
43.4
17.3
159.4
590.2
1067.5
2353.3
1443.3
2418.1
3665.0
2164.4
1515.6
1033.6
540.9
134.3
22.7
261.4
425.7
612.9
1352.3
1275.3
940.2
1170.6
959.1
619.9
156.5
18.6
4.5
33.8
186.3
1234.7
1862.1
2933.1
3768.7
3827.1
3765.4
3340.4
2753.3
2059.5
984.0
136.3
21.9
172.9
850.2
1863.4
2226.8
3106.5
3328.8
3778.4
3254.5
2571.0
1979.2
966.8
135.2
28.0
154.9
1181.3
2315.3
2742.6
2568.3
3701.9
2817.2
2258.4
2778.2
1115.6
512.4
119.7
20.9
195.9
1156.1
2307.0
2034.0
3530.1
2930.0
3318.5
3312.3
2852.4
2232.3
1039.1
103.5
27.1
250.0
579.6
1505.9
3088.1
3471.8
3842.0
3526.4
3045.4
2769.4
2063.4
1017.6
109.2
10.9
279.3
993.6
951.1
1480.8
1267.0
967.4
2358.0
2180.1
2189.7
1958.4
739.7
178.0
23.7
178.5
1060.0
1702.8
1516.9
2073.4
3183.6
3712.0
3215.7
2723.9
2081.3
1009.2
108.3
18.8
235.3
1177.9
1094.5
1138.3
868.2
3333.5
3221.6
3178.1
2433.1
1796.8
840.2
170.1
25.7
269.9
463.4
2185.4
1476.5
3624.7
3765.0
3686.4
3283.9
2694.8
2051.1
801.6
156.3
19.9
177.6
1143.1
2321.1
2932.5
3365.6
3583.8
3497.9
2894.9
2683.8
2159.2
1014.8
118.9
15.0
259.9
1048.2
1807.9
2375.6
2995.8
3865.8
3522.8
2379.8
1957.9
1955.2
540.5
275.1
16.6
212.7
1195.8
2472.3
2904.8
3389.4
3786.1
3131.1
3139.4
2567.2
1740.1
844.0
155.1
12.4
173.3
847.1
1378.2
1546.6
2907.4
2591.8
3324.1
1665.2
1703.9
1362.3
823.3
172.6
17.0
245.3
460.6
971.2
1682.1
2336.6
2727.8
3040.2
3496.1
1394.3
755.7
793.3
116.6
19.4
342.5
821.2
852.3
1264.2
2310.0
2712.6
3303.4
2634.7
1079.2
764.0
434.0
110.6
13.0
230.4
772.6
834.5
1076.6
2894.1
3843.7
3737.2
3292.1
2773.5
2082.5
1007.1
96.3
23.0
206.5
890.3
1729.3
3048.9
3467.1
3880.3
3557.2
3148.5
2790.0
2072.4
1036.8
99.8
12.1
190.5
514.4
2221.3
2724.0
3391.8
3814.6
3611.9
3146.9
2667.9
2028.0
983.4
92.3
14.2
307.8
710.1
1475.7
2341.1
2926.8
2885.6
2718.3
2048.4
1392.3
1322.6
947.1
149.1
10.8
156.3
488.9
1160.9
2875.3
3458.6
3759.5
3534.8
3122.9
2670.8
2023.0
941.3
115.6
9.4
173.0
1101.5
2246.4
2932.4
3195.4
3721.6
3648.2
3201.3
2749.7
2156.3
976.7
94.5
46.6
214.3
780.2
1898.1
988.4
3007.4
3277.3
3692.3
2848.0
2673.8
1906.8
959.0
161.1
7.3
52.8
137.6
737.5
807.6
1351.2
1195.3
2130.8
745.0
1008.6
1633.4
1050.0
135.2
0.0
11.6
41.2
109.5
671.0
1613.5
2084.8
2253.5
1316.7
845.1
1331.9
961.8
119.2
28.6
296.8
887.8
2300.9
2983.6
2608.3
2280.5
3810.5
3280.6
2726.6
2087.8
947.4
97.8
15.3
290.8
548.8
1041.2
854.2
1384.0
3229.6
3175.8
2790.6
2670.2
1432.1
686.4
145.9
19.8
230.6
760.8
1698.1
1967.4
1926.5
2335.5
3543.5
3063.3
2638.7
1949.5
946.7
168.7
10.7
198.3
632.7
1362.8
1515.5
1125.6
2003.8
3468.8
3046.6
2475.7
1885.2
939.8
126.8
15.1
186.6
674.3
1142.8
1821.1
3416.2
3757.5
3415.1
2686.0
2766.8
2034.9
983.3
87.0
12.6
159.4
650.1
2282.8
3011.4
3579.3
3061.4
3481.7
2400.8
1160.9
690.1
596.0
107.4
11.4
154.3
662.7
2272.8
2963.5
3553.7
3758.8
3249.3
2950.8
2738.8
2126.9
1006.9
87.6
13.6
150.6
601.3
2169.5
1373.4
1235.0
3598.2
3648.5
3028.0
2663.7
2026.5
968.2
92.8
10.5
137.4
672.8
2035.8
748.3
1550.2
3845.1
3505.3
2995.3
2486.6
1728.3
1015.7
110.8
11.3
145.3
786.1
1057.0
938.1
654.5
1824.1
1715.7
1541.7
1253.5
828.0
348.4
59.8
9.2
243.9
648.7
2250.2
2617.7
3332.8
3829.2
3477.6
2989.6
2690.4
2034.8
977.3
80.5
11.2
248.2
589.9
530.1
1531.5
3684.7
3938.9
3572.2
3035.9
2703.6
2062.8
1004.1
71.6
14.1
194.8
786.6
2376.0
2450.5
933.0
1312.9
3300.8
2798.7
2543.0
1908.4
780.6
95.4
6.5
181.9
691.4
1387.9
1644.7
2240.4
3614.7
3505.9
3044.5
2626.6
1933.1
957.3
66.2
27.4
279.1
673.1
1443.8
2765.0
2281.2
1036.6
3170.4
2974.6
2473.6
1793.0
1003.6
58.0
4.9
165.6
415.6
506.6
304.5
739.8
2038.0
1435.8
1742.2
1379.3
693.1
336.2
71.4
0.0
7.5
17.7
97.0
325.4
481.5
995.5
1055.5
1968.0
2124.0
1873.0
994.5
70.6
16.3
358.4
656.7
602.3
226.7
831.8
1740.1
2217.6
3065.4
2608.8
1710.1
408.3
74.0
4.3
121.1
487.6
546.8
964.9
2333.1
1381.5
2394.2
1746.4
2093.3
716.8
311.8
63.5
0.6
40.6
159.4
433.1
478.1
1016.6
2184.9
2091.0
1594.5
698.8
668.3
847.2
54.4
11.0
171.2
656.1
1413.0
501.8
1239.2
3157.7
3551.8
2834.7
2445.9
1632.6
460.5
72.8
13.4
146.3
530.9
1261.2
767.4
552.5
266.6
958.6
978.2
877.6
680.5
217.6
43.8
12.0
203.4
498.4
745.8
2262.8
2277.1
3678.3
3342.7
2724.3
2514.1
1957.5
946.7
94.7
7.9
209.7
735.1
1399.6
2476.4
1994.7
2479.2
1959.0
1373.6
1012.0
646.1
259.4
59.2
8.9
145.6
653.4
2205.3
2665.8
2758.5
3586.5
2944.9
2450.0
1862.8
1308.6
723.2
68.5
15.3
233.1
807.0
2170.7
2472.4
3236.0
3693.6
3419.9
3185.3
2151.5
1928.6
888.3
100.0
11.4
224.5
870.3
1915.0
2329.5
2743.6
3783.7
3486.0
2766.4
2364.7
1881.5
925.1
89.3
7.5
202.1
782.2
1943.7
2614.9
3085.0
3321.4
3434.5
3074.1
2191.0
1095.5
290.3
45.1
1.2
23.0
26.4
403.4
658.4
1381.2
1673.2
3081.2
2663.2
1555.1
933.2
495.6
79.5
12.8
250.7
672.7
1470.0
2027.2
3220.3
3313.3
2386.4
687.6
525.3
656.3
353.6
26.6
19.7
262.0
742.3
1148.7
1742.4
2276.1
3039.5
2868.4
2606.4
2075.2
1052.7
328.2
57.4
8.6
132.3
615.5
1735.6
2311.1
3190.5
2719.8
1527.8
1363.7
1417.3
689.1
269.8
43.4
2.1
59.1
76.2
119.8
283.5
409.6
629.5
974.5
430.2
191.6
266.8
177.5
39.0
5.0
69.7
175.6
476.9
761.5
1535.7
2157.7
1364.8
841.3
422.6
503.8
292.6
51.3
6.5
147.6
45.1
128.1
161.5
2133.7
2583.3
2095.9
1350.3
1832.0
1264.1
560.0
66.5
4.4
165.9
317.8
296.7
245.6
708.3
2175.4
633.1
1387.6
1598.4
1171.3
356.2
64.8
6.9
144.0
252.2
950.3
2088.5
2979.9
2612.6
2695.2
1976.9
727.7
579.1
391.0
119.1
27.4
408.3
850.5
825.6
2130.2
3302.0
3591.6
3149.9
1782.1
1550.5
1616.3
532.7
66.5
8.6
201.4
773.2
2138.0
1912.9
2057.3
2068.9
3292.1
2583.4
1576.2
1264.5
612.1
38.9
6.2
168.0
694.9
1939.8
2532.6
3183.7
3101.4
1827.9
2082.9
972.8
1019.2
339.2
52.9
15.0
201.3
1083.1
1929.2
1589.4
3000.0
3420.5
3162.4
2357.6
2384.8
1739.9
607.6
42.6
13.6
182.5
762.6
1851.5
2772.7
3153.8
3454.4
2598.8
2546.4
2223.3
1685.6
703.2
45.1
10.7
196.3
1064.5
1972.8
2242.6
3139.6
3504.6
2681.0
2090.0
2441.1
1738.8
778.8
26.7
8.2
112.0
704.8
1029.1
1494.3
3204.1
2733.5
2593.3
2875.8
2445.9
1720.8
758.2
26.1
6.1
114.8
1102.3
2115.7
2747.0
3245.9
3388.1
3043.1
2793.0
2405.9
1652.5
711.8
28.3
8.4
138.7
974.5
785.8
691.4
2435.9
3448.5
3101.5
2826.1
2199.8
894.9
401.6
75.3
3.8
10.6
20.9
33.5
95.9
233.1
281.6
434.1
732.2
246.2
85.9
48.0
11.3
14.2
244.7
1159.9
2105.0
2731.9
3205.4
3375.9
3103.8
2765.5
2319.6
1591.0
663.2
24.0
6.2
305.0
626.6
571.6
366.4
1407.2
3341.8
3058.6
2693.2
2232.8
1333.5
489.2
32.4
10.0
250.6
990.0
1162.9
1990.5
1659.6
745.8
2886.2
2760.7
2303.7
1562.9
568.7
16.8
17.3
233.1
733.1
1762.5
1397.1
386.7
1375.7
2523.0
2760.3
2252.0
1519.9
521.9
22.8
21.9
232.3
586.8
821.4
1401.3
710.7
722.4
1168.5
1416.1
549.8
172.8
183.4
29.9
18.9
111.9
181.7
1643.8
1490.1
874.3
1942.0
3116.9
1498.8
1593.6
984.9
275.3
11.3
0.0
34.4
124.3
78.6
119.0
224.2
543.8
1662.6
900.1
1103.5
611.9
228.1
26.2
8.2
226.9
626.5
1067.4
1812.5
2590.3
2865.1
2420.5
2359.7
2067.4
1156.8
407.4
19.3
7.0
126.0
900.1
1206.7
744.4
1513.8
2780.2
2167.1
2771.4
2225.1
1286.2
498.6
20.7
3.8
221.6
1142.3
1969.0
2703.7
3096.5
2956.3
2914.0
2789.0
2180.5
1442.5
540.9
18.6
4.3
236.2
488.8
1173.9
2562.5
2774.5
3079.9
1436.6
2060.3
2039.1
1357.4
394.7
12.4
6.7
176.0
388.2
1911.9
1991.4
2082.4
2174.0
2957.3
2647.6
1995.4
1017.7
510.9
15.2
4.7
60.7
230.9
555.9
1596.2
1791.8
1993.3
1545.2
2497.4
856.6
878.1
438.2
16.3
10.8
149.7
173.7
138.0
168.9
205.2
311.3
194.4
537.0
749.8
607.4
281.7
15.9
13.3
268.2
737.2
998.1
2005.4
532.5
981.4
1296.2
1287.5
683.1
158.5
128.1
12.3
12.9
162.4
336.7
983.8
1863.4
2145.2
2288.9
2334.6
2465.0
1317.2
983.6
275.4
23.3
6.9
125.2
42.5
79.5
70.5
98.8
170.5
476.6
467.4
435.7
326.1
176.8
7.5
0.3
32.6
228.9
368.5
434.4
1185.3
1167.6
1555.5
1448.5
872.7
524.5
217.0
8.9
8.8
155.7
582.7
498.5
754.2
1430.1
1147.7
1693.7
2074.0
1537.4
838.2
428.5
23.1
9.8
187.6
369.3
434.3
474.9
638.9
1644.1
2256.7
903.5
857.2
942.3
387.3
5.7
5.3
141.7
242.4
293.8
460.6
567.8
927.8
616.9
480.5
584.8
347.6
249.2
8.8
6.7
179.4
674.5
1835.2
2418.4
3044.4
3155.5
2987.3
2719.2
2045.5
1030.8
293.6
6.7
9.5
121.5
432.4
612.1
1395.0
1845.3
1584.1
890.1
1082.0
788.7
856.4
209.7
12.0
12.9
173.1
899.0
1133.1
1130.1
1506.8
1718.6
1320.2
960.5
1196.9
486.4
252.4
11.3
0.5
44.4
94.2
334.3
1536.7
2141.3
2770.6
2491.9
2024.4
1915.3
963.6
443.0
2.9
1.2
149.9
370.6
2374.0
1678.0
2194.7
2758.1
1579.8
1691.6
1687.5
518.1
227.5
9.0
6.3
129.9
430.0
791.2
1670.7
2972.0
2822.0
2907.1
2622.8
2129.5
1378.6
407.9
5.3
2.6
152.9
360.6
412.7
1352.6
855.6
1868.2
1069.8
1278.4
1291.7
658.3
197.1
3.2
7.6
189.3
635.1
1034.6
2264.6
2632.4
2886.0
2818.9
1527.5
1483.4
797.9
172.2
6.8
0.0
43.0
236.7
758.7
1531.0
1799.1
2204.7
1719.5
1138.0
1377.1
607.7
167.2
6.6
4.9
192.7
517.4
1108.5
1716.1
2311.0
2867.5
1859.5
1303.4
1618.1
521.4
235.3
4.7
5.6
142.6
640.6
1511.0
1470.5
825.6
309.5
1516.5
397.3
615.7
521.7
165.7
2.7
0.5
57.8
216.0
551.4
672.5
838.5
530.1
653.5
685.6
497.1
268.8
99.7
4.7
0.0
41.2
134.2
307.4
419.4
516.5
680.8
775.0
564.1
356.5
272.8
70.0
0.3
3.9
103.0
789.2
880.2
812.2
1598.0
1589.9
1345.3
514.4
308.5
528.1
87.2
2.0
8.8
198.9
513.2
1626.8
1873.2
2664.2
3221.0
2492.7
1839.2
1479.7
475.4
107.4
11.3
0.2
66.3
268.1
442.5
1239.9
1181.3
1208.6
1875.1
1252.0
668.7
301.7
137.1
13.5
5.9
188.8
687.6
1015.6
1652.2
2034.4
1949.3
2766.4
2426.8
1961.3
916.4
394.5
11.2
3.8
124.0
556.9
1369.7
2163.8
2528.8
2526.8
1723.8
1957.3
1927.7
791.8
112.5
2.6
5.0
183.6
438.8
936.5
1157.3
1974.3
2830.0
2751.3
2343.0
1979.4
1222.5
319.3
3.1
0.2
157.6
552.6
1034.0
829.0
1281.4
1304.5
1301.7
830.6
416.6
256.4
78.2
9.2
7.4
194.3
630.6
1444.5
1134.9
1449.7
1675.8
2844.1
1899.6
1188.2
776.2
186.6
7.3
10.6
256.8
576.9
812.2
738.2
996.7
1242.2
455.4
339.2
481.4
113.4
71.8
7.2
1.2
166.1
597.0
1428.1
1431.1
1818.5
2304.5
1456.5
490.4
490.3
478.0
124.7
3.9
1.1
166.3
399.0
430.2
227.5
382.1
696.4
196.9
320.6
201.6
183.6
105.9
1.3
2.2
117.9
367.2
451.8
703.9
791.4
1385.2
1292.1
1031.5
799.2
461.0
193.3
17.5
2.3
158.6
603.3
1380.8
1453.6
2474.0
2651.0
2741.2
2215.5
1466.3
801.5
304.4
9.9
8.9
144.7
431.0
1066.7
2371.4
2587.9
2889.2
2166.1
2371.7
1919.0
1214.7
343.7
3.0
1.6
233.6
316.7
1140.6
629.8
914.8
1635.9
2597.5
2330.2
1746.1
1099.0
288.2
5.0
1.5
106.9
425.4
1022.5
1757.4
2594.6
2684.2
2282.2
1355.8
1203.8
779.9
208.3
1.4
0.0
187.3
461.4
541.9
413.8
1116.0
1127.1
2417.3
2106.5
655.8
561.9
157.2
4.8
4.9
18.5
104.3
1298.2
1141.4
441.6
256.0
247.5
210.7
111.9
56.1
49.4
0.2
0.0
80.7
401.9
1572.1
1047.3
1722.6
1990.7
1376.1
1079.2
1353.0
1155.6
195.9
3.4
1.7
96.1
271.9
819.1
1650.8
1294.7
1791.9
1452.8
1556.6
1712.9
1237.6
362.9
3.3
0.0
178.5
573.7
1798.1
1416.9
2572.3
1947.6
1600.9
1234.8
955.0
522.6
182.2
4.9
0.0
68.3
272.0
677.5
1042.8
910.0
1213.7
1763.4
775.5
1751.9
902.6
376.5
2.3
1.7
141.8
568.1
539.1
1366.7
2423.0
1823.7
2610.0
1473.1
986.0
1032.5
194.8
3.8
0.3
78.5
405.2
1203.9
1791.7
2348.7
1805.7
2039.9
2139.9
1869.0
860.6
470.4
2.6
0.9
125.5
472.6
172.9
599.5
2623.6
1728.2
2095.2
2223.4
909.4
809.4
88.1
2.1
1.9
49.8
99.6
246.3
983.6
1358.7
672.0
776.8
548.4
710.9
449.0
126.2
4.8
2.2
73.5
404.0
986.4
1337.8
1232.7
1146.4
2314.0
2167.8
1821.3
1135.4
433.2
7.2
0.4
126.7
525.2
801.7
2067.8
2323.6
2593.5
2572.3
2246.9
1748.3
977.3
233.1
4.4
0.0
119.8
339.4
972.5
1068.4
1841.7
1650.5
1752.7
2186.3
1825.9
1133.2
382.7
5.2
0.0
83.7
247.4
346.8
574.7
621.3
567.3
1592.4
1590.6
1886.1
1194.9
416.5
3.3
0.0
97.0
440.1
1120.1
1421.6
2672.0
2446.1
2694.4
2108.0
1853.9
1115.0
371.8
0.9
0.2
102.7
397.1
940.1
2060.0
2592.3
1906.6
2236.5
1732.8
840.4
638.4
189.6
1.4
0.0
133.7
345.2
1385.0
2137.9
1833.5
2488.8
2524.9
1756.8
1527.4
964.3
368.1
3.1
0.0
131.6
491.0
1415.1
2187.8
2435.4
1313.2
2355.2
1132.8
1642.1
1088.8
259.7
1.9
0.5
102.8
413.3
1543.8
1493.2
2004.9
2071.7
2510.2
2368.7
1958.3
1243.2
413.6
9.5
0.0
106.2
413.7
1306.3
2153.1
2458.8
2539.1
2338.8
2280.1
1745.4
1182.1
347.1
4.8
0.0
114.9
353.6
1547.1
2013.3
2350.6
2740.9
2344.5
2391.2
1926.7
1035.9
297.6
8.0
0.0
92.6
379.4
1625.7
1963.0
2640.4
2594.4
2376.5
2010.4
557.1
308.8
124.4
1.7
0.0
95.0
325.4
1712.7
1150.1
1959.0
2749.6
2292.0
2005.6
1692.6
904.3
121.0
2.7
0.0
113.2
574.1
1471.2
2239.1
2127.7
2575.4
2181.8
1946.3
1563.4
934.9
319.1
4.5
0.0
83.3
355.0
949.5
1346.6
2315.4
2714.5
2437.5
1970.4
1805.6
1263.6
404.7
4.2
0.0
119.4
461.2
1074.3
2082.3
2345.6
2441.5
2436.5
1782.7
1576.3
590.6
93.2
5.7
0.6
80.9
450.8
1023.3
1124.2
1330.5
1389.2
1139.6
1489.4
792.2
443.8
99.8
5.7
0.0
93.2
305.0
1566.2
1498.8
1787.0
2201.5
2044.2
1812.1
1477.6
751.0
380.7
4.2
0.0
85.4
431.1
1575.2
2235.1
2598.2
2338.9
2442.1
2459.8
1709.9
1239.2
282.2
9.3
1.0
101.4
364.5
380.4
559.6
1378.1
1999.7
2683.9
1753.1
1393.4
917.4
139.6
2.7
0.0
101.7
394.7
1267.6
1281.0
1533.7
2232.6
2083.5
1931.9
1245.8
520.6
129.2
2.5
0.0
88.4
278.8
1644.9
1963.9
960.8
2142.1
2091.0
2159.1
2072.0
1268.6
414.0
4.5
0.0
91.5
586.3
1163.8
1552.8
2678.2
2815.1
2735.1
2477.1
1993.0
1096.5
435.3
4.1
0.0
66.7
266.9
1419.6
2187.4
2528.4
2761.2
2595.7
2044.6
1231.1
743.7
138.2
5.6
0.0
103.3
310.1
802.0
787.2
2115.6
2233.5
2617.2
2197.9
1620.6
1271.1
325.6
16.5
0.0
73.3
309.8
1382.0
869.1
2028.6
2791.6
2730.9
2508.3
2036.2
1335.5
457.6
4.2
0.0
95.0
265.8
1678.9
2232.7
2583.2
2889.7
1334.9
1595.3
1412.3
1016.1
358.1
5.2
0.0
70.6
395.4
1281.3
1242.8
1042.5
2108.7
2577.0
2207.3
1770.9
933.2
419.5
8.5
0.0
59.7
331.3
1081.8
1989.4
1213.8
2759.0
2565.6
2472.3
1910.4
1366.3
479.1
6.2
0.0
77.1
414.9
1728.2
2243.2
2551.7
2518.6
2624.9
2195.8
1614.4
1028.9
422.3
7.6
0.0
116.0
362.5
1606.7
1725.9
2577.8
1999.7
2714.8
2503.3
1692.6
1225.3
448.0
7.7
0.0
79.7
409.1
937.9
2178.3
1626.5
1505.8
1902.3
693.2
764.5
323.2
106.3
11.5
0.0
114.2
455.2
1156.5
2203.4
2438.9
2205.8
2011.7
661.2
621.6
406.7
146.5
10.2
0.7
33.2
148.4
386.9
570.7
627.5
869.7
1418.2
937.7
501.3
397.9
148.0
2.8
0.0
87.9
552.6
1731.8
2269.9
2577.9
2763.1
2235.4
901.0
1010.4
601.1
176.7
12.2
0.0
72.0
335.7
1568.5
1724.5
1676.8
2718.7
1850.1
921.3
1571.9
374.0
240.4
17.3
0.0
116.6
300.2
1688.0
1182.2
1644.8
2658.2
2751.6
2122.9
1745.1
678.9
284.4
16.8
0.0
100.3
356.2
953.3
2076.6
2613.1
1532.8
2747.0
2496.9
2052.2
1360.6
518.2
14.2
0.0
124.0
317.8
279.6
819.5
1967.4
2639.6
2396.1
1854.4
1156.5
774.1
181.7
15.5
0.0
114.3
443.9
1161.7
1500.3
1898.7
1785.8
2398.4
2064.9
1873.1
1285.9
273.1
16.8
0.0
85.8
503.1
1393.7
1508.3
2411.3
1284.6
2330.3
1496.3
1139.1
525.1
138.0
16.7
0.0
82.9
408.4
269.0
891.1
885.2
950.1
567.7
576.7
512.6
320.6
205.4
16.8
0.0
122.8
328.0
1310.5
1456.8
2057.7
2526.2
2052.4
1243.0
879.9
448.5
229.2
4.2
2.3
127.7
351.9
512.0
1118.2
2512.6
2170.0
1574.2
936.6
1065.7
434.2
234.2
15.2
0.0
103.2
292.2
1691.4
2204.6
2081.9
2829.3
2725.0
1641.4
1561.0
673.4
256.0
10.1
0.0
109.7
443.7
1480.2
1977.6
2332.2
2506.1
1916.5
1630.4
1422.3
789.1
211.3
4.1
0.0
136.6
572.5
1335.6
2251.9
1709.3
942.0
852.5
675.6
531.0
502.7
221.4
20.1
0.0
147.3
381.3
1631.5
2445.1
2496.6
2728.4
2544.0
2599.9
2123.8
1008.1
194.2
11.7
3.7
146.6
337.1
1704.5
2349.6
2695.1
2822.6
2714.2
2517.4
2075.0
1450.3
550.5
33.9
0.0
91.5
294.6
1791.2
2373.6
2738.4
2961.4
2475.4
2309.0
1202.6
1292.4
465.6
8.9
0.0
89.5
369.7
1690.3
1734.1
2759.7
2504.0
2714.3
2028.1
1496.6
695.7
281.3
10.8
0.0
118.6
376.9
1234.4
1538.9
2550.4
2646.7
2793.3
2355.6
1951.6
1274.3
508.8
22.3
0.0
105.1
426.9
1207.3
1927.2
2704.0
2495.3
1797.9
1389.4
1279.7
724.2
298.0
17.0
0.0
155.8
352.1
1492.7
2125.1
2723.0
2917.8
2642.7
2623.4
2123.2
1361.5
492.7
14.6
0.0
92.7
414.5
1666.7
2355.9
2812.3
3018.6
2941.8
2743.2
2040.7
1519.4
559.4
16.9
0.8
70.0
490.9
1149.8
1528.3
2457.6
2543.8
2991.0
1601.0
1772.9
919.2
417.7
24.6
0.7
132.6
459.8
1797.3
2187.9
2743.2
2723.5
2902.6
2629.3
1771.7
1182.5
527.2
19.1
0.0
82.9
313.8
926.3
2264.2
2645.2
2949.0
2922.7
2285.3
1429.8
1268.7
571.4
25.4
0.0
96.5
399.1
862.9
808.2
2102.6
2062.4
2056.8
1549.9
620.9
410.1
131.9
10.1
0.0
81.8
466.5
732.6
1560.1
2591.5
2647.3
2283.4
1896.2
792.1
661.6
155.7
2.0
0.0
99.4
498.5
1358.4
1753.7
2013.5
2467.3
2578.1
2503.9
1877.5
975.7
411.9
52.2
0.0
124.4
265.9
1544.7
2074.5
2785.8
1969.3
2760.7
2534.6
2156.4
1332.5
425.8
15.1
0.0
156.5
510.3
1495.8
2295.0
2099.9
2915.4
2580.7
1798.8
1826.2
1181.1
400.1
26.6
0.0
76.6
509.9
951.9
2373.8
2576.2
2146.8
2371.1
2600.6
2230.0
1278.2
263.7
14.7
0.9
64.9
486.3
1037.5
1106.7
1851.0
2920.6
1524.8
1468.3
1565.0
1205.1
415.2
18.9
0.0
135.3
596.1
1997.6
2407.3
2749.0
2783.9
2963.5
2293.8
2068.8
1504.8
465.5
30.5
1.7
159.9
557.5
1461.4
1493.2
2317.0
2162.7
2238.8
2283.8
1631.2
1292.0
482.0
21.0
0.1
122.2
555.5
1026.1
1207.0
2194.7
2492.2
3050.2
2675.6
1755.7
1158.2
243.7
19.9
2.8
196.6
594.4
1760.7
2348.6
2940.2
2605.4
2512.5
2384.1
1692.7
776.5
360.8
9.8
4.3
114.5
675.3
1880.6
1862.4
1920.8
2172.3
2669.7
2572.4
1897.2
1047.9
285.7
15.7
0.9
134.7
634.2
1436.3
1189.5
1182.1
2111.1
2171.0
2630.9
1704.7
1514.9
543.5
13.6
1.7
92.5
694.6
600.8
586.8
1817.0
1848.3
1470.8
851.3
1332.0
1127.6
407.8
26.6
1.8
115.9
604.1
1600.5
2261.3
2371.7
3004.4
2379.5
2403.4
2195.8
1538.7
514.7
22.9
1.1
137.8
569.7
757.5
1124.3
2174.1
2798.8
2900.5
2660.1
2222.5
1389.8
567.6
26.5
2.1
131.6
719.0
1415.8
1724.8
2685.7
2867.7
2833.0
2665.4
2274.3
1525.7
567.9
25.0
1.4
177.4
731.8
1703.1
1699.3
1363.8
1557.2
2902.2
2328.8
2139.1
1323.5
515.4
25.3
0.0
149.0
787.9
1467.2
1664.5
2326.9
1980.7
2548.9
2334.3
2065.1
696.0
231.9
19.1
3.4
149.6
652.9
1820.0
2527.6
2894.5
3219.7
3022.0
2692.6
2175.9
1606.8
618.7
18.6
4.8
101.9
302.1
337.1
511.4
976.9
1905.8
1006.3
1017.8
1247.0
445.6
262.0
18.2
3.3
78.0
213.8
413.7
508.5
743.8
828.6
1375.4
1385.7
865.3
611.0
256.4
26.0
0.0
111.6
488.5
836.2
1420.4
2329.5
2956.0
2826.3
2427.4
1989.5
1290.2
596.9
23.6
6.2
141.6
579.3
1819.7
2052.5
2801.0
3175.7
3084.9
2764.3
2315.2
1640.7
657.6
19.0
3.9
258.3
281.9
129.8
1195.5
2524.9
2698.7
1876.7
1661.9
2133.3
1440.1
421.1
22.4
7.4
157.0
835.2
1972.2
2543.3
3132.9
3332.4
3065.4
2800.9
2257.7
1460.1
367.3
28.5
14.0
140.2
737.4
1509.9
1587.0
2657.5
3218.6
2670.4
2684.3
1664.0
1211.0
666.5
19.4
9.1
205.9
784.8
1903.6
2574.9
2976.6
3087.0
2756.0
2635.3
2206.4
1543.7
596.6
22.5
5.6
139.2
457.0
981.6
1085.7
2553.6
2919.3
2552.8
2562.2
1789.3
1117.2
547.8
26.5
8.1
114.5
676.6
1755.9
2377.7
2722.0
3063.8
2721.6
2502.5
1995.3
1212.4
504.9
35.0
12.1
252.8
970.8
2102.9
2584.8
3227.2
3191.0
2880.3
2685.1
2207.6
1119.0
405.4
31.3
11.5
180.7
1190.4
2112.0
2641.8
3256.1
3153.3
2693.9
2747.6
2347.0
943.7
573.0
65.6
14.3
231.5
362.7
678.5
1609.7
2044.7
2181.6
1821.0
1897.5
1320.7
1277.8
424.6
32.0
12.1
147.7
634.0
821.1
918.6
2054.1
3544.3
2981.4
2594.3
2193.0
1319.3
630.9
47.0
5.7
235.4
740.3
1567.8
2553.0
2938.1
3435.3
2892.0
2608.9
2347.7
1203.7
414.2
24.1
7.9
155.8
780.0
1089.2
1593.7
2277.3
3028.3
2230.7
1322.7
1484.0
1256.5
443.6
20.4
34.3
253.7
1254.0
1440.7
2785.3
3154.2
3428.5
2727.0
2651.1
1542.9
1098.0
177.3
38.4
15.7
186.2
772.2
881.1
1780.5
3135.3
2477.5
2450.6
2567.4
2067.7
1617.6
674.1
36.7
18.3
226.0
1171.7
2218.7
2854.0
3370.4
3402.3
3130.0
2861.6
2442.6
1703.6
732.0
29.3
19.6
250.9
1164.0
2071.8
2860.8
3321.9
3238.3
2988.2
1978.1
2337.8
1695.3
686.0
29.4
18.6
217.9
795.6
2134.3
2615.1
2706.7
3165.3
3020.7
2750.8
1436.4
1023.2
289.4
26.8
22.8
155.7
774.9
1878.5
2301.2
1900.5
2216.5
2978.0
2365.7
1751.3
899.0
307.9
33.2
15.2
346.5
1078.4
858.2
959.4
2898.3
2917.0
2839.8
2060.5
2207.9
1470.8
552.3
33.9
25.0
228.7
753.3
1627.2
2181.3
1328.2
1512.7
1829.2
1960.0
1581.1
749.7
385.6
17.9
24.2
214.9
1106.9
1738.2
2626.4
2936.5
2993.4
2708.2
1350.8
1583.7
886.0
304.5
20.9
19.7
225.8
1177.4
2310.2
2924.4
3442.4
3521.9
3091.1
2811.0
2410.2
1677.0
666.3
33.3
20.2
202.1
891.9
2205.1
3037.1
3571.6
3688.7
3121.6
2749.2
2401.4
1673.4
627.2
25.2
20.3
170.9
926.0
590.7
503.9
566.7
1259.1
3176.0
2720.3
2133.0
1638.4
624.6
23.3
30.8
341.7
775.8
1491.9
1102.3
883.1
1203.9
1703.2
2909.0
2325.9
1612.6
616.4
23.5
32.6
353.0
741.7
1529.2
2693.0
2343.8
2141.2
3188.8
2614.0
2083.4
929.2
230.4
27.5
17.5
252.0
621.5
1103.1
1011.6
1385.9
2013.0
1823.2
2532.3
2357.9
1469.8
505.0
22.3
28.9
188.4
780.8
2347.1
1994.4
3326.2
3318.5
3147.1
2828.6
1919.0
1394.1
335.1
25.2
30.6
305.6
1041.9
1834.8
2588.2
3302.7
2931.7
2736.9
1622.2
1983.2
1144.9
384.1
21.6
36.2
239.6
1201.6
1870.5
2697.7
3054.5
3154.0
2327.4
1506.8
1686.2
1379.6
480.9
21.3
38.1
295.7
1092.8
2435.1
2260.0
3517.9
3448.2
3085.8
2757.3
2438.4
1705.0
531.2
20.6
33.3
228.6
1101.1
1418.7
2560.3
3289.0
3519.1
3017.7
2776.9
2403.4
1670.8
496.6
21.4
29.6
177.6
781.9
1582.5
844.4
634.2
2765.1
3203.7
2321.6
1580.7
1367.6
412.7
25.9
34.4
264.0
1240.7
2342.8
2805.5
3552.5
3477.4
3118.8
2770.4
2260.2
1582.5
476.0
27.2
37.4
248.5
1212.1
2321.1
2459.5
3467.0
3340.0
3071.9
2615.3
1851.7
1574.8
452.6
21.0
40.5
395.5
910.9
1951.6
1614.4
3012.8
2843.4
2786.4
2939.8
2492.8
1567.6
455.7
21.6
44.9
306.9
1128.6
2323.7
2601.3
3536.5
3431.2
3072.9
2845.9
2391.6
1631.6
425.2
19.4
47.3
272.5
1154.6
2431.7
3069.8
3593.4
3415.8
3016.2
2579.4
2175.6
1370.9
356.6
23.9
51.3
270.2
950.5
1193.3
2376.0
3086.4
3590.1
3044.5
2757.4
2339.3
1600.9
432.3
34.2
51.3
310.9
678.6
1856.2
2719.1
2198.1
2741.1
2758.2
2749.9
2234.6
1154.4
378.1
21.5
70.0
288.9
700.0
1079.0
2516.3
3188.7
3710.0
3215.8
2684.1
2263.7
1509.9
418.4
22.7
52.4
265.8
1027.5
2118.8
1225.5
2090.0
2852.6
3054.5
2685.4
2217.8
1473.0
417.3
24.2
67.8
420.6
1159.6
1564.8
2487.3
2683.5
3089.6
2595.7
2824.6
2245.9
1491.9
431.8
25.2
62.1
315.7
915.9
1517.8
1617.3
2264.5
2186.8
2769.7
2614.6
2019.8
1454.9
413.6
24.0
61.9
442.5
820.9
1153.4
1708.9
3211.1
3451.2
2891.3
2618.9
2154.6
1388.4
399.2
28.7
69.9
429.8
1180.0
1925.2
1889.2
2992.0
3154.6
3006.8
2620.0
2094.7
1334.8
382.2
25.7
104.6
419.5
1376.1
1735.1
3059.5
3373.9
3384.2
1529.1
1716.9
787.3
761.0
336.0
24.0
65.3
323.4
1341.9
1945.1
2660.9
3511.2
3530.9
3188.9
2858.5
2314.7
1597.1
368.2
15.4
79.5
339.5
703.8
2221.9
3233.3
3896.8
3566.9
3219.3
2893.6
2392.0
1606.7
366.5
21.4
72.4
213.4
874.8
1874.7
2323.7
2573.5
2394.0
3063.1
2737.5
2355.8
1572.2
389.9
28.6
63.4
242.8
1044.0
2021.3
3274.3
3743.1
3609.9
3047.1
2813.1
2372.4
1616.9
346.9
23.3
68.7
222.7
1533.0
2489.5
3144.1
3651.5
3527.6
2960.5
2691.6
2340.9
1576.6
299.2
27.0
36.5
166.0
397.7
847.8
993.3
1685.9
1024.2
1559.0
1214.8
1319.0
568.4
179.1
14.8
104.5
471.9
1399.5
1939.9
1801.0
3378.4
3132.7
3135.7
2731.4
2315.3
1483.5
386.6
31.9
49.5
384.8
1348.7
1815.4
3213.0
2490.9
3376.7
2843.2
2611.1
2477.8
1698.0
352.8
31.0
79.5
219.7
1545.6
2394.9
2726.2
3693.0
3678.6
3198.7
2830.0
2400.2
1659.2
274.9
22.7
128.3
343.2
1614.1
2341.5
2748.2
3668.4
3574.6
3376.9
2882.2
2371.9
1598.2
236.2
26.0
88.5
275.4
1625.1
2408.1
2856.8
3447.6
3746.3
3263.3
2833.1
2499.6
1654.0
330.3
39.2
100.0
352.0
1707.2
2265.8
3243.0
3736.5
3376.1
2803.3
2721.4
2262.0
1527.3
360.2
21.3
64.6
244.3
1032.2
1752.7
1129.2
1603.9
3489.9
2800.1
2505.7
2293.5
1513.4
316.4
28.1
38.1
224.9
383.8
572.6
1135.4
1416.6
1157.8
338.8
545.0
627.7
475.1
128.2
33.4
59.2
102.6
130.7
299.4
574.5
1181.8
1494.3
2268.1
3117.9
2058.4
1112.6
360.8
33.3
117.6
390.1
1477.7
1359.2
1705.7
1085.2
2096.0
894.6
1279.1
2355.5
1480.2
309.7
24.9
82.4
499.8
984.7
2567.3
1447.2
1755.9
3119.8
1291.1
1837.5
1470.8
1603.2
294.8
26.8
104.6
486.3
916.5
1744.1
1747.6
2223.2
3436.6
3446.3
2605.7
2330.8
1575.4
329.1
33.5
111.3
586.8
723.2
1099.6
1956.8
1130.2
580.8
1012.4
1854.4
2084.0
1481.0
322.5
34.4
217.4
488.7
562.5
1473.9
1755.7
3206.2
3214.8
2583.5
1583.4
1402.9
995.1
333.7
45.2
11.2
38.4
181.7
431.0
287.5
605.1
565.6
614.2
663.1
565.0
261.2
130.9
19.1
8.4
83.0
486.8
613.7
947.7
971.6
1163.4
666.1
563.3
355.3
424.7
226.2
27.6
58.4
320.7
467.1
768.5
1309.4
1956.7
1168.0
1887.6
1238.1
323.5
197.9
49.5
9.2
38.5
237.0
307.4
1265.5
2547.6
2248.2
2169.2
787.3
1270.3
649.5
469.0
240.3
14.2
161.4
433.1
1584.6
1051.1
3425.5
3670.5
3535.0
2320.4
2564.5
1461.7
1472.4
373.2
35.3
105.7
527.2
1033.6
1785.0
2843.4
3323.1
3073.7
3108.9
2889.4
2498.3
1669.9
359.9
31.4
115.0
471.5
1187.7
2156.9
2861.0
3501.9
3725.4
3310.3
2867.7
2502.3
1801.0
366.7
35.9
101.4
361.6
1904.7
2598.3
2572.5
0.0
944.9
3127.9
2797.0
2505.1
1732.5
272.0
28.1
93.3
476.1
1673.0
2650.2
3207.1
3535.0
3614.5
3180.5
2822.0
2475.6
1713.4
303.4
36.7
98.7
367.3
1891.7
2571.2
2556.7
2094.1
2352.2
3031.1
3021.2
2367.8
1617.9
330.6
42.9
120.8
363.8
1764.7
2519.7
3422.0
3191.2
3784.3
3627.4
3036.6
2442.0
1680.5
365.6
39.9
84.1
310.0
1001.5
1755.1
1371.2
1543.9
1448.8
2923.7
3032.9
2383.1
1641.6
383.6
44.2
92.0
330.3
843.0
1561.4
2308.0
2612.1
3582.2
3486.4
2552.1
1964.9
1319.0
388.3
55.0
149.7
525.6
1965.7
1857.4
616.9
691.2
1285.8
1772.4
2971.0
2312.8
1554.0
470.8
72.1
161.1
554.8
956.4
1025.2
1007.8
1734.9
1059.8
1957.5
2902.1
2423.9
1374.1
398.8
59.1
104.8
367.5
1169.5
1874.5
706.0
1622.2
2122.3
3028.2
2896.5
2356.2
1434.6
388.4
32.5
160.3
599.1
1081.2
924.0
576.5
1475.4
1021.9
2288.0
2627.2
2317.3
1770.0
485.5
51.4
110.1
494.3
1646.4
1915.4
1921.0
385.4
1285.7
2647.1
1968.8
1481.3
1678.6
508.1
59.2
3.8
29.5
99.7
159.7
246.8
516.8
531.0
636.1
749.1
1533.6
1227.2
418.7
36.8
142.9
465.8
827.2
1300.2
832.9
932.1
814.6
1223.9
969.7
972.3
760.7
439.8
51.5
110.9
374.1
1321.6
2453.8
3303.9
3613.9
3967.0
3716.9
3082.6
2468.7
1735.8
516.0
48.2
64.2
223.2
1625.5
2832.8
3053.7
3713.0
3719.0
3340.2
2914.3
2493.4
1675.8
363.4
54.0
89.9
269.5
1848.5
2620.8
3295.7
3549.2
3421.6
3236.4
2728.1
2522.1
1262.0
500.4
71.4
75.8
359.7
1749.9
2299.4
3255.1
3628.4
3720.7
3032.9
1939.9
1424.8
916.6
539.1
78.3
107.3
371.0
1061.6
1731.7
1567.6
2980.0
3285.9
2660.0
2184.7
992.7
772.0
241.6
43.9
133.6
354.7
854.8
1707.0
3076.3
3705.9
3333.7
3578.0
2907.0
1625.1
1317.7
694.0
85.5
97.1
351.6
887.0
1573.6
2582.3
3127.6
3988.9
3164.7
2924.9
2037.4
1719.9
752.9
92.4
63.1
383.2
1575.4
1665.6
1781.8
3094.7
3080.0
3633.0
2180.0
1634.2
949.6
449.9
53.2
152.0
381.6
864.0
2083.6
3284.7
3737.9
3545.8
2882.6
2735.7
2051.7
1360.6
450.5
54.5
80.1
577.2
1052.6
2279.8
3042.5
2566.0
3949.5
3578.3
3094.0
2219.3
1807.0
653.8
47.4
71.9
228.1
1534.0
1919.8
906.3
998.3
2245.4
3473.7
3072.4
2524.7
1810.6
682.2
56.9
72.1
281.3
1511.1
1241.1
722.5
917.6
3344.8
3292.6
3039.1
2461.8
1728.4
658.4
63.0
130.8
517.7
1225.8
2348.8
1912.3
958.9
1772.1
736.4
2436.3
2480.6
1757.9
683.7
63.4
88.1
355.3
440.6
2669.5
3614.9
3712.4
3889.9
3690.2
3126.8
2501.0
1812.8
715.3
66.2
73.9
271.0
1787.1
2691.7
3279.6
3663.1
3854.9
3776.0
3186.7
2604.6
1877.4
712.1
59.6
170.5
217.1
1742.5
2226.6
3222.5
3551.7
3762.9
3403.9
3045.2
2586.2
1863.6
750.2
65.5
54.6
389.6
921.1
1507.5
2535.2
3450.2
3779.9
3613.2
3053.4
2505.3
1777.2
722.7
71.5
72.4
315.7
1368.6
1400.0
2383.4
3663.6
3812.0
3710.5
3120.7
2537.4
1820.3
766.0
66.4
101.6
216.4
1769.3
1741.8
2825.2
1956.1
1224.8
2200.0
3092.4
1902.9
1892.9
629.0
72.5
100.7
263.6
2001.6
2833.8
3370.4
3763.2
3885.5
3712.8
3205.3
2623.6
1919.3
825.7
66.2
98.3
367.7
1261.9
2589.0
2986.2
3429.6
3376.4
3610.4
3192.2
2620.4
1880.1
867.8
70.6
73.7
187.2
1676.7
2630.9
3320.7
3462.1
3067.7
3079.5
3017.4
2647.2
1818.1
877.9
64.1
66.1
297.6
1657.3
2557.2
1871.2
1713.8
2173.0
3451.9
3094.8
2508.2
1912.7
881.5
61.2
179.2
311.6
1277.6
2705.1
3253.6
3529.7
3495.2
2952.9
2933.9
2527.7
1953.0
884.1
74.8
114.8
292.8
1511.9
2593.6
3143.3
3531.5
3751.7
3588.2
3172.2
1910.8
1638.3
527.1
75.5
27.8
475.4
966.2
1831.9
1435.8
1127.4
1286.7
1475.4
1221.6
1035.7
1161.9
585.8
150.6
107.4
436.6
552.2
642.8
682.1
1714.7
1664.9
2056.6
2026.0
2784.0
1789.0
833.5
90.2
70.3
251.2
1196.8
1691.0
3027.8
848.1
2212.9
3279.5
3054.3
1947.8
2144.7
1090.0
182.9
103.1
414.0
686.5
1764.5
1606.2
2311.1
2339.3
3226.4
2794.0
1841.8
1981.0
894.4
73.1
131.0
491.8
835.9
1584.4
2674.2
3267.8
4158.8
3909.2
2626.6
2870.1
2113.1
722.9
122.0
48.9
235.9
632.0
955.4
2727.6
3723.6
3942.8
3767.8
3242.2
2675.3
2014.5
981.7
80.4
122.8
477.7
996.9
1434.9
945.6
3057.7
2356.8
3568.5
3064.5
2615.9
1920.8
991.5
110.7
70.3
232.2
1607.7
2559.6
3231.7
3616.1
3749.9
3450.8
3119.7
2699.8
2051.5
1013.1
71.8
54.5
191.7
1588.6
2723.3
3250.9
3604.9
3571.5
3445.7
2681.9
2635.6
1949.3
997.4
104.6
72.3
386.8
512.7
1222.9
2218.1
3672.1
3758.4
3752.6
2791.0
2547.5
1972.9
882.8
97.7
55.8
358.2
1299.5
2640.5
3198.0
3413.4
3434.2
3773.9
3243.6
1950.2
1496.7
840.7
190.6
92.8
251.3
1390.8
2539.7
3200.7
3654.0
3824.6
3519.3
3096.8
2601.0
1985.9
948.3
99.7
51.8
227.1
1384.4
2446.7
2976.6
1735.7
3690.5
3579.0
2930.0
950.7
1788.2
780.7
95.4
66.5
356.4
1448.8
2620.1
3204.9
3565.5
3696.9
3494.6
3006.6
2655.0
2042.7
1069.2
102.0
44.8
286.2
1114.9
2527.5
3138.7
3661.3
3787.7
3446.0
3090.2
2666.7
2168.1
1410.4
221.5