y
25.9
115.3
348.6
1212.8
1466.6
1248.5
1922.2
1844.1
1778.6
2274.0
1493.9
989.9
121.3
23.7
54.6
261.3
522.3
901.1
1240.5
709.7
777.2
643.4
488.6
401.8
458.6
107.1
20.0
429.5
651.0
1629.3
2013.4
1775.0
2869.0
2533.1
2451.1
2117.6
1509.8
795.4
68.7
20.0
287.8
428.1
849.9
1656.5
2547.8
2514.2
2724.8
2169.8
1731.1
1675.5
770.3
86.6
14.4
234.0
1082.4
1415.6
1202.8
1972.4
2790.0
2291.9
2209.7
1868.7
1200.4
582.6
105.5
7.2
288.7
234.3
1229.4
2110.5
2247.0
2380.6
2550.5
2554.9
2097.8
1652.7
977.8
155.3
17.4
351.5
819.0
1453.3
1856.7
2080.3
2207.9
2403.7
2157.9
1529.0
1055.2
467.5
121.1
6.4
166.7
674.0
624.8
1236.9
1232.4
210.4
359.3
962.1
1109.0
810.8
777.5
70.7
13.6
318.0
729.3
1060.9
1899.2
1765.1
520.1
816.5
442.9
205.4
304.1
294.2
84.2
54.8
109.7
249.3
664.3
1945.4
2319.7
2137.5
2707.3
2261.4
2022.9
1268.0
580.8
47.3
10.5
211.0
621.2
957.7
1617.5
1555.8
2299.8
2370.7
1897.0
2242.6
1681.1
1012.8
174.8
16.7
305.4
1074.7
1532.6
1443.9
2677.7
2928.3
2901.6
2640.9
2246.8
1714.2
1051.5
191.6
5.8
365.6
714.1
1113.9
1824.9
2283.9
2740.2
2146.3
2454.4
2154.5
1397.9
768.5
99.5
11.9
215.7
794.0
1048.6
1890.2
1032.5
994.1
528.3
1789.9
2089.0
1474.8
718.9
72.6
21.9
201.4
971.9
591.6
1723.7
572.5
1606.8
1233.5
1127.3
1378.0
1570.3
640.6
233.2
31.4
194.6
623.5
561.5
1912.7
2318.3
3079.5
2944.6
2769.7
2165.4
1680.4
1060.2
235.4
12.5
80.5
783.5
1312.4
931.8
2098.1
1256.9
2291.6
1684.9
1775.2
937.7
466.7
130.8
11.4
305.1
708.1
1421.2
1158.8
1870.5
861.4
540.0
1872.8
1805.2
965.5
442.1
120.7
8.2
260.2
571.3
1110.2
2042.7
2178.2
2253.5
2510.9
2196.9
1995.0
1421.8
850.5
182.8
8.0
288.7
646.7
1307.0
1859.4
2319.8
2524.5
2503.5
2542.7
2229.7
1730.1
1066.1
230.2
7.8
226.7
997.8
1356.9
2130.2
2023.4
2411.0
2538.9
2557.5
2266.9
1738.1
1080.1
245.8
2.7
141.7
527.1
1370.1
2338.4
2374.3
2591.5
2344.5
2250.0
1309.2
1484.9
865.8
167.2
2.6
349.8
976.6
1320.9
2075.9
2004.9
1359.6
2059.3
2316.9
1760.7
1128.8
728.0
121.5
1.3
148.4
929.6
1458.5
2134.9
2550.2
2765.3
2806.0
2484.9
2075.8
762.3
527.5
233.0
0.6
244.9
774.2
981.3
1574.3
2786.1
2867.0
2649.4
2012.1
2032.2
1647.6
910.4
172.2
4.2
178.7
575.1
1032.8
1685.1
559.9
908.6
886.5
573.1
859.6
760.2
757.1
178.2
12.4
260.6
737.1
654.1
1805.6
2252.9
1065.8
1787.6
2176.2
2028.9
1569.9
921.5
147.2
13.8
97.1
644.9
1305.3
2339.8
2055.5
1887.2
2607.2
2319.9
2194.3
1357.5
509.3
158.9
8.6
288.4
1009.1
1278.8
1509.6
2452.3
2637.3
2898.1
2652.2
2294.1
1736.7
1046.1
252.1
3.1
123.1
627.2
683.7
1664.7
1338.0
1527.4
1728.5
2781.9
2228.8
990.7
495.5
107.0
0.0
3.7
58.1
52.2
35.0
47.9
52.9
78.0
174.3
280.6
318.0
179.7
67.6
36.1
261.5
299.9
435.9
1632.8
1631.4
2274.7
2355.0
2047.0
2332.0
1783.6
903.5
153.4
22.5
105.5
676.2
773.5
966.1
1597.2
2019.9
2373.7
2697.2
2110.5
1536.6
1058.1
233.3
37.5
208.9
491.3
1299.9
1969.1
2553.2
2691.1
2177.2
2056.1
2094.4
1456.0
742.8
243.4
26.0
120.5
919.9
871.2
1812.5
1953.1
2515.0
1894.4
944.3
861.2
504.4
459.8
99.0
27.3
289.4
591.1
932.0
1123.7
239.9
288.7
938.9
1373.8
1162.5
1174.6
620.2
163.7
72.2
133.5
468.5
666.5
1644.1
2033.3
1567.8
444.6
774.8
1350.3
1245.6
1115.6
205.9
88.4
344.8
990.8
1225.7
1841.2
2183.1
1432.1
2089.9
2234.3
1913.6
1577.6
1082.8
224.1
63.4
245.2
669.8
781.9
1774.0
2305.0
2176.8
2097.2
2183.9
2001.1
1561.0
905.7
243.4
28.6
131.8
995.2
1126.0
2118.6
2624.9
1656.8
2412.2
2905.3
1804.4
1349.2
461.7
182.6
41.2
256.0
1158.6
1471.7
1493.2
2187.1
2492.7
1899.7
1642.6
1248.6
1194.0
855.6
252.8
24.4
157.4
458.7
956.4
1370.7
2080.7
2888.6
2757.1
2717.9
2326.9
1792.0
1145.4
240.1
0.9
153.0
797.8
1212.7
2128.7
2588.9
2626.4
2373.3
2518.9
2034.1
1787.1
995.2
259.6
3.5
197.5
763.7
363.0
479.4
254.6
305.8
193.7
518.4
262.7
335.9
183.2
75.9
29.5
172.0
794.9
1500.2
1401.4
1703.1
2230.5
1380.8
1138.4
995.7
318.8
330.8
106.6
15.9
372.2
778.7
1743.4
1112.1
862.6
972.2
678.4
739.4
1352.8
1174.6
1051.9
149.9
14.0
39.8
138.9
850.9
1154.9
2203.8
2608.4
3017.6
940.6
701.7
420.0
284.0
93.9
6.2
38.6
260.4
280.4
582.3
1005.7
1183.2
2255.8
1479.9
1473.4
1264.9
796.0
262.3
30.5
301.7
1053.9
1347.6
1679.6
527.8
705.5
468.1
810.7
894.3
617.7
275.3
101.4
25.3
122.9
672.5
936.8
1110.1
1334.5
1876.9
2031.6
2257.9
781.6
1105.5
338.9
91.2
28.2
78.6
187.3
405.8
796.9
993.4
874.0
1572.8
1505.8
1921.3
1709.2
1024.0
167.3
0.0
167.9
648.7
1282.8
2105.9
1804.7
1463.6
1392.8
1692.6
1412.7
1141.2
659.1
143.4
9.9
89.2
335.2
455.7
422.1
355.3
233.1
594.5
901.2
521.7
467.1
314.0
96.8
40.3
132.5
455.8
820.0
2057.0
1895.2
1345.4
2044.6
1763.2
1180.5
1124.2
649.5
156.5
10.0
80.4
806.7
613.8
1527.4
2508.9
2799.2
2435.3
1968.4
1915.8
1566.0
656.3
165.3
6.5
59.1
297.4
778.3
1630.8
858.1
1041.0
1581.2
2194.5
1826.9
1594.3
738.2
145.7
10.2
109.1
354.8
1129.5
1650.3
1308.3
1692.1
1911.3
1589.5
1571.9
1198.4
411.7
181.9
6.5
150.2
548.1
948.0
1184.7
2220.6
2921.1
2641.8
2628.7
1804.5
1052.2
494.0
136.7
3.7
225.1
716.3
1118.3
1539.1
2323.9
2548.2
2350.9
2160.5
2013.8
1562.7
613.8
135.0
1.9
227.2
994.8
1258.5
1310.9
2087.1
2975.1
2081.2
1267.4
1451.0
1009.6
253.9
160.4
1.7
86.2
333.9
1403.8
964.4
1638.4
341.9
1062.4
2493.6
1992.3
1030.8
919.4
239.8
19.8
134.2
740.0
1746.8
1338.4
2122.8
2474.4
1927.5
2200.9
452.3
254.2
364.5
162.4
10.0
292.4
992.8
983.0
1647.0
2607.3
2484.5
2184.8
2744.4
1208.6
827.8
1095.4
166.9
5.3
176.7
879.2
1089.7
272.3
523.4
1080.2
1594.4
1867.6
2321.1
1137.9
434.2
49.8
9.3
172.6
648.3
1033.4
1766.3
2174.0
1901.9
1617.7
2453.2
1682.1
829.0
1004.6
124.7
10.3
377.6
1042.6
1497.8
1623.3
2396.6
2285.6
2229.0
2400.6
1013.0
934.9
1060.4
258.1
1.2
99.9
129.7
490.9
143.9
513.5
674.6
1757.1
620.6
850.2
798.3
369.2
142.1
27.5
183.1
1055.3
1033.1
1698.2
1672.2
2119.1
2147.8
1134.5
2307.0
1701.5
322.3
98.4
56.1
227.2
234.6
556.8
2259.3
2325.8
1089.0
723.2
2136.4
2086.4
1469.7
689.1
116.6
80.7
265.5
879.8
1426.4
1042.7
1225.8
1481.6
1679.2
1876.0
1268.7
751.4
437.7
99.0
31.7
89.2
215.0
141.1
367.6
1309.4
2544.0
1631.3
2244.2
1440.8
1807.4
1098.6
170.3
54.5
184.8
169.6
349.8
1372.3
1057.6
1087.2
513.5
975.2
464.6
301.7
254.0
57.9
65.8
110.7
121.2
213.4
358.0
674.2
953.7
904.1
619.7
273.9
239.1
235.3
36.5
16.8
110.0
161.5
254.8
504.9
1358.6
1773.9
2339.1
2518.7
2183.4
1263.8
436.8
33.0
41.2
91.5
212.6
313.8
1146.0
894.1
543.4
1222.1
1660.4
2084.5
1424.8
921.2
234.4
13.7
86.9
369.2
733.9
1334.4
2354.4
2420.6
2136.4
1586.5
1308.8
680.3
376.6
97.1
7.6
142.4
193.2
899.2
1842.9
2588.7
2362.0
1632.2
1785.0
2017.0
1756.0
1000.2
155.5
14.5
332.6
1088.4
1582.1
1753.1
2834.7
3210.9
2869.1
2400.3
2092.4
1652.2
596.0
68.8
9.8
117.4
825.1
1233.7
1815.1
1862.7
1998.0
2673.3
2321.3
2145.4
587.1
313.1
73.7
6.3
291.5
891.9
1707.3
1000.8
1645.9
2043.2
2848.0
2672.9
1931.7
1214.9
1188.0
120.6
7.2
375.0
1155.8
1032.2
1867.2
1968.4
2429.5
1297.5
1573.6
1132.4
702.3
401.5
104.1
4.5
286.4
1185.1
1683.3
2024.6
2397.4
2032.1
2034.7
1525.7
1479.0
1637.3
1028.7
239.2
8.3
273.6
528.4
731.1
2112.2
2234.6
1221.3
1608.6
1990.9
1178.5
565.0
841.3
99.8
15.1
232.7
925.3
840.5
1399.3
758.1
1538.3
1606.3
2415.1
1107.7
869.5
411.4
100.5
3.3
152.5
427.0
479.6
375.0
989.0
1951.2
2506.9
2625.0
1944.1
839.8
339.2
64.2
0.0
89.0
262.5
1049.9
1720.7
2029.9
1152.8
1356.8
1022.5
843.1
663.9
672.6
88.3
8.9
221.5
690.8
1163.2
903.3
1034.6
2724.6
2501.8
2575.2
1910.8
998.5
600.2
97.1
7.6
158.3
736.1
1515.2
2118.2
2064.2
2924.5
1822.1
1837.3
1944.8
1635.2
1029.5
247.6
3.5
230.2
1041.9
1649.4
2009.8
2223.3
2275.9
2750.3
2662.4
2015.7
1579.6
989.1
50.7
4.3
108.6
297.3
579.9
776.4
651.8
547.9
552.6
443.2
360.2
345.7
86.0
22.2
5.2
110.3
700.8
1005.9
1210.5
1502.5
205.5
525.3
817.3
1065.0
363.6
100.7
28.1
7.9
225.9
730.1
971.4
2122.0
1968.3
1304.0
1173.0
1044.0
840.2
694.3
327.7
60.8
4.7
209.2
742.7
1122.0
1370.7
2009.3
2794.0
2104.3
1831.6
2240.4
1467.4
845.1
138.1
7.2
233.4
794.1
1382.1
1576.9
1558.7
1993.1
1949.0
2441.4
2131.0
1275.4
400.2
58.5
2.1
21.4
104.0
158.5
233.4
541.2
799.3
916.3
868.3
986.3
793.0
274.2
57.2
17.6
287.3
0.0
1620.7
1658.3
1983.7
2549.2
2567.2
2366.8
1901.6
779.2
402.3
80.3
16.4
294.7
831.8
1280.3
1942.6
2093.0
1723.0
2317.4
2105.6
1422.8
698.0
341.2
57.9
9.1
314.0
952.3
1119.0
1648.9
1854.6
2609.1
2535.7
2393.1
1720.5
1080.4
676.9
86.4
4.5
357.3
1002.1
1536.1
2123.5
2533.2
2766.7
2292.3
2521.7
1582.5
942.0
397.1
59.0
5.7
359.7
466.0
443.4
537.3
647.0
1053.7
1432.5
1079.7
1024.5
934.7
463.7
85.9
15.7
286.4
471.9
776.9
2182.7
1328.2
2318.9
2638.5
2325.9
1984.2
909.0
234.6
55.8
42.3
346.9
865.0
1182.2
976.1
1449.0
1137.1
2477.6
1763.5
509.2
777.8
653.5
70.5
11.4
190.0
942.7
1602.0
1961.9
2184.7
2348.5
2649.6
2315.6
2090.9
1630.1
841.9
83.0
8.6
92.5
520.1
1396.5
1209.2
2059.1
2004.4
869.2
631.8
728.2
808.6
288.6
86.0
22.7
252.2
730.3
1518.3
2036.3
2419.7
2814.3
2651.4
2396.3
2113.3
1456.9
809.9
84.6
12.1
139.3
364.7
510.6
956.4
1520.5
1380.1
1588.6
1844.7
527.2
356.5
227.5
27.0
8.4
255.7
974.3
1731.4
1788.6
1669.6
227.4
967.4
1144.6
276.6
210.8
136.1
53.0
12.2
53.9
173.3
319.3
713.0
880.2
1272.4
1572.3
1668.8
934.1
458.5
353.3
37.5
31.2
314.1
635.6
1381.0
1528.0
1565.4
1457.8
1861.4
2462.8
1579.9
1506.4
626.0
53.1
16.5
340.1
1023.4
1626.6
2064.4
2725.6
1632.5
2026.4
1810.6
1915.0
1464.1
611.4
114.1
6.8
138.5
563.0
1253.5
1258.7
1939.9
2532.0
2215.0
2289.9
1930.0
1417.8
753.2
52.4
4.2
31.0
45.1
256.6
354.9
342.0
370.8
354.2
398.2
405.1
334.6
199.5
29.4
12.3
110.5
468.2
1759.2
1949.5
2488.9
2559.8
2721.9
1724.7
418.2
159.9
109.2
21.3
14.0
358.1
1104.5
1622.7
1827.4
2405.5
2380.4
2489.8
1542.6
1003.5
219.4
40.5
22.0
0.0
16.2
21.6
53.7
220.5
835.9
1594.4
1908.8
1718.5
1726.5
876.0
457.2
102.8
7.8
24.7
81.8
183.4
848.5
2307.4
1303.9
307.2
534.3
688.6
593.1
254.9
46.0
26.2
406.8
1150.4
1184.6
717.7
714.0
1395.5
1315.0
835.5
968.7
755.0
328.2
38.8
22.0
294.9
846.1
923.3
914.3
923.6
595.7
436.4
495.9
396.1
415.5
184.0
18.6
13.9
374.0
920.4
1578.5
1969.9
2327.5
1937.4
1198.4
1138.2
983.3
607.6
333.5
45.9
19.5
302.8
906.7
1521.6
1834.2
2113.3
1964.7
1890.5
966.8
1053.4
703.2
389.1
49.7
10.9
294.7
968.2
1472.2
1630.0
1698.3
1787.0
1555.7
1885.4
1105.5
686.9
253.9
42.7
8.7
295.7
602.8
850.9
1305.2
1031.1
1165.2
1370.1
1419.3
1093.8
1011.3
348.3
55.6
15.7
259.0
858.1
1486.0
1827.1
1900.3
2321.5
2535.7
2351.6
1898.6
1400.8
738.8
102.0
9.3
250.7
1018.1
1592.6
1582.4
2008.1
2196.9
2188.7
2223.9
1912.2
1410.4
633.6
92.5
3.0
326.7
932.6
1445.0
1829.2
1743.9
1193.4
925.3
1080.5
1060.2
540.6
189.2
29.1
6.2
331.5
1039.0
1605.9
1891.7
1797.3
2095.8
2124.2
2191.2
1861.7
1385.8
726.0
100.7
6.8
173.4
824.4
1544.8
1700.3
1932.8
1898.3
2097.2
2197.2
1891.1
1370.9
566.2
93.5
4.3
336.0
980.1
1442.9
1776.9
2166.3
2431.6
2109.7
2105.7
1478.8
901.8
510.5
42.1
6.6
350.0
966.3
1473.3
1825.9
2004.0
1373.0
2008.2
1235.6
1345.1
862.1
276.9
25.8
1.6
182.6
676.2
1041.4
1183.6
1645.7
1262.1
1007.6
1045.8
1417.3
592.8
201.5
30.1
11.0
252.8
1135.4
1054.6
1024.8
1761.5
2127.2
2418.6
1737.7
1217.3
750.4
485.1
57.7
4.1
198.9
673.0
1545.5
1865.6
2184.3
1447.0
1782.8
2299.1
1726.0
1392.0
733.3
79.6
7.4
330.3
831.0
1502.7
1984.6
2149.6
2261.6
2190.5
2132.8
1856.1
1408.2
774.1
82.0
6.9
304.6
1037.2
1491.7
1933.6
1883.0
2093.3
2508.5
2234.9
1855.8
1405.5
768.0
81.0
6.5
189.6
821.2
994.5
1302.1
1719.9
1772.0
1892.2
1280.9
1170.4
799.6
302.7
39.5
2.4
34.1
57.5
263.8
713.3
654.3
607.5
691.5
946.6
628.4
263.0
141.9
10.6
5.4
93.2
174.4
123.6
253.8
641.1
688.0
440.8
314.1
638.0
449.7
281.1
34.0
22.4
341.1
1020.6
1409.0
1918.5
2284.0
2430.8
2367.0
2191.0
1820.1
1370.4
751.4
83.4
12.2
228.6
863.9
1367.8
1498.3
1325.1
1895.5
2427.4
2230.6
1824.0
1373.0
756.4
76.1
9.7
289.3
1008.9
1280.4
1408.1
1909.8
2603.3
2420.3
2212.0
1808.4
1355.2
743.3
51.0
4.8
88.1
351.4
1343.0
1720.8
1825.9
1642.4
1277.4
1786.3
1741.2
1351.2
301.2
71.3
3.3
30.9
172.4
308.1
839.5
1531.6
2145.3
1949.7
1708.9
1434.6
1078.0
639.6
89.0
5.0
121.0
385.1
820.5
1586.4
1821.0
1354.2
1532.1
1434.4
1327.4
1123.7
357.2
40.3
3.2
70.7
277.6
830.3
1197.4
1671.4
2430.7
1638.9
1661.8
1044.8
1061.9
816.3
136.0
10.0
343.5
1002.1
1356.4
0.0
1586.2
1638.3
1492.5
1818.9
1812.2
918.7
640.4
24.2
5.5
297.4
1009.7
1322.5
1704.6
2011.2
2071.9
2417.0
2191.5
1822.2
1364.1
742.2
85.8
8.0
265.6
955.2
1069.3
1753.3
1721.6
2179.2
2064.3
2153.2
1749.2
1337.4
663.7
69.6
19.7
274.2
912.5
1215.9
1423.4
2103.8
2368.3
2149.2
2132.7
1798.4
1328.2
707.2
84.0
10.6
272.2
935.9
1069.3
1205.6
2195.3
2314.2
2292.7
2169.6
1738.5
1307.2
567.4
55.8
8.7
335.3
1004.8
1312.1
1837.2
1773.2
2124.8
1682.7
1274.6
1028.1
605.5
94.5
37.8
4.0
364.0
1087.1
1192.9
1996.5
2123.6
1717.6
2132.7
1745.4
1128.7
815.8
306.2
32.8
2.5
29.7
116.9
327.3
693.7
1382.4
1686.5
1284.7
996.1
1106.6
821.9
364.5
54.8
14.9
168.6
761.7
1256.1
1617.9
1245.0
2030.9
2390.6
2119.8
1643.9
1280.1
780.4
104.1
24.4
201.4
373.2
1028.3
1539.4
1471.2
2195.4
2000.6
2253.8
1796.9
1329.1
748.1
92.2
12.6
178.2
689.7
1290.5
1663.0
2048.8
2342.1
2201.6
1960.7
1268.5
781.6
582.7
76.3
5.8
188.7
653.9
913.9
1518.4
830.7
1467.0
1673.4
1691.5
1057.9
876.0
540.0
73.7
5.4
109.7
330.8
1471.6
1867.6
2284.5
1908.4
2321.5
1762.3
1027.4
1112.8
497.4
35.4
2.8
300.9
951.0
1380.1
1844.2
1821.9
1972.0
1396.5
817.1
1077.6
976.4
650.9
61.5
2.9
47.9
45.8
88.5
225.1
147.5
399.1
786.3
824.6
998.7
591.3
270.4
68.4
5.1
188.5
863.9
1306.4
1933.2
2098.1
2175.1
1895.4
1754.1
1406.6
1222.5
606.5
79.7
4.2
195.8
763.9
1319.8
1098.1
864.8
1499.6
1152.6
969.7
1713.3
458.2
219.3
97.9
2.8
133.0
823.2
1057.8
1317.6
1594.1
1818.6
1299.0
842.0
1433.0
1240.6
766.7
75.7
1.8
34.6
114.1
298.6
147.5
138.7
144.3
78.1
150.0
276.8
236.5
190.9
42.6
2.2
38.7
114.7
327.6
932.7
2214.4
1971.3
1268.8
687.8
767.0
497.3
181.5
21.5
6.1
315.0
706.9
973.5
1508.3
1570.4
1548.9
1643.1
1415.3
1390.6
776.5
377.5
45.0
4.5
227.4
898.5
941.0
1689.4
1902.5
1613.2
1466.7
1190.7
1663.9
875.1
318.5
68.1
0.7
274.2
905.6
1254.2
1914.2
2168.5
2133.0
1877.6
1814.0
1647.7
1314.4
396.4
11.9
0.1
273.9
891.5
1210.4
1827.0
2139.2
1767.0
1586.2
1464.2
1503.8
1092.2
634.2
98.4
0.0
262.3
886.4
1102.8
1540.1
2053.2
1672.6
1729.9
1099.6
232.2
575.5
399.5
118.0
7.3
295.7
897.3
1215.5
1876.4
2187.9
2296.0
1894.9
1442.9
1566.8
902.1
602.6
50.8
1.9
191.0
911.9
1208.8
1983.6
1985.7
2043.8
1635.4
1443.2
1753.2
1335.5
738.7
109.0
0.0
150.3
692.2
1275.9
1680.7
2017.5
1572.6
1835.3
1194.6
1169.0
690.6
426.3
67.1
0.0
256.2
856.5
1209.1
1900.4
2006.0
2236.8
1802.7
1362.5
953.3
521.4
345.0
49.4
0.0
224.1
654.5
1140.7
1716.1
2038.5
2201.4
1910.6
1559.3
1060.3
992.1
939.5
142.4
0.0
225.2
519.9
1245.5
1259.2
1868.1
2034.6
1891.0
2073.9
1395.3
959.9
555.0
55.5
0.0
269.8
874.4
1219.2
1170.9
1691.0
2076.6
1772.0
1306.0
921.6
480.6
212.2
30.8
0.0
131.0
851.8
857.8
1326.6
2152.5
1585.4
1720.2
1067.8
1147.3
556.3
243.5
33.6
0.0
68.9
352.7
780.7
1163.8
1635.8
1358.2
1466.6
1486.1
1106.3
736.7
322.3
50.3
2.9
147.0
674.0
1041.8
1405.5
2083.1
2385.8
2431.2
2129.1
1749.4
1343.2
777.6
116.7
1.9
224.6
831.0
1248.6
1695.5
1693.2
1590.0
2090.4
1990.2
1749.2
1347.9
768.0
120.6
0.0
217.7
858.1
1001.0
747.2
1196.5
1547.3
1036.5
1639.9
881.3
640.9
277.6
42.9
1.7
207.9
701.8
1148.1
1586.2
1806.0
2075.4
1884.6
2012.1
1510.4
1362.5
787.4
127.3
0.5
238.3
826.8
1103.3
1804.6
1770.8
1781.3
1599.0
1913.1
1786.4
1368.8
778.8
125.1
0.1
213.9
803.4
927.4
1448.7
1857.1
1621.4
1788.6
2166.2
1787.8
1375.0
793.6
126.7
0.3
164.3
510.1
756.7
950.0
1300.1
1219.7
1490.6
1550.5
1338.2
1318.2
800.6
131.8
1.4
130.8
707.1
1005.3
1684.9
2049.1
2329.4
2300.8
2113.3
1788.2
1390.6
815.0
138.5
0.0
234.6
866.1
1250.8
1872.5
2173.7
2269.8
2276.2
2097.0
1722.3
1334.0
820.4
77.1
1.0
36.3
107.7
96.1
123.4
194.8
163.3
429.4
429.8
657.0
371.0
237.1
38.1
1.7
90.6
543.4
1133.3
862.1
1659.4
2373.1
2318.7
2122.6
1827.6
1322.7
699.8
54.8
0.8
204.3
890.4
1303.6
1893.4
1952.3
1723.4
1340.3
1827.1
1735.8
1414.8
821.1
142.8
0.3
188.5
787.0
1171.4
1315.0
1533.5
1468.8
1149.7
1003.1
532.2
445.8
376.2
95.1
2.0
161.3
816.6
1173.8
1441.1
1764.9
2142.0
2409.6
2137.1
1799.3
1395.9
804.3
139.5
0.2
177.8
700.9
1311.6
1948.4
2011.3
2062.1
2244.8
1797.9
1333.4
1217.8
835.7
156.7
0.0
160.3
923.4
1038.6
1181.9
1414.4
1847.0
1316.3
1268.7
741.4
834.5
842.6
153.6
0.0
258.8
907.4
1275.8
1846.9
2166.6
2279.0
2354.5
1975.6
1569.7
1426.7
832.0
149.7
0.0
227.8
904.1
1293.5
1902.1
2208.1
2326.7
2344.0
2109.6
1684.1
1441.6
835.6
152.8
0.0
231.8
822.0
1104.7
1180.2
1945.3
1190.9
2336.2
1833.3
1817.6
1391.4
815.8
159.9
0.0
185.6
903.5
1274.3
1900.4
2176.6
2134.9
2306.0
1920.8
1833.6
1416.1
849.3
156.2
0.0
230.1
814.4
1237.4
1869.4
2194.6
2372.2
2349.5
2010.7
1703.3
1425.6
836.1
152.0
0.0
92.7
547.1
1132.3
1980.1
1486.7
1619.7
1272.8
981.6
1222.2
1046.8
390.6
78.3
0.0
245.1
920.6
1295.6
1895.1
2228.3
2386.1
2276.2
2209.0
1841.5
1419.9
819.8
142.4
0.0
67.8
374.3
851.4
881.4
980.9
1110.9
1575.5
1196.4
1494.8
810.5
307.5
50.6
1.6
118.0
935.8
1266.5
1893.2
2009.2
1903.9
1890.5
1638.8
1767.6
1347.4
832.5
149.8
0.0
221.1
912.8
1319.5
1913.0
2257.6
2377.6
2398.6
2138.4
1880.5
1439.3
477.5
64.3
0.0
208.7
800.7
1209.6
1735.2
2274.0
2100.2
1185.7
1375.7
1476.7
1270.2
401.5
69.2
0.0
200.4
908.8
1366.8
1863.6
2202.2
2172.2
1912.3
1750.3
1876.4
1438.0
866.2
162.9
0.0
206.4
898.8
1418.3
1818.2
2252.3
2390.5
2408.8
2215.2
1864.4
1417.1
826.4
150.1
0.0
276.1
940.7
1553.8
1974.5
2187.1
2219.7
2198.0
2045.2
1768.7
1391.8
779.8
163.9
0.0
238.6
883.0
1461.6
1542.2
1944.5
1918.4
2235.0
2214.1
1889.8
1468.7
883.1
168.4
0.0
217.1
908.5
1505.1
1719.6
2231.3
1949.3
1612.4
1554.5
1768.2
1413.3
820.0
150.7
0.0
215.0
895.3
1493.2
1694.5
2258.6
2301.5
2312.6
2240.6
1859.0
1416.2
822.3
154.2
0.0
184.0
747.1
1303.8
1704.9
1881.4
1829.9
1539.0
1542.1
929.5
1516.0
644.2
116.0
0.0
224.9
943.4
1552.8
1775.0
2331.6
2444.5
1957.4
2242.1
1911.7
1464.5
883.4
167.6
0.0
219.0
922.7
1515.5
1623.1
1914.9
2242.2
2127.9
2315.9
1894.7
1470.8
887.2
169.7
0.0
226.1
917.3
1427.1
1609.8
2351.6
2316.6
2517.8
2286.6
1914.1
1463.0
885.9
166.4
0.0
179.8
954.2
1092.7
1803.5
2383.2
2017.4
1988.0
1602.0
1666.0
1377.5
879.9
156.1
0.0
225.3
939.3
1540.6
1795.6
2340.8
2494.1
2504.3
2260.6
1911.9
1470.7
888.9
168.0
0.0
230.7
959.7
1558.9
1779.5
2352.1
2479.0
2470.4
2205.9
1935.3
1485.8
871.8
171.9
0.0
233.1
955.2
1555.8
1788.7
2351.2
2442.1
2288.9
2325.0
1928.9
1465.8
869.1
164.7
0.0
230.2
943.4
1559.7
1720.6
2348.1
2559.9
2525.6
2332.6
1929.9
1467.2
872.0
162.3
0.0
235.0
960.1
1570.0
1835.9
2400.0
2550.1
2582.5
2350.3
1966.0
1506.6
902.4
170.1
0.0
228.1
928.9
1544.8
1847.8
2379.5
2526.6
2520.8
2323.1
1939.7
1462.8
874.9
176.7
0.0
134.8
743.8
1589.4
1816.0
2092.1
2521.2
2453.4
2196.9
1884.4
1457.5
875.9
175.6
0.0
242.9
969.3
1571.2
1883.4
2187.0
2199.9
1818.5
2174.3
1972.1
1492.5
877.2
162.4
0.0
218.5
962.1
1565.8
1910.7
2445.7
2436.5
2472.3
2376.2
1979.5
1507.0
884.0
136.4
0.1
235.1
896.0
1441.0
1557.4
2106.6
2555.0
2456.3
2131.2
1765.9
1346.7
663.3
129.7
0.0
216.9
862.8
1164.2
1543.4
2266.7
2444.9
2653.3
2386.6
1973.9
1488.8
864.5
157.9
0.0
200.4
960.5
1085.4
1574.2
1874.4
2417.4
2524.0
2417.8
2009.4
1377.0
910.1
177.4
0.8
179.9
744.7
1496.4
1848.2
2375.7
2614.8
2609.5
2371.6
1944.4
1432.4
817.7
137.6
0.1
235.5
921.9
1525.7
1894.7
2395.0
2486.0
2616.8
2366.3
1946.1
1451.3
823.0
141.8
0.0
240.6
944.6
1557.4
1825.5
2446.7
2646.6
2626.5
2293.5
1944.7
1445.0
799.7
135.5
0.3
195.6
524.8
966.8
1421.8
2429.0
2578.0
2448.3
2015.2
1916.2
1450.0
772.4
67.6
1.9
284.7
702.5
1449.5
1798.2
2025.4
2623.6
2545.0
2340.2
1874.0
1367.0
740.3
119.0
0.0
165.8
860.5
1177.9
1154.2
1850.1
2357.2
2538.4
2254.1
1836.3
1332.8
687.1
107.1
1.0
144.3
454.2
468.4
1100.4
1252.0
2346.8
2261.6
2181.7
1889.9
1361.5
740.3
119.3
0.0
254.7
931.9
1185.2
1480.2
1359.8
2101.4
2136.7
2300.1
1971.3
1448.8
744.0
115.2
3.1
276.7
912.2
1532.6
1572.3
2097.1
2665.0
2682.4
2401.1
1973.5
1460.4
810.8
136.3
0.7
156.7
958.3
1382.2
1879.9
1581.3
2411.8
2602.1
2381.8
1967.8
1443.4
795.4
138.5
2.1
329.2
1037.1
1447.2
1802.7
2178.9
2555.6
2743.6
2408.0
1991.2
1475.8
830.4
140.7
2.9
160.0
383.2
1233.6
1263.9
1799.9
1946.2
2496.8
2438.9
2012.4
1473.5
806.0
123.2
1.8
292.9
1014.8
1625.7
2071.0
2445.1
2685.1
2733.8
2428.7
2000.5
1477.3
806.3
122.8
5.2
292.2
954.4
1561.3
2169.2
2533.7
2609.2
2615.3
2346.2
1925.4
1393.7
721.8
109.0
3.3
199.3
1025.2
1127.5
1290.9
2258.8
2832.2
2687.1
2427.4
2017.9
1487.8
823.4
132.4
2.7
330.3
1065.8
1672.2
2212.9
2620.4
2738.4
2747.1
2446.7
2022.7
1509.1
850.8
134.8
2.5
346.8
966.0
1686.9
2220.8
2251.7
2558.4
2767.9
2444.2
2030.7
1519.3
858.2
139.2
9.7
412.1
1068.0
1480.6
1579.6
1600.9
1473.4
2759.5
2454.8
2034.9
1514.7
849.2
135.6
1.0
175.7
1045.6
1655.7
2186.1
2695.7
2699.2
2612.3
2534.5
2089.4
1264.9
837.0
109.7
3.7
267.7
772.2
1497.2
2285.3
2513.4
1797.2
2701.6
2441.5
2037.5
1510.6
836.6
130.7
4.0
379.3
1099.2
1708.1
2257.4
2687.0
2846.7
2756.8
2453.6
2040.0
1515.8
836.1
133.1
4.2
390.3
1111.0
1722.9
2268.6
2695.1
2854.3
2757.4
2452.1
2028.8
1509.9
861.2
138.1
5.7
376.1
1102.1
1721.1
2272.1
2696.1
2850.0
2776.7
2465.2
2046.5
1523.3
851.0
131.3
6.9
388.6
1093.3
1530.0
1921.3
2374.8
2451.2
2422.8
2500.6
2070.6
1529.8
856.8
134.4
3.6
272.1
810.1
1531.4
1933.6
2690.9
2873.4
2842.6
2516.4
2066.3
1509.8
833.9
124.6
6.3
254.6
664.7
1139.2
2126.7
2728.3
2889.1
2786.7
2440.3
2002.8
1462.9
778.1
106.9
0.1
184.9
367.8
1016.6
1070.7
1752.4
2857.6
2809.0
2464.5
2016.9
1460.5
762.3
102.7
7.6
306.0
1057.0
1707.9
2232.7
2527.1
2772.1
2747.1
2471.7
2035.9
1495.0
796.9
116.4
7.9
375.8
1120.4
1743.6
2312.1
2674.2
2947.0
2806.3
2486.7
1996.9
1327.2
372.0
44.2
11.0
347.8
1076.3
1613.5
2187.3
2485.6
2956.6
2747.6
2469.2
2015.8
1511.8
801.2
101.9
7.7
326.8
961.7
1302.7
1944.7
2461.4
2773.9
2840.2
2499.5
2056.8
1492.9
783.0
105.0
6.8
260.2
841.8
1302.4
1866.9
2466.2
2926.0
2811.7
2473.9
2021.0
1472.5
762.7
104.4
7.6
220.0
953.4
1780.8
2336.8
2729.1
2662.4
2699.8
2485.7
2030.6
1481.1
784.5
102.5
10.9
386.9
1110.8
1581.2
1827.6
2478.3
2908.2
2838.9
2495.2
2053.0
1483.7
779.9
102.2
13.5
190.1
311.0
394.7
1539.1
1556.5
2915.8
2844.8
2313.6
1641.2
1353.1
772.0
88.7
6.0
209.1
599.1
920.3
853.5
2010.3
1972.1
1913.2
2226.8
2063.6
1450.5
760.2
98.0
8.4
209.6
990.6
1266.3
1549.0
2017.4
2804.0
2806.1
2476.0
2043.1
1497.0
722.6
65.3
20.4
446.2
903.5
1313.5
1455.9
2345.3
2706.9
2612.2
2450.9
2053.1
1460.0
752.4
83.0
10.6
291.1
878.1
1389.8
2036.5
2161.0
2788.0
2769.5
2495.6
2056.4
1486.5
750.2
96.3
16.1
404.0
721.1
1591.9
1767.8
2674.6
2797.1
2840.7
2477.2
2044.0
1467.2
746.5
91.2
11.8
305.5
784.7
1631.5
2045.4
2672.6
2985.9
2744.9
2466.6
2037.3
1487.2
770.1
89.7
10.3
160.9
407.4
1341.2
1859.5
2209.0
3018.8
2870.2
2498.8
2054.7
1473.2
749.0
95.7
15.7
177.3
1104.8
1559.7
1754.8
2209.6
2997.1
2751.1
2489.8
2044.5
1484.0
773.9
95.0
12.0
260.2
859.6
935.9
1077.9
1454.4
2329.4
2669.7
2471.3
2021.1
1440.3
712.9
66.2
16.9
540.2
1168.8
1580.2
2237.6
2779.6
2965.9
2800.0
2477.1
2028.5
1450.0
738.1
86.9
23.8
401.4
1053.8
1693.8
2421.1
2692.5
3021.0
2840.8
2487.9
2049.3
1460.1
733.4
79.2
16.8
417.0
782.3
966.6
2044.2
1523.3
1566.8
921.4
2305.4
2017.1
1425.7
709.9
80.2
23.5
469.3
1166.6
1808.2
2395.4
2854.1
2968.4
2792.8
2466.1
2022.4
1436.9
703.0
75.6
16.3
343.8
989.4
1762.1
2212.6
2735.9
2984.5
2824.7
2486.1
2044.1
1448.0
736.4
81.7
21.5
461.5
1153.9
1244.4
2519.8
2787.0
3005.2
2821.0
2497.4
2074.1
1473.9
750.3
88.5
17.5
350.1
1022.6
1488.0
1808.7
2249.9
2632.6
2811.7
2427.4
1946.9
1470.4
734.4
80.7
23.5
368.2
653.0
1440.0
1798.6
2720.3
3017.8
2823.3
2495.2
2062.9
1476.3
754.4
85.4
24.2
329.4
1069.0
1636.3
2613.1
2973.6
2475.0
2591.5
2485.9
2090.7
1454.7
724.9
47.9
29.5
326.6
984.7
1660.2
2186.6
2618.7
2634.4
2561.5
2479.4
2114.6
1478.9
685.0
70.4
23.7
487.6
1002.1
1669.5
2375.4
2916.8
3047.4
2728.2
2286.1
2107.1
1449.2
798.2
93.8
24.6
512.6
887.3
1383.9
2455.6
2858.2
2945.1
2719.9
2493.5
2063.2
1468.6
715.7
65.2
30.2
315.6
954.3
1679.7
2140.3
2642.5
2941.6
2641.4
2441.9
2029.3
1444.5
720.1
74.8
23.6
458.3
933.5
1396.6
2141.0
2630.7
2958.6
2794.9
2392.4
1925.5
1451.7
729.6
73.9
21.3
443.4
1036.4
1829.1
2445.2
2788.0
2955.1
2825.6
2481.7
2044.1
1448.3
688.8
70.1
28.0
342.7
1016.7
1875.1
2176.8
2511.1
2674.0
2635.9
2524.9
2087.2
1491.1
763.5
79.6
28.7
481.7
1233.5
1739.5
2337.9
3017.5
3034.8
2863.6
2525.1
1731.3
1222.8
726.5
63.5
33.2
474.3
828.0
1901.0
2547.1
2988.8
3073.6
2840.3
2533.2
2088.6
1494.4
751.5
76.0
30.3
262.7
1134.4
1595.3
2128.9
2284.4
3066.1
2834.6
2513.0
2087.5
1488.7
755.8
75.8
28.6
539.8
1306.2
2036.8
2609.6
2990.0
3038.9
2820.1
2518.3
2073.3
1466.2
719.5
63.8
32.2
284.9
608.7
1456.6
2173.8
2653.3
2884.5
2750.2
2520.7
2090.7
1444.8
725.6
60.6
29.2
416.6
673.4
1376.3
2576.8
2957.8
2956.6
2745.9
2510.8
2047.1
1487.4
743.7
58.6
33.7
307.7
958.0
1379.8
2378.5
2752.8
3008.5
2634.9
2546.3
2072.3
1477.6
727.0
51.6
20.2
179.2
428.1
903.8
744.6
1469.8
1888.9
2657.7
2103.5
1757.1
1204.9
672.8
53.2
38.5
541.1
890.3
1169.5
2325.8
2991.5
2917.2
2599.7
2476.6
2084.8
1502.5
737.1
34.4
13.9
355.7
754.1
1013.7
1893.9
1950.8
2958.0
2822.6
2010.8
2051.3
1474.8
721.0
43.6
40.8
471.1
807.7
1246.2
1749.1
2544.7
2871.9
2677.6
2315.6
2051.8
1435.2
697.1
49.0
35.9
569.5
694.5
1305.0
1956.8
2718.0
2456.2
2536.5
2426.4
1946.3
1327.6
684.0
40.3
38.5
495.7
863.4
1523.0
2387.5
2417.7
2797.5
2348.6
2398.6
1664.1
1095.9
766.3
62.4
31.1
235.1
843.9
1412.1
1765.1
1930.0
2597.1
2530.9
2328.3
1652.4
1310.1
662.2
46.4
38.1
593.7
1090.0
1771.9
2422.1
2907.9
3059.2
2682.9
2495.7
1972.5
924.9
457.2
39.5
33.0
272.7
1270.7
1279.0
2359.4
2970.4
2922.8
2830.0
2525.2
2071.3
1279.8
631.2
37.3
39.5
568.4
999.2
1193.1
1864.8
2553.9
2888.6
2782.3
2323.9
2130.3
1448.4
667.3
51.6
34.3
545.4
1045.0
1632.5
1745.6
2588.8
2970.5
2745.8
2451.5
2004.4
1406.0
564.3
51.4
39.1
392.2
963.2
1393.5
2302.8
2233.0
2771.5
2753.5
2375.9
1999.7
1441.5
655.3
54.6
38.8
431.1
561.8
519.1
1147.8
1547.8
1591.2
1744.8
1105.7
1723.2
1354.1
555.9
39.9
23.4
238.3
578.0
1364.6
1879.7
2706.3
2739.5
2411.4
2299.0
1846.7
1403.8
698.7
50.6
33.2
582.2
1358.2
1672.1
2362.8
2653.7
2517.5
2685.5
2565.3
2081.2
1428.3
704.8
54.8
41.1
549.1
830.4
1831.4
2488.0
2931.1
2933.7
2781.9
2523.6
2069.9
1120.1
777.9
79.5
39.6
315.1
646.7
1857.7
2372.1
2995.1
2736.1
2284.9
1874.7
1568.3
1309.2
896.4
56.8
39.7
434.8
851.2
1536.3
2167.6
2690.3
2826.1
2532.8
2513.0
2041.2
1450.5
336.0
41.1
41.2
476.9
807.2
1480.2
2313.4
2836.3
2765.0
2776.1
2505.7
2089.3
1402.5
646.3
40.8
51.3
474.5
1178.3
1553.1
1999.4
2485.4
2586.4
2390.3
1920.0
1132.4
570.3
483.5
32.2
29.3
153.1
207.9
377.1
1065.5
2264.4
2551.5
2648.5
2499.7
2105.7
1494.3
730.9
43.4
30.1
208.6
785.2
954.0
1274.3
2736.4
2536.3
2825.0
2536.8
2114.2
1505.0
756.6
47.3
36.0
541.4
1311.8
1368.2
2186.3
2434.9
2865.1
2759.4
2525.2
2007.7
1370.9
281.5
42.6
33.2
573.8
1068.3
1437.7
2210.6
2907.5
2913.0
2743.5
2495.8
2093.5
1488.5
754.2
47.0
40.8
447.0
795.6
1639.8
1695.3
2061.7
2962.9
2748.2
2499.6
2088.8
1500.8
765.9
44.8
39.6
561.3
913.2
1731.5
2065.4
2592.1
2637.3
2292.3
2534.5
1776.9
1124.0
662.5
69.7
46.0
445.4
727.8
1315.2
2057.7
2107.8
2130.7
2381.3
2121.7
1759.2
1212.6
640.2
53.4
41.2
404.9
843.6
1736.6
2283.3
2574.0
2845.0
2481.4
2490.4
1741.9
1221.6
669.7
62.2
45.5
398.5
978.7
1416.7
1727.2
2511.0
2506.2
2499.8
2177.7
1726.7
1318.4
669.6
60.7
42.9
338.8
656.0
1028.7
1385.3
1954.3
1998.8
2314.7
1684.6
1282.4
775.5
329.8
56.6
49.6
439.1
909.6
1375.4
2013.0
2647.3
2777.6
2308.1
2457.2
1932.1
1022.0
673.7
38.5
58.0
560.1
1108.6
1652.1
1387.6
951.0
1663.2
2569.4
2548.5
2151.3
1539.1
785.4
51.7
57.9
339.8
606.6
1350.6
1955.1
2268.6
2776.6
2766.9
2530.8
2060.6
1560.7
784.0
52.7
27.2
455.4
879.5
1139.9
1781.4
2147.7
2740.9
2608.3
2538.2
2101.1
1398.5
724.8
53.6
23.6
274.9
935.0
1417.9
1112.3
2250.4
2204.9
2674.8
2465.3
2104.1
1514.8
784.8
55.5
34.7
513.6
1138.9
1384.5
1758.2
1767.6
2318.4
2427.5
2628.8
1786.5
1439.2
584.8
55.9
35.4
473.5
1207.4
1662.0
1757.1
1960.2
2903.3
2763.3
2536.9
2119.6
1523.1
787.2
58.6
41.6
388.3
1193.7
1810.9
1470.8
1969.2
2790.8
2769.1
2515.9
2113.0
1531.3
600.2
56.4
42.2
528.8
1162.8
1937.2
2514.7
2796.9
2901.3
2753.6
2544.7
2159.9
1193.8
450.7
53.5
26.1
519.3
1251.0
1612.1
2165.3
2573.3
2716.4
2738.0
2540.7
2124.2
1552.0
675.5
68.0
14.8
455.9
1144.1
1828.6
2001.2
2458.6
2519.8
2710.3
2520.4
2103.3
1512.1
790.5
73.7
34.1
516.8
1166.3
1958.2
2098.3
2809.6
2872.6
2655.5
2558.4
2048.0
1502.6
828.2
64.5
30.3
460.7
773.7
1726.7
1435.7
1623.3
2327.7
2638.1
2372.6
1771.4
1477.7
645.0
71.5
31.6
393.9
887.6
1621.0
1814.8
2863.7
2702.3
2846.7
2530.2
2093.7
1543.8
784.3
69.8
24.9
465.4
1049.8
1668.3
2219.8
2586.7
2799.0
2743.5
2584.1
1666.8
893.1
482.8
90.1
14.4
271.9
1120.5
1144.3
1355.9
1718.8
1971.6
2092.3
2353.5
1193.2
954.2
403.3
113.8
20.8
384.9
975.8
1619.5
1305.7
2003.5
1830.5
1807.0
2211.5
1938.1
1372.8
857.7
80.1
9.1
346.9
1110.1
1560.9
1504.2
2286.5
2912.3
2782.2
2593.2
2206.7
1405.1
402.7
83.7
16.3
343.5
1212.5
1719.8
2139.8
2919.4
2356.9
2269.0
2282.6
2161.6
1508.2
882.2
69.1
18.8
396.7
995.0
1631.2
2073.3
2174.4
2284.9
2197.0
1986.3
2158.6
1388.1
449.6
59.9
13.8
309.3
1024.9
1535.9
1877.5
1892.3
2655.1
2829.5
2470.2
2185.8
1618.7
889.7
90.2
27.1
275.0
1051.5
1452.5
1861.0
2181.0
2721.9
2749.7
2582.5
2190.0
1573.6
858.5
74.5
20.0
380.0
1091.3
1734.3
2248.9
2766.3
2700.7
2301.6
2110.3
1868.1
1312.9
639.4
47.6
18.8
264.9
853.4
1338.3
1929.8
2510.0
2791.1
2659.8
2457.6
2037.3
1423.2
711.5
84.5
25.2
384.8
1008.3
1511.8
1483.0
2343.9
2687.7
2684.5
2511.6
2146.5
1595.9
916.7
86.4
20.9
255.2
598.5
950.1
1280.8
1635.7
2308.0
2522.7
2447.4
1792.1
1243.8
639.4
127.1
30.7
294.6
998.6
1393.7
1645.6
2574.1
2558.1
2498.7
2426.2
1789.2
1529.5
789.6
91.8
17.9
337.0
653.7
1313.9
1972.0
2300.3
2622.4
2226.0
2034.9
1857.1
1400.5
749.2
124.8
31.3
350.0
731.4
1649.8
2325.9
2569.6
2577.5
2725.2
2526.7
2247.5
1510.7
922.5
115.5
15.4
326.0
719.5
1351.3
1922.5
1706.8
1959.8
2156.5
2381.7
1881.2
1422.4
911.4
127.3
14.1
154.7
412.5
1147.4
1437.5
2481.8
2897.2
2743.3
2594.5
2077.7
1614.5
844.8
130.6
17.5
433.9
879.5
1502.2
1882.1
2749.9
2868.5
2794.5
2340.4
2192.8
1491.3
725.2
127.0
9.9
238.6
769.0
1669.4
1389.2
2114.1
1901.9
1915.4
1829.9
1358.1
840.4
709.6
139.2
14.4
238.6
637.7
1140.3
2053.1
1698.9
2209.2
1898.8
2300.2
1992.0
1609.8
547.9
150.4
11.3
281.5
679.0
1047.1
1323.5
1946.9
1466.7
1424.4
1475.2
1335.5
986.3
562.0
140.0
5.1
141.1
656.2
668.8
1802.1
2690.8
2925.2
2489.1
2352.8
1567.8
1020.0
681.0
134.2
8.3
240.0
356.0
836.6
1547.4
2692.5
2659.4
2660.4
2394.4
2198.2
1686.3
912.6
156.5
7.8
299.9
710.8
1284.7
2154.7
2578.2
2283.7
2696.4
2617.6
2257.8
1779.1
745.3
76.3
7.5
262.7
867.4
1409.1
1778.7
2247.6
2816.8
2773.3
2572.5
2220.7
1682.6
884.8
99.1
7.8
371.7
389.0
742.3
1936.6
2485.4
2675.9
2799.4
2555.4
2241.1
1683.9
1012.5
172.0
10.0
257.9
803.5
1206.6
1429.0
2032.8
2566.5
2724.4
2553.4
2177.0
1639.0
955.5
151.1