y
64.42857142857143
61.42857142857143
62.285714285714285
63.285714285714285
62.142857142857146
61.57142857142857
63.42857142857143
62.42857142857143
63.857142857142854
63.714285714285715
64.28571428571429
64.14285714285714
64.71428571428571
61.857142857142854
63.714285714285715
67.0
68.28571428571429
68.28571428571429
68.57142857142857
65.42857142857143
63.857142857142854
59.714285714285715
55.42857142857143
53.42857142857143
51.42857142857143
50.142857142857146
51.714285714285715
52.57142857142857
56.0
54.57142857142857
54.857142857142854
55.0
55.714285714285715
55.57142857142857
56.142857142857146
54.714285714285715
56.285714285714285
57.285714285714285
56.42857142857143
56.0
57.285714285714285
55.857142857142854
56.42857142857143
55.714285714285715
57.285714285714285
58.285714285714285
58.714285714285715
58.0
58.142857142857146
58.57142857142857
59.0
56.42857142857143
56.285714285714285
58.142857142857146
58.0
60.142857142857146
59.857142857142854
59.42857142857143
58.142857142857146
57.42857142857143
53.57142857142857
52.42857142857143
49.285714285714285
49.714285714285715
49.285714285714285
51.714285714285715
51.714285714285715
54.142857142857146
52.857142857142854
54.857142857142854
52.857142857142854
54.714285714285715
55.0
54.857142857142854
53.285714285714285
54.142857142857146
53.42857142857143
54.57142857142857
52.285714285714285
49.57142857142857
50.285714285714285
52.142857142857146
50.857142857142854
50.57142857142857
49.714285714285715
53.285714285714285
56.57142857142857
55.57142857142857
55.57142857142857
55.857142857142854
57.285714285714285
57.714285714285715
56.285714285714285
53.57142857142857
55.857142857142854
55.857142857142854
56.42857142857143
56.285714285714285
60.42857142857143
60.142857142857146
61.857142857142854
60.285714285714285
61.42857142857143
62.857142857142854
61.857142857142854
60.42857142857143
59.142857142857146
59.42857142857143
61.57142857142857
62.0
61.42857142857143
61.0
57.857142857142854
58.857142857142854
57.142857142857146
54.0
54.0
55.0
56.857142857142854
58.857142857142854
57.857142857142854
60.42857142857143
59.714285714285715
56.42857142857143
53.57142857142857
50.57142857142857
48.42857142857143
49.42857142857143
45.714285714285715
46.285714285714285
48.285714285714285
50.0
53.0
53.142857142857146
51.142857142857146
54.142857142857146
56.857142857142854
57.57142857142857
57.857142857142854
56.57142857142857
56.57142857142857
56.285714285714285
53.714285714285715
52.0
50.142857142857146
50.714285714285715
50.42857142857143
53.142857142857146
55.857142857142854
57.285714285714285
55.857142857142854
56.142857142857146
56.142857142857146
55.714285714285715
54.285714285714285
53.57142857142857
53.0
54.42857142857143
54.57142857142857
55.57142857142857
57.285714285714285
56.57142857142857
54.714285714285715
54.142857142857146
53.857142857142854
51.285714285714285
50.0
49.142857142857146
49.142857142857146
49.0
51.142857142857146
51.142857142857146
52.0
52.285714285714285
53.0
51.42857142857143
54.857142857142854
54.57142857142857
54.142857142857146
56.714285714285715
58.285714285714285
59.0
62.42857142857143
60.57142857142857
61.285714285714285
61.714285714285715
60.285714285714285
58.0
54.714285714285715
54.0
51.42857142857143
49.857142857142854
46.714285714285715
46.42857142857143
44.42857142857143
44.285714285714285
43.285714285714285
43.142857142857146
42.714285714285715
42.57142857142857
46.0
50.857142857142854
54.142857142857146
54.57142857142857
56.142857142857146
54.714285714285715
57.142857142857146
59.0
56.0
53.0
54.142857142857146
53.857142857142854
54.857142857142854
54.42857142857143
47.285714285714285
47.142857142857146
48.142857142857146
47.285714285714285
46.42857142857143
46.857142857142854
49.42857142857143
52.42857142857143
52.142857142857146
53.0
49.714285714285715
53.285714285714285
52.857142857142854
50.857142857142854
51.285714285714285
51.0
49.857142857142854
52.142857142857146
49.714285714285715
51.285714285714285
51.57142857142857
51.857142857142854
54.714285714285715
57.42857142857143
57.0
57.0
55.42857142857143
55.0
53.0
50.142857142857146
50.0
50.857142857142854
49.285714285714285
50.285714285714285
53.857142857142854
54.0
53.42857142857143
52.714285714285715
53.42857142857143
55.857142857142854
55.285714285714285
53.142857142857146
55.0
54.714285714285715
53.57142857142857
53.285714285714285
52.714285714285715
54.0
52.142857142857146
51.714285714285715
52.714285714285715
57.285714285714285
55.857142857142854
56.142857142857146
53.142857142857146
54.857142857142854
53.57142857142857
54.42857142857143
50.0
52.42857142857143
52.714285714285715
56.57142857142857
55.857142857142854
57.857142857142854
58.42857142857143
58.57142857142857
57.857142857142854
58.714285714285715
59.0
60.714285714285715
62.142857142857146
61.857142857142854
61.857142857142854
61.57142857142857
60.142857142857146
58.0
57.57142857142857
53.57142857142857
55.285714285714285
58.857142857142854
58.857142857142854
61.42857142857143
62.42857142857143
62.714285714285715
65.28571428571429
64.85714285714286
62.0
63.0
61.857142857142854
60.142857142857146
59.857142857142854
59.57142857142857
56.857142857142854
56.142857142857146
55.57142857142857
57.285714285714285
57.0
58.0
57.142857142857146
58.714285714285715
62.0
61.57142857142857
59.57142857142857
59.42857142857143
58.0
56.285714285714285
55.714285714285715
53.285714285714285
53.57142857142857
54.142857142857146
54.57142857142857
56.285714285714285
56.57142857142857
56.142857142857146
56.0
55.714285714285715
54.42857142857143
54.142857142857146
50.0
52.142857142857146
52.57142857142857
51.142857142857146
50.57142857142857
52.142857142857146
52.857142857142854
53.714285714285715
56.285714285714285
56.142857142857146
56.857142857142854
58.714285714285715
58.142857142857146
57.57142857142857
57.857142857142854
54.857142857142854
55.57142857142857
55.142857142857146
52.714285714285715
51.285714285714285
50.57142857142857
51.714285714285715
50.0
50.285714285714285
49.57142857142857
49.42857142857143
50.285714285714285
50.57142857142857
50.857142857142854
51.714285714285715
51.57142857142857
53.714285714285715
54.857142857142854
52.857142857142854
53.857142857142854
54.857142857142854
54.42857142857143
54.42857142857143
54.0
50.857142857142854
53.285714285714285
53.857142857142854
50.142857142857146
51.42857142857143
51.285714285714285
50.285714285714285
52.42857142857143
51.0
50.142857142857146
52.57142857142857
51.42857142857143
47.857142857142854
53.285714285714285
52.714285714285715
54.57142857142857
53.285714285714285
53.714285714285715
54.0
56.42857142857143
51.142857142857146
52.142857142857146
51.42857142857143
54.57142857142857
55.142857142857146
55.57142857142857
58.142857142857146
59.0
59.57142857142857
60.857142857142854
60.285714285714285
58.142857142857146
57.142857142857146
55.285714285714285
53.142857142857146
52.285714285714285
49.857142857142854
48.0
50.142857142857146
54.42857142857143
53.42857142857143
54.57142857142857
56.57142857142857
59.0
61.714285714285715
59.42857142857143
55.42857142857143
55.57142857142857
54.57142857142857
54.0
53.142857142857146
54.285714285714285
52.714285714285715
53.285714285714285
54.57142857142857
57.857142857142854
55.0
55.42857142857143
53.0
56.285714285714285
56.142857142857146
53.857142857142854
52.857142857142854
53.857142857142854
51.857142857142854
51.57142857142857
51.714285714285715
50.857142857142854
52.714285714285715
52.42857142857143
51.0
53.42857142857143
52.57142857142857
52.714285714285715
53.42857142857143
55.0
54.42857142857143
56.714285714285715
53.714285714285715
56.0
57.42857142857143
60.142857142857146
58.857142857142854
58.285714285714285
58.42857142857143
59.42857142857143
60.0
59.857142857142854
58.42857142857143
58.857142857142854
59.42857142857143
58.42857142857143
58.57142857142857
58.42857142857143
57.142857142857146
56.42857142857143
55.714285714285715
55.142857142857146
56.714285714285715
56.285714285714285
57.42857142857143
55.285714285714285
55.57142857142857
56.57142857142857
57.714285714285715
56.714285714285715
59.142857142857146
55.714285714285715
56.857142857142854
57.142857142857146
56.42857142857143
56.42857142857143
59.285714285714285
55.857142857142854
56.0
56.857142857142854
55.0
55.142857142857146
54.0
53.57142857142857
54.714285714285715
56.142857142857146
54.57142857142857
55.0
52.285714285714285
52.57142857142857
49.714285714285715
50.0
48.42857142857143
47.857142857142854
48.857142857142854
50.285714285714285
51.285714285714285
53.42857142857143
55.57142857142857
57.714285714285715
58.57142857142857
58.42857142857143
59.0
58.42857142857143
59.285714285714285
61.714285714285715
60.714285714285715
61.57142857142857
62.285714285714285
63.0
63.714285714285715
63.0
59.57142857142857
58.857142857142854
56.42857142857143
55.42857142857143
55.57142857142857
55.142857142857146
55.0
56.42857142857143
56.0
58.285714285714285
58.714285714285715
59.57142857142857
61.142857142857146
59.142857142857146
58.0
61.857142857142854
61.285714285714285
61.42857142857143
60.42857142857143
60.142857142857146
59.714285714285715
56.57142857142857
55.0
55.857142857142854
57.42857142857143
55.714285714285715
55.42857142857143
56.285714285714285
61.142857142857146
57.42857142857143
55.714285714285715
52.857142857142854
53.57142857142857
52.42857142857143
53.57142857142857
50.0
50.57142857142857
51.714285714285715
53.285714285714285
53.714285714285715
53.42857142857143
50.857142857142854
51.42857142857143
52.57142857142857
50.857142857142854
49.714285714285715
53.285714285714285
53.42857142857143
55.57142857142857
54.142857142857146
53.0
53.57142857142857
52.714285714285715
52.57142857142857
56.42857142857143
58.285714285714285
61.714285714285715
65.14285714285714
68.28571428571429
69.14285714285714
67.28571428571429
64.42857142857143
60.857142857142854
59.57142857142857
56.285714285714285
53.857142857142854
54.142857142857146
52.285714285714285
51.57142857142857
52.714285714285715
52.285714285714285
53.285714285714285
55.142857142857146
55.57142857142857
55.142857142857146
55.142857142857146
55.42857142857143
57.42857142857143
59.857142857142854
59.42857142857143
60.42857142857143
60.285714285714285
60.857142857142854
58.857142857142854
59.0
56.0
55.285714285714285
53.57142857142857
54.142857142857146
53.714285714285715
57.285714285714285
55.857142857142854
55.57142857142857
57.285714285714285
62.285714285714285
63.285714285714285
62.42857142857143
61.285714285714285
61.714285714285715
59.857142857142854
57.57142857142857
53.42857142857143
53.857142857142854
55.42857142857143
54.714285714285715
54.0
56.42857142857143
60.857142857142854
62.714285714285715
60.857142857142854
58.42857142857143
59.714285714285715
60.285714285714285
62.142857142857146
59.42857142857143
57.714285714285715
59.142857142857146
61.714285714285715
61.857142857142854
61.57142857142857
60.0
59.142857142857146
58.857142857142854
58.714285714285715
57.57142857142857
56.42857142857143
55.857142857142854
54.57142857142857
54.0
53.42857142857143
52.42857142857143
50.42857142857143
50.142857142857146
49.857142857142854
52.0
50.42857142857143
50.142857142857146
52.57142857142857
56.0
58.42857142857143
60.42857142857143
59.714285714285715
60.285714285714285
63.142857142857146
61.857142857142854
62.57142857142857
62.714285714285715
60.0
61.714285714285715
61.714285714285715
60.142857142857146
60.857142857142854
59.0
56.142857142857146
57.142857142857146
54.285714285714285
54.714285714285715
54.142857142857146
53.42857142857143
54.57142857142857
55.142857142857146
56.285714285714285
59.285714285714285
59.42857142857143
60.857142857142854
61.857142857142854
62.0
62.42857142857143
61.857142857142854
59.285714285714285
61.142857142857146
60.285714285714285
59.0
58.42857142857143
59.0
60.857142857142854
59.0
57.57142857142857
55.57142857142857
56.857142857142854
56.285714285714285
57.0
54.714285714285715
56.857142857142854
58.714285714285715
59.714285714285715
58.57142857142857
58.714285714285715
56.57142857142857
57.285714285714285
56.857142857142854
54.714285714285715
56.0
56.57142857142857
55.714285714285715
56.142857142857146
55.285714285714285
56.142857142857146
56.57142857142857
56.857142857142854
55.42857142857143
56.57142857142857
56.285714285714285
56.142857142857146
55.857142857142854
57.714285714285715
55.714285714285715
56.42857142857143
57.42857142857143
58.42857142857143
59.42857142857143
60.142857142857146
61.285714285714285
62.142857142857146
62.285714285714285
62.142857142857146
62.857142857142854
62.42857142857143
59.714285714285715
56.714285714285715
55.57142857142857
58.285714285714285
56.857142857142854
54.142857142857146
53.714285714285715
56.0
54.42857142857143
54.285714285714285
53.57142857142857
53.142857142857146
55.857142857142854
55.857142857142854
55.142857142857146
56.714285714285715
56.42857142857143
55.714285714285715
54.857142857142854
53.714285714285715
54.285714285714285
54.714285714285715
53.57142857142857
55.714285714285715
55.714285714285715
55.285714285714285
55.57142857142857
55.285714285714285
54.42857142857143
56.285714285714285
54.42857142857143
53.142857142857146
55.285714285714285
54.0
53.142857142857146
53.285714285714285
50.42857142857143
52.142857142857146
52.857142857142854
50.57142857142857
49.57142857142857
50.142857142857146
49.42857142857143
49.285714285714285
48.0
47.857142857142854
49.57142857142857
50.142857142857146
50.57142857142857
52.42857142857143
54.42857142857143
54.142857142857146
53.42857142857143
52.57142857142857
53.714285714285715
53.57142857142857
53.0
54.42857142857143
57.42857142857143
57.0
58.857142857142854
58.714285714285715
59.57142857142857
59.285714285714285
57.285714285714285
56.0
55.42857142857143
53.57142857142857
53.857142857142854
52.857142857142854
54.142857142857146
52.142857142857146
48.857142857142854
50.142857142857146
49.285714285714285
50.142857142857146
47.857142857142854
48.857142857142854
51.857142857142854
54.857142857142854
53.714285714285715
56.42857142857143
53.42857142857143
54.857142857142854
53.285714285714285
54.57142857142857
54.0
57.0
55.857142857142854
56.285714285714285
53.857142857142854
54.714285714285715
54.714285714285715
54.285714285714285
49.142857142857146
47.142857142857146
49.42857142857143
54.142857142857146
53.714285714285715
51.857142857142854
52.57142857142857
56.57142857142857
59.42857142857143
58.285714285714285
57.285714285714285
58.42857142857143
61.57142857142857
62.285714285714285
62.42857142857143
62.0
63.0
63.285714285714285
63.0
60.142857142857146
60.857142857142854
60.42857142857143
57.857142857142854
57.142857142857146
56.142857142857146
56.142857142857146
56.142857142857146
54.0
50.857142857142854
52.0
54.285714285714285
53.285714285714285
51.285714285714285
51.142857142857146
51.57142857142857
53.142857142857146
54.0
54.857142857142854
55.285714285714285
56.714285714285715
58.142857142857146
55.57142857142857
56.714285714285715
60.285714285714285
57.0
57.42857142857143
57.285714285714285
56.285714285714285
58.57142857142857
57.57142857142857
55.857142857142854
56.0
55.142857142857146
55.142857142857146
54.0
53.42857142857143
53.42857142857143
52.142857142857146
52.0
54.42857142857143
52.714285714285715
52.285714285714285
53.0
51.57142857142857
52.42857142857143
53.285714285714285
54.857142857142854
55.42857142857143
54.714285714285715
53.285714285714285
56.0
54.714285714285715
54.857142857142854
50.714285714285715
51.0
52.285714285714285
54.714285714285715
55.714285714285715
54.142857142857146
51.0
53.142857142857146
54.285714285714285
54.714285714285715
53.714285714285715
51.0
53.714285714285715
57.285714285714285
57.0
56.714285714285715
58.0
59.42857142857143
59.857142857142854
58.42857142857143
56.714285714285715
56.285714285714285
56.142857142857146
56.42857142857143
52.714285714285715
52.57142857142857
50.42857142857143
54.714285714285715
53.857142857142854
52.285714285714285
52.42857142857143
55.42857142857143
57.714285714285715
59.285714285714285
58.857142857142854
59.142857142857146
60.0
57.857142857142854
55.714285714285715
53.285714285714285
54.42857142857143
50.285714285714285
50.42857142857143
49.57142857142857
49.142857142857146
49.285714285714285
51.285714285714285
51.42857142857143
51.857142857142854
53.42857142857143
54.857142857142854
55.714285714285715
58.42857142857143
58.42857142857143
60.285714285714285
60.857142857142854
57.42857142857143
57.142857142857146
56.57142857142857
56.142857142857146
53.714285714285715
49.57142857142857
48.142857142857146
50.142857142857146
49.142857142857146
47.57142857142857
47.142857142857146
48.142857142857146
50.0
50.57142857142857
50.142857142857146
50.714285714285715
55.142857142857146
54.57142857142857
55.42857142857143
56.0
56.142857142857146
56.42857142857143
59.57142857142857
56.0
55.0
54.57142857142857
55.142857142857146
55.285714285714285
57.285714285714285
53.57142857142857
55.57142857142857
60.0
60.857142857142854
60.714285714285715
58.42857142857143
57.142857142857146
58.857142857142854
57.714285714285715
54.57142857142857
52.0
50.857142857142854
53.285714285714285
52.0
53.714285714285715
52.57142857142857
52.285714285714285
53.57142857142857
52.0
52.714285714285715
53.0
52.142857142857146
52.0
50.142857142857146
49.57142857142857
52.42857142857143
51.714285714285715
50.285714285714285
47.57142857142857
48.57142857142857
49.57142857142857
50.142857142857146
49.142857142857146
49.142857142857146
51.142857142857146
51.0
53.714285714285715
54.285714285714285
55.42857142857143
55.42857142857143
57.285714285714285
59.857142857142854
63.857142857142854
61.714285714285715
60.57142857142857
58.285714285714285
59.57142857142857
58.0
56.857142857142854
55.285714285714285
55.0
55.42857142857143
58.57142857142857
57.285714285714285
58.142857142857146
58.714285714285715
57.714285714285715
58.0
58.42857142857143
58.57142857142857
60.0
56.285714285714285
53.857142857142854
55.42857142857143
55.285714285714285
54.57142857142857
53.857142857142854
52.57142857142857
59.285714285714285
61.57142857142857
58.714285714285715
58.0
60.714285714285715
58.142857142857146
57.285714285714285
51.42857142857143
50.142857142857146
50.57142857142857
48.857142857142854
46.57142857142857
47.857142857142854
46.857142857142854
47.42857142857143
47.714285714285715
46.142857142857146
50.42857142857143
52.714285714285715
51.42857142857143
51.857142857142854
53.142857142857146
53.57142857142857
53.857142857142854
52.142857142857146
50.857142857142854
54.714285714285715
55.714285714285715
55.714285714285715
54.0
55.42857142857143
56.0
55.0
51.57142857142857
54.285714285714285
51.857142857142854
50.57142857142857
51.57142857142857
51.714285714285715
54.0
54.285714285714285
49.857142857142854
51.57142857142857
55.42857142857143
57.0
55.42857142857143
53.714285714285715
55.142857142857146
56.0
55.285714285714285
51.714285714285715
49.0
51.142857142857146
51.0
49.714285714285715
53.142857142857146
56.285714285714285
58.0
59.714285714285715
58.0
58.0
59.0
54.714285714285715
54.285714285714285
53.57142857142857
53.42857142857143
54.57142857142857
52.57142857142857
52.0
53.285714285714285
52.857142857142854
51.57142857142857
50.57142857142857
50.857142857142854
54.42857142857143
53.714285714285715
53.42857142857143
50.57142857142857
51.142857142857146
50.714285714285715
49.42857142857143
47.714285714285715
51.714285714285715
52.57142857142857
53.714285714285715
53.42857142857143
53.857142857142854
53.714285714285715
54.142857142857146
51.714285714285715
51.0
51.0
52.0
49.57142857142857
47.714285714285715
49.0
48.142857142857146
49.714285714285715
50.857142857142854
52.714285714285715
56.857142857142854
60.57142857142857
62.714285714285715
63.142857142857146
62.0
62.142857142857146
60.285714285714285
57.285714285714285
57.285714285714285
53.57142857142857
55.42857142857143
55.857142857142854
56.42857142857143
56.0
59.142857142857146
57.57142857142857
58.142857142857146
55.714285714285715
54.857142857142854
55.57142857142857
56.714285714285715
54.57142857142857
55.285714285714285
55.142857142857146
