y
37.42857142857143
38.0
39.142857142857146
37.142857142857146
38.285714285714285
41.714285714285715
40.857142857142854
41.285714285714285
41.142857142857146
40.857142857142854
40.0
38.57142857142857
37.285714285714285
39.142857142857146
39.714285714285715
38.857142857142854
40.285714285714285
40.714285714285715
42.142857142857146
40.142857142857146
40.57142857142857
43.142857142857146
43.142857142857146
41.857142857142854
43.857142857142854
42.57142857142857
45.142857142857146
46.0
43.142857142857146
43.857142857142854
45.285714285714285
43.857142857142854
44.42857142857143
44.57142857142857
42.57142857142857
42.142857142857146
42.42857142857143
42.42857142857143
41.42857142857143
39.714285714285715
37.285714285714285
36.285714285714285
37.42857142857143
36.57142857142857
35.285714285714285
37.714285714285715
38.714285714285715
37.142857142857146
38.142857142857146
38.714285714285715
39.57142857142857
40.857142857142854
37.857142857142854
37.285714285714285
38.857142857142854
37.285714285714285
34.142857142857146
34.0
32.714285714285715
34.285714285714285
33.714285714285715
36.285714285714285
37.714285714285715
39.285714285714285
40.42857142857143
40.714285714285715
40.857142857142854
43.42857142857143
42.42857142857143
43.142857142857146
46.142857142857146
43.42857142857143
43.714285714285715
45.42857142857143
41.42857142857143
41.857142857142854
41.857142857142854
39.285714285714285
40.857142857142854
41.57142857142857
39.57142857142857
42.285714285714285
41.42857142857143
39.57142857142857
39.57142857142857
41.0
37.42857142857143
36.285714285714285
37.0
36.714285714285715
36.714285714285715
38.0
36.857142857142854
41.42857142857143
42.0
41.142857142857146
40.142857142857146
42.42857142857143
41.0
40.57142857142857
38.0
39.0
40.714285714285715
42.0
42.285714285714285
45.0
44.857142857142854
44.714285714285715
44.857142857142854
43.0
44.0
41.714285714285715
38.285714285714285
39.0
39.857142857142854
38.857142857142854
39.857142857142854
39.42857142857143
38.857142857142854
39.57142857142857
38.42857142857143
38.142857142857146
39.142857142857146
39.857142857142854
38.285714285714285
40.57142857142857
39.0
39.142857142857146
37.857142857142854
35.57142857142857
34.142857142857146
33.57142857142857
30.857142857142858
31.285714285714285
31.0
32.57142857142857
33.714285714285715
34.714285714285715
34.142857142857146
34.857142857142854
34.857142857142854
35.42857142857143
35.0
34.857142857142854
34.142857142857146
36.42857142857143
36.857142857142854
38.57142857142857
41.714285714285715
41.714285714285715
43.285714285714285
42.0
41.42857142857143
41.285714285714285
39.42857142857143
36.857142857142854
36.285714285714285
34.0
37.0
36.57142857142857
37.0
37.57142857142857
36.142857142857146
37.142857142857146
40.42857142857143
39.714285714285715
41.857142857142854
42.142857142857146
43.142857142857146
43.0
42.57142857142857
39.142857142857146
37.142857142857146
36.285714285714285
35.285714285714285
35.0
36.142857142857146
35.42857142857143
37.857142857142854
37.285714285714285
36.285714285714285
37.57142857142857
37.714285714285715
38.42857142857143
38.42857142857143
37.42857142857143
39.857142857142854
40.42857142857143
41.42857142857143
40.57142857142857
38.857142857142854
38.714285714285715
39.714285714285715
38.857142857142854
38.285714285714285
37.285714285714285
38.0
37.57142857142857
37.0
35.285714285714285
36.142857142857146
37.42857142857143
37.0
36.142857142857146
36.142857142857146
37.285714285714285
37.142857142857146
37.0
36.285714285714285
34.142857142857146
35.57142857142857
37.714285714285715
37.42857142857143
36.857142857142854
35.714285714285715
34.0
36.142857142857146
35.142857142857146
35.857142857142854
35.285714285714285
35.714285714285715
36.285714285714285
37.57142857142857
35.857142857142854
35.857142857142854
34.714285714285715
34.0
35.42857142857143
35.142857142857146
34.857142857142854
35.285714285714285
34.714285714285715
34.285714285714285
35.857142857142854
36.142857142857146
37.285714285714285
37.142857142857146
38.57142857142857
37.57142857142857
36.42857142857143
35.0
32.57142857142857
30.571428571428573
31.142857142857142
30.285714285714285
31.285714285714285
31.714285714285715
33.857142857142854
37.142857142857146
39.714285714285715
40.285714285714285
42.57142857142857
42.714285714285715
46.0
46.42857142857143
47.42857142857143
48.0
51.0
52.285714285714285
52.0
49.714285714285715
50.0
45.285714285714285
42.714285714285715
37.857142857142854
34.285714285714285
35.285714285714285
34.42857142857143
33.142857142857146
36.285714285714285
35.857142857142854
36.42857142857143
35.714285714285715
36.714285714285715
36.42857142857143
36.42857142857143
35.0
36.0
35.57142857142857
38.285714285714285
39.285714285714285
41.42857142857143
42.714285714285715
42.857142857142854
43.857142857142854
44.42857142857143
42.42857142857143
41.285714285714285
40.57142857142857
38.285714285714285
37.42857142857143
37.142857142857146
38.42857142857143
38.714285714285715
38.42857142857143
38.714285714285715
39.857142857142854
42.857142857142854
42.42857142857143
43.142857142857146
43.142857142857146
43.285714285714285
43.857142857142854
43.57142857142857
41.42857142857143
40.142857142857146
39.57142857142857
39.42857142857143
40.0
39.857142857142854
40.0
40.714285714285715
40.0
38.857142857142854
39.857142857142854
38.42857142857143
38.285714285714285
39.142857142857146
38.285714285714285
39.0
38.857142857142854
37.57142857142857
38.57142857142857
38.285714285714285
39.42857142857143
39.857142857142854
40.57142857142857
42.42857142857143
44.857142857142854
46.142857142857146
47.57142857142857
47.285714285714285
47.57142857142857
48.714285714285715
48.142857142857146
46.285714285714285
44.285714285714285
41.142857142857146
40.42857142857143
39.42857142857143
37.42857142857143
34.714285714285715
34.57142857142857
35.0
36.142857142857146
35.142857142857146
36.57142857142857
37.142857142857146
40.285714285714285
41.42857142857143
40.714285714285715
40.0
39.857142857142854
40.42857142857143
41.142857142857146
39.57142857142857
38.42857142857143
39.142857142857146
40.285714285714285
39.42857142857143
39.714285714285715
38.42857142857143
36.57142857142857
36.42857142857143
35.714285714285715
33.857142857142854
33.42857142857143
31.142857142857142
31.0
32.714285714285715
32.57142857142857
32.0
32.142857142857146
35.142857142857146
36.857142857142854
37.285714285714285
37.0
37.714285714285715
37.57142857142857
38.142857142857146
35.0
34.857142857142854
35.42857142857143
34.714285714285715
34.142857142857146
36.57142857142857
36.142857142857146
36.42857142857143
36.142857142857146
35.714285714285715
35.857142857142854
36.285714285714285
35.142857142857146
36.142857142857146
36.0
34.285714285714285
33.57142857142857
33.0
31.0
32.285714285714285
31.428571428571427
32.142857142857146
32.714285714285715
32.285714285714285
33.714285714285715
36.0
35.714285714285715
35.142857142857146
35.857142857142854
37.857142857142854
38.714285714285715
36.857142857142854
36.285714285714285
35.42857142857143
37.42857142857143
37.285714285714285
35.42857142857143
35.857142857142854
37.142857142857146
37.285714285714285
36.57142857142857
35.0
34.57142857142857
36.0
37.714285714285715
39.42857142857143
39.0
39.0
41.57142857142857
42.57142857142857
43.0
42.0
40.714285714285715
42.142857142857146
42.57142857142857
41.285714285714285
39.285714285714285
37.714285714285715
37.285714285714285
37.57142857142857
36.57142857142857
37.857142857142854
37.857142857142854
38.857142857142854
40.142857142857146
39.714285714285715
41.142857142857146
40.285714285714285
39.0
39.142857142857146
38.42857142857143
37.42857142857143
37.285714285714285
36.0
37.857142857142854
37.57142857142857
37.714285714285715
37.42857142857143
36.285714285714285
35.57142857142857
33.714285714285715
30.857142857142858
31.0
29.571428571428573
31.714285714285715
32.714285714285715
32.0
32.285714285714285
35.714285714285715
36.0
37.714285714285715
37.142857142857146
38.285714285714285
39.57142857142857
41.42857142857143
40.714285714285715
40.285714285714285
41.0
39.714285714285715
40.0
41.285714285714285
40.714285714285715
39.714285714285715
40.142857142857146
37.857142857142854
41.857142857142854
40.42857142857143
40.42857142857143
40.0
40.285714285714285
40.857142857142854
43.857142857142854
41.857142857142854
41.714285714285715
43.57142857142857
42.142857142857146
42.0
39.714285714285715
35.714285714285715
33.42857142857143
33.0
29.428571428571427
31.428571428571427
31.285714285714285
32.0
33.285714285714285
35.0
35.0
35.57142857142857
35.714285714285715
35.714285714285715
36.142857142857146
36.57142857142857
36.714285714285715
39.0
39.714285714285715
41.714285714285715
42.285714285714285
41.42857142857143
39.285714285714285
38.142857142857146
37.285714285714285
36.57142857142857
35.142857142857146
35.57142857142857
37.857142857142854
39.0
40.714285714285715
40.142857142857146
40.857142857142854
40.42857142857143
38.857142857142854
38.0
39.57142857142857
38.714285714285715
37.285714285714285
36.714285714285715
36.857142857142854
38.0
38.0
39.0
39.714285714285715
39.142857142857146
39.57142857142857
39.142857142857146
38.42857142857143
36.714285714285715
35.57142857142857
33.285714285714285
33.285714285714285
32.857142857142854
32.57142857142857
32.0
33.0
31.428571428571427
30.857142857142858
33.0
35.0
37.0
38.57142857142857
39.0
40.0
43.0
42.0
39.285714285714285
37.285714285714285
36.714285714285715
36.57142857142857
37.285714285714285
35.57142857142857
35.142857142857146
34.714285714285715
36.0
35.714285714285715
35.857142857142854
36.857142857142854
39.142857142857146
41.42857142857143
43.857142857142854
42.857142857142854
43.57142857142857
44.714285714285715
43.0
39.714285714285715
38.142857142857146
37.0
35.857142857142854
33.857142857142854
31.857142857142858
32.142857142857146
32.714285714285715
32.57142857142857
32.714285714285715
34.42857142857143
35.42857142857143
35.57142857142857
33.857142857142854
35.142857142857146
35.714285714285715
36.142857142857146
35.42857142857143
36.57142857142857
35.57142857142857
37.57142857142857
36.42857142857143
37.42857142857143
37.714285714285715
38.714285714285715
38.714285714285715
39.857142857142854
40.57142857142857
41.0
42.285714285714285
46.0
47.142857142857146
47.714285714285715
49.57142857142857
47.857142857142854
49.57142857142857
48.57142857142857
44.142857142857146
43.857142857142854
43.285714285714285
41.42857142857143
42.285714285714285
40.857142857142854
40.285714285714285
41.0
39.0
39.42857142857143
39.142857142857146
39.714285714285715
40.42857142857143
38.714285714285715
37.285714285714285
38.857142857142854
36.0
36.857142857142854
36.857142857142854
38.0
37.714285714285715
39.142857142857146
39.857142857142854
42.0
40.857142857142854
39.857142857142854
39.714285714285715
41.42857142857143
40.0
39.142857142857146
38.0
39.142857142857146
40.142857142857146
40.285714285714285
40.0
42.0
43.42857142857143
43.714285714285715
42.857142857142854
43.0
42.0
41.857142857142854
39.57142857142857
37.57142857142857
36.42857142857143
39.0
37.0
37.142857142857146
40.57142857142857
42.142857142857146
40.285714285714285
43.285714285714285
42.142857142857146
43.857142857142854
43.857142857142854
42.57142857142857
41.57142857142857
42.0
42.142857142857146
39.857142857142854
38.857142857142854
39.42857142857143
36.714285714285715
37.142857142857146
41.285714285714285
40.0
41.714285714285715
40.857142857142854
39.57142857142857
39.57142857142857
38.285714285714285
33.285714285714285
33.142857142857146
32.714285714285715
32.714285714285715
33.0
32.857142857142854
34.0
37.57142857142857
35.857142857142854
37.0
37.857142857142854
36.714285714285715
37.42857142857143
37.57142857142857
36.857142857142854
37.57142857142857
36.714285714285715
37.42857142857143
37.57142857142857
36.714285714285715
35.42857142857143
34.857142857142854
33.857142857142854
33.714285714285715
31.857142857142858
32.285714285714285
33.142857142857146
35.857142857142854
35.285714285714285
35.714285714285715
37.142857142857146
37.285714285714285
36.714285714285715
36.0
33.142857142857146
34.0
35.714285714285715
36.285714285714285
37.285714285714285
37.42857142857143
39.42857142857143
41.142857142857146
40.285714285714285
41.0
41.285714285714285
41.0
42.285714285714285
38.285714285714285
39.142857142857146
40.714285714285715
41.714285714285715
38.57142857142857
39.57142857142857
39.142857142857146
41.57142857142857
40.42857142857143
38.57142857142857
38.42857142857143
41.285714285714285
40.857142857142854
40.57142857142857
41.0
40.142857142857146
38.714285714285715
36.0
34.857142857142854
34.285714285714285
33.857142857142854
35.57142857142857
36.42857142857143
36.857142857142854
37.42857142857143
37.0
36.714285714285715
37.285714285714285
34.57142857142857
31.285714285714285
31.571428571428573
32.142857142857146
31.714285714285715
32.0
31.571428571428573
32.714285714285715
35.714285714285715
37.142857142857146
35.857142857142854
36.285714285714285
35.0
33.857142857142854
32.0
31.714285714285715
30.857142857142858
31.285714285714285
28.857142857142858
30.714285714285715
33.0
35.0
34.857142857142854
34.42857142857143
34.142857142857146
36.285714285714285
34.714285714285715
33.714285714285715
33.57142857142857
33.285714285714285
33.0
33.57142857142857
33.714285714285715
34.42857142857143
34.57142857142857
34.285714285714285
34.57142857142857
34.0
35.0
34.285714285714285
35.857142857142854
34.714285714285715
33.57142857142857
33.857142857142854
35.0
34.285714285714285
35.285714285714285
35.285714285714285
34.857142857142854
35.857142857142854
36.0
38.142857142857146
38.57142857142857
37.0
35.714285714285715
36.42857142857143
37.0
36.57142857142857
35.285714285714285
34.57142857142857
34.0
34.857142857142854
35.42857142857143
35.714285714285715
37.714285714285715
36.42857142857143
39.57142857142857
42.714285714285715
42.0
43.857142857142854
45.142857142857146
43.285714285714285
43.57142857142857
40.42857142857143
40.0
41.285714285714285
39.857142857142854
37.285714285714285
37.857142857142854
38.57142857142857
38.57142857142857
37.142857142857146
36.142857142857146
37.57142857142857
37.57142857142857
37.0
38.142857142857146
40.285714285714285
41.42857142857143
41.42857142857143
40.285714285714285
42.0
43.42857142857143
41.857142857142854
38.142857142857146
37.142857142857146
37.285714285714285
38.285714285714285
36.42857142857143
35.857142857142854
34.57142857142857
36.285714285714285
37.142857142857146
37.285714285714285
35.0
37.0
35.714285714285715
36.0
36.42857142857143
35.857142857142854
34.714285714285715
34.42857142857143
32.285714285714285
32.714285714285715
33.57142857142857
33.142857142857146
34.57142857142857
35.857142857142854
36.285714285714285
37.57142857142857
37.857142857142854
38.0
37.57142857142857
37.142857142857146
37.57142857142857
39.285714285714285
38.142857142857146
37.57142857142857
35.0
36.57142857142857
36.142857142857146
34.714285714285715
31.571428571428573
30.714285714285715
29.714285714285715
33.0
31.285714285714285
29.285714285714285
30.571428571428573
33.42857142857143
34.142857142857146
36.857142857142854
36.285714285714285
37.142857142857146
39.857142857142854
40.285714285714285
39.857142857142854
42.57142857142857
41.714285714285715
41.57142857142857
39.857142857142854
39.42857142857143
38.285714285714285
38.0
36.42857142857143
37.714285714285715
38.285714285714285
39.0
37.714285714285715
39.857142857142854
40.857142857142854
42.42857142857143
41.57142857142857
42.142857142857146
43.142857142857146
44.714285714285715
45.57142857142857
45.0
41.857142857142854
40.57142857142857
40.42857142857143
38.57142857142857
42.0
40.57142857142857
40.714285714285715
42.57142857142857
45.285714285714285
44.0
44.142857142857146
40.42857142857143
38.57142857142857
38.714285714285715
36.857142857142854
33.285714285714285
33.857142857142854
35.285714285714285
33.714285714285715
33.0
31.285714285714285
32.0
32.285714285714285
32.42857142857143
33.42857142857143
32.42857142857143
35.42857142857143
34.857142857142854
36.0
37.57142857142857
37.42857142857143
34.57142857142857
36.57142857142857
33.857142857142854
38.57142857142857
37.42857142857143
36.714285714285715
35.0
34.857142857142854
35.142857142857146
36.857142857142854
34.0
33.57142857142857
34.0
36.857142857142854
38.57142857142857
36.57142857142857
37.0
36.42857142857143
36.57142857142857
36.0
35.42857142857143
36.42857142857143
35.857142857142854
34.142857142857146
35.142857142857146
35.714285714285715
37.0
35.57142857142857
35.142857142857146
37.285714285714285
37.857142857142854
37.0
40.0
43.0
44.285714285714285
45.857142857142854
46.42857142857143
46.714285714285715
48.142857142857146
44.285714285714285
40.285714285714285
41.0
40.57142857142857
40.142857142857146
39.42857142857143
38.42857142857143
38.0
36.0
35.142857142857146
35.0
34.285714285714285
35.714285714285715
34.57142857142857
36.0
38.0
37.285714285714285
37.285714285714285
38.857142857142854
36.857142857142854
38.0
38.285714285714285
37.285714285714285
38.142857142857146
36.285714285714285
35.285714285714285
35.714285714285715
35.142857142857146
33.42857142857143
36.142857142857146
36.42857142857143
37.857142857142854
39.0
39.714285714285715
41.142857142857146
42.0
41.57142857142857
40.0
39.0
38.0
40.42857142857143
41.42857142857143
42.0
40.142857142857146
41.57142857142857
42.857142857142854
42.42857142857143
41.0
40.142857142857146
39.42857142857143
40.857142857142854
40.142857142857146
40.285714285714285
41.857142857142854
41.42857142857143
40.0
40.57142857142857
41.0
40.857142857142854
39.57142857142857
38.857142857142854
37.285714285714285
38.714285714285715
41.0
39.57142857142857
40.57142857142857
40.142857142857146
41.42857142857143
41.714285714285715
40.857142857142854
39.42857142857143
39.857142857142854
38.142857142857146
38.285714285714285
35.285714285714285
37.142857142857146
36.42857142857143
40.285714285714285
40.714285714285715
41.142857142857146
40.714285714285715
41.857142857142854
40.285714285714285
40.285714285714285
36.285714285714285
37.857142857142854
38.42857142857143
39.57142857142857
39.0
38.42857142857143
39.57142857142857
40.285714285714285
36.857142857142854
35.42857142857143
36.142857142857146
37.714285714285715
39.42857142857143
38.857142857142854
36.857142857142854
38.57142857142857
38.714285714285715
37.857142857142854
36.42857142857143
33.857142857142854
33.0
33.857142857142854
33.857142857142854
34.0
33.285714285714285
36.42857142857143
38.714285714285715
39.285714285714285
38.142857142857146
38.285714285714285
39.42857142857143
37.57142857142857
34.285714285714285
32.42857142857143
34.42857142857143
36.142857142857146
34.714285714285715
36.285714285714285
37.285714285714285
37.57142857142857
39.42857142857143
35.857142857142854
33.857142857142854
35.42857142857143
33.57142857142857
35.142857142857146
34.285714285714285
33.42857142857143
35.0
37.0
35.857142857142854
36.0
36.42857142857143
38.285714285714285
37.42857142857143
37.142857142857146
34.857142857142854
35.285714285714285
35.42857142857143
35.42857142857143
34.142857142857146
34.714285714285715
36.42857142857143
38.857142857142854
38.57142857142857
39.714285714285715
39.0
38.285714285714285
38.0
36.57142857142857
34.285714285714285
35.57142857142857
35.857142857142854
36.0
37.57142857142857
37.714285714285715
38.57142857142857
38.714285714285715
37.57142857142857
35.142857142857146
36.57142857142857
37.57142857142857
38.857142857142854
38.714285714285715
40.42857142857143
42.57142857142857
44.57142857142857
43.0
41.42857142857143
41.857142857142854
43.0
42.142857142857146
39.57142857142857
