y
30.285714285714285
30.285714285714285
33.285714285714285
34.142857142857146
34.0
36.42857142857143
37.0
37.0
36.0
36.0
37.57142857142857
37.57142857142857
36.42857142857143
37.714285714285715
38.142857142857146
37.142857142857146
36.142857142857146
34.857142857142854
34.857142857142854
34.0
32.285714285714285
32.57142857142857
32.857142857142854
32.142857142857146
33.0
32.714285714285715
33.285714285714285
35.857142857142854
34.42857142857143
35.714285714285715
35.57142857142857
35.0
36.142857142857146
35.857142857142854
34.42857142857143
34.0
32.285714285714285
32.714285714285715
32.57142857142857
31.714285714285715
32.57142857142857
33.42857142857143
33.285714285714285
33.714285714285715
34.0
34.285714285714285
34.714285714285715
35.857142857142854
33.714285714285715
35.857142857142854
36.142857142857146
36.42857142857143
35.57142857142857
34.857142857142854
34.142857142857146
34.0
32.142857142857146
33.714285714285715
32.285714285714285
32.42857142857143
32.142857142857146
31.714285714285715
33.0
32.142857142857146
31.714285714285715
31.714285714285715
30.142857142857142
30.142857142857142
30.857142857142858
30.0
30.428571428571427
30.285714285714285
30.714285714285715
32.57142857142857
31.571428571428573
30.714285714285715
30.285714285714285
30.857142857142858
29.142857142857142
29.0
27.857142857142858
28.285714285714285
28.0
29.142857142857142
28.857142857142858
28.857142857142858
29.428571428571427
32.57142857142857
33.714285714285715
34.285714285714285
34.57142857142857
36.285714285714285
35.42857142857143
36.57142857142857
33.857142857142854
33.714285714285715
33.714285714285715
32.0
31.428571428571427
33.42857142857143
31.571428571428573
35.0
36.57142857142857
37.857142857142854
39.0
38.57142857142857
37.0
37.285714285714285
35.0
35.142857142857146
34.0
33.142857142857146
33.0
33.285714285714285
32.42857142857143
31.714285714285715
31.142857142857142
31.142857142857142
33.857142857142854
35.0
37.285714285714285
38.285714285714285
38.714285714285715
38.42857142857143
37.714285714285715
35.714285714285715
33.42857142857143
31.0
29.714285714285715
29.857142857142858
28.0
28.285714285714285
28.142857142857142
28.428571428571427
29.714285714285715
30.714285714285715
32.285714285714285
34.285714285714285
35.142857142857146
36.42857142857143
37.714285714285715
37.57142857142857
39.142857142857146
37.42857142857143
39.142857142857146
37.57142857142857
36.857142857142854
36.42857142857143
37.57142857142857
36.42857142857143
36.57142857142857
32.857142857142854
34.142857142857146
32.42857142857143
33.0
32.142857142857146
31.714285714285715
32.57142857142857
33.57142857142857
33.0
35.57142857142857
34.42857142857143
35.42857142857143
36.42857142857143
38.714285714285715
40.57142857142857
40.142857142857146
37.714285714285715
37.57142857142857
36.857142857142854
38.0
34.142857142857146
32.714285714285715
31.714285714285715
33.57142857142857
33.0
32.0
31.142857142857142
31.571428571428573
31.0
32.42857142857143
32.57142857142857
33.142857142857146
33.714285714285715
32.714285714285715
33.57142857142857
34.42857142857143
35.285714285714285
33.857142857142854
33.714285714285715
33.714285714285715
32.285714285714285
31.857142857142858
32.0
31.142857142857142
30.428571428571427
30.285714285714285
29.142857142857142
30.285714285714285
28.0
26.0
26.428571428571427
27.571428571428573
28.285714285714285
28.714285714285715
28.857142857142858
30.714285714285715
34.714285714285715
34.142857142857146
35.142857142857146
34.714285714285715
35.857142857142854
35.0
35.42857142857143
32.57142857142857
32.714285714285715
31.571428571428573
31.285714285714285
31.142857142857142
32.285714285714285
31.571428571428573
31.857142857142858
31.142857142857142
32.285714285714285
31.142857142857142
29.714285714285715
29.714285714285715
30.285714285714285
31.0
31.857142857142858
30.428571428571427
31.714285714285715
31.0
29.571428571428573
29.428571428571427
28.428571428571427
27.142857142857142
26.0
25.428571428571427
26.142857142857142
27.0
25.0
24.571428571428573
24.142857142857142
25.714285714285715
26.857142857142858
26.428571428571427
25.714285714285715
27.714285714285715
28.571428571428573
29.0
27.428571428571427
28.428571428571427
30.0
30.428571428571427
28.857142857142858
30.0
33.285714285714285
33.42857142857143
32.857142857142854
32.42857142857143
34.285714285714285
36.285714285714285
35.42857142857143
33.42857142857143
35.285714285714285
36.0
35.285714285714285
33.57142857142857
32.142857142857146
33.285714285714285
32.57142857142857
32.42857142857143
31.142857142857142
31.857142857142858
33.285714285714285
36.142857142857146
36.857142857142854
38.857142857142854
39.857142857142854
41.142857142857146
40.714285714285715
41.285714285714285
41.0
38.57142857142857
40.285714285714285
38.42857142857143
37.57142857142857
39.714285714285715
39.714285714285715
38.285714285714285
39.285714285714285
37.57142857142857
37.42857142857143
36.142857142857146
33.857142857142854
32.714285714285715
33.285714285714285
33.57142857142857
33.285714285714285
34.142857142857146
36.42857142857143
38.57142857142857
38.857142857142854
39.0
39.57142857142857
42.42857142857143
42.714285714285715
44.857142857142854
43.57142857142857
44.714285714285715
45.285714285714285
43.142857142857146
38.42857142857143
39.714285714285715
37.857142857142854
38.714285714285715
36.57142857142857
34.142857142857146
34.42857142857143
34.0
34.0
32.714285714285715
32.142857142857146
33.42857142857143
33.0
33.0
33.714285714285715
31.571428571428573
30.571428571428573
30.285714285714285
29.428571428571427
32.142857142857146
33.142857142857146
34.142857142857146
34.0
34.0
34.57142857142857
34.142857142857146
32.57142857142857
33.0
33.142857142857146
33.57142857142857
33.285714285714285
32.285714285714285
32.57142857142857
31.857142857142858
31.0
30.428571428571427
29.0
30.571428571428573
30.428571428571427
30.285714285714285
30.714285714285715
31.0
31.285714285714285
32.57142857142857
32.0
31.428571428571427
30.857142857142858
31.0
29.142857142857142
30.428571428571427
31.428571428571427
31.285714285714285
32.0
31.142857142857142
31.714285714285715
32.285714285714285
31.571428571428573
30.714285714285715
30.857142857142858
30.714285714285715
32.714285714285715
30.428571428571427
31.571428571428573
32.857142857142854
34.142857142857146
34.42857142857143
37.42857142857143
37.285714285714285
39.857142857142854
39.142857142857146
37.285714285714285
36.285714285714285
36.42857142857143
34.57142857142857
35.0
34.714285714285715
33.0
32.57142857142857
32.0
30.857142857142858
32.142857142857146
32.42857142857143
33.42857142857143
36.857142857142854
37.57142857142857
37.42857142857143
36.57142857142857
35.285714285714285
34.57142857142857
34.42857142857143
32.142857142857146
31.142857142857142
30.857142857142858
30.857142857142858
30.857142857142858
31.0
30.0
31.857142857142858
32.285714285714285
33.142857142857146
34.0
32.857142857142854
32.857142857142854
34.714285714285715
31.857142857142858
31.857142857142858
31.142857142857142
30.0
30.714285714285715
30.571428571428573
29.428571428571427
30.571428571428573
30.714285714285715
31.428571428571427
33.57142857142857
33.714285714285715
33.0
32.42857142857143
33.714285714285715
34.142857142857146
34.285714285714285
32.714285714285715
31.571428571428573
33.42857142857143
34.57142857142857
34.857142857142854
35.0
35.42857142857143
37.142857142857146
36.714285714285715
35.57142857142857
35.0
37.0
36.0
37.142857142857146
37.142857142857146
38.0
37.857142857142854
38.714285714285715
34.857142857142854
35.285714285714285
33.57142857142857
32.857142857142854
32.285714285714285
32.285714285714285
29.857142857142858
30.428571428571427
29.857142857142858
28.714285714285715
28.285714285714285
31.857142857142858
32.42857142857143
33.142857142857146
32.857142857142854
32.857142857142854
34.57142857142857
35.857142857142854
33.0
33.142857142857146
32.714285714285715
33.714285714285715
34.57142857142857
34.0
32.0
33.57142857142857
32.857142857142854
34.57142857142857
35.0
34.42857142857143
35.714285714285715
36.714285714285715
36.0
38.42857142857143
38.142857142857146
37.42857142857143
37.142857142857146
36.57142857142857
36.42857142857143
35.857142857142854
35.0
34.0
33.0
31.571428571428573
30.857142857142858
32.285714285714285
33.0
32.0
33.857142857142854
33.857142857142854
35.285714285714285
36.0
35.285714285714285
34.714285714285715
34.285714285714285
31.142857142857142
31.142857142857142
32.57142857142857
32.714285714285715
32.42857142857143
34.42857142857143
34.714285714285715
36.714285714285715
37.57142857142857
38.57142857142857
36.142857142857146
35.142857142857146
33.57142857142857
32.42857142857143
33.42857142857143
34.142857142857146
32.714285714285715
33.857142857142854
35.42857142857143
34.57142857142857
35.42857142857143
34.0
33.0
34.42857142857143
35.285714285714285
34.42857142857143
34.142857142857146
33.42857142857143
35.285714285714285
37.714285714285715
35.714285714285715
35.714285714285715
37.57142857142857
38.42857142857143
39.142857142857146
36.57142857142857
35.714285714285715
34.285714285714285
33.714285714285715
31.571428571428573
32.57142857142857
33.285714285714285
32.42857142857143
32.142857142857146
33.285714285714285
35.142857142857146
35.142857142857146
32.42857142857143
31.714285714285715
33.142857142857146
32.0
32.142857142857146
31.428571428571427
32.285714285714285
34.42857142857143
34.42857142857143
35.42857142857143
36.285714285714285
38.142857142857146
37.42857142857143
36.0
38.142857142857146
38.42857142857143
37.57142857142857
36.0
37.142857142857146
36.285714285714285
38.142857142857146
36.142857142857146
36.857142857142854
37.42857142857143
40.142857142857146
37.142857142857146
37.0
37.57142857142857
37.142857142857146
34.714285714285715
35.0
31.714285714285715
31.428571428571427
32.42857142857143
30.714285714285715
30.428571428571427
32.142857142857146
31.428571428571427
33.42857142857143
34.57142857142857
35.42857142857143
35.57142857142857
33.42857142857143
32.142857142857146
31.285714285714285
31.142857142857142
30.0
30.571428571428573
32.142857142857146
32.42857142857143
33.285714285714285
34.142857142857146
34.142857142857146
36.142857142857146
34.857142857142854
33.142857142857146
33.714285714285715
33.714285714285715
33.714285714285715
34.57142857142857
33.42857142857143
34.0
36.0
36.857142857142854
37.42857142857143
35.142857142857146
34.285714285714285
33.142857142857146
32.714285714285715
31.142857142857142
32.42857142857143
30.285714285714285
31.142857142857142
28.142857142857142
27.142857142857142
25.714285714285715
27.714285714285715
27.857142857142858
29.428571428571427
31.0
33.142857142857146
37.285714285714285
38.857142857142854
35.714285714285715
35.285714285714285
35.714285714285715
35.57142857142857
36.857142857142854
33.857142857142854
32.285714285714285
35.42857142857143
33.714285714285715
35.57142857142857
35.285714285714285
35.0
36.57142857142857
37.0
35.57142857142857
36.857142857142854
34.42857142857143
34.714285714285715
36.142857142857146
35.285714285714285
35.857142857142854
36.0
36.42857142857143
36.142857142857146
36.714285714285715
34.57142857142857
33.57142857142857
34.285714285714285
35.857142857142854
35.285714285714285
35.714285714285715
35.142857142857146
36.0
37.42857142857143
36.0
32.714285714285715
32.42857142857143
33.57142857142857
33.57142857142857
33.142857142857146
32.142857142857146
31.428571428571427
31.428571428571427
31.714285714285715
31.142857142857142
29.857142857142858
30.857142857142858
31.0
32.0
32.42857142857143
31.0
28.857142857142858
29.714285714285715
27.0
26.857142857142858
26.428571428571427
27.714285714285715
29.857142857142858
30.285714285714285
30.857142857142858
31.857142857142858
32.0
31.714285714285715
29.714285714285715
28.714285714285715
29.857142857142858
29.857142857142858
30.0
32.42857142857143
33.142857142857146
34.142857142857146
34.57142857142857
33.714285714285715
32.714285714285715
34.0
31.714285714285715
32.714285714285715
33.42857142857143
33.42857142857143
34.142857142857146
35.714285714285715
35.0
36.142857142857146
35.42857142857143
35.142857142857146
34.142857142857146
35.714285714285715
35.42857142857143
36.857142857142854
35.0
35.142857142857146
34.42857142857143
33.57142857142857
30.857142857142858
30.142857142857142
28.428571428571427
29.714285714285715
29.285714285714285
29.571428571428573
32.0
34.42857142857143
33.42857142857143
33.57142857142857
33.285714285714285
35.57142857142857
35.714285714285715
36.42857142857143
34.714285714285715
36.0
35.57142857142857
35.857142857142854
34.57142857142857
33.714285714285715
33.57142857142857
35.285714285714285
34.142857142857146
34.714285714285715
34.42857142857143
33.142857142857146
34.857142857142854
33.285714285714285
33.142857142857146
34.57142857142857
33.57142857142857
34.142857142857146
34.857142857142854
34.57142857142857
34.285714285714285
32.714285714285715
33.42857142857143
32.57142857142857
31.857142857142858
32.0
32.714285714285715
32.714285714285715
32.142857142857146
29.857142857142858
31.714285714285715
32.57142857142857
31.285714285714285
32.0
33.142857142857146
34.285714285714285
34.857142857142854
34.142857142857146
32.57142857142857
31.285714285714285
31.428571428571427
30.857142857142858
32.142857142857146
33.42857142857143
34.142857142857146
33.42857142857143
36.857142857142854
34.142857142857146
33.42857142857143
32.42857142857143
31.571428571428573
32.142857142857146
33.714285714285715
33.857142857142854
34.285714285714285
33.714285714285715
32.42857142857143
32.42857142857143
31.428571428571427
31.0
30.142857142857142
30.142857142857142
30.857142857142858
31.0
29.857142857142858
31.571428571428573
33.285714285714285
31.285714285714285
31.428571428571427
31.857142857142858
32.57142857142857
34.285714285714285
33.714285714285715
32.857142857142854
34.0
34.142857142857146
33.142857142857146
34.857142857142854
34.857142857142854
34.285714285714285
34.0
33.42857142857143
32.857142857142854
35.57142857142857
34.0
33.0
31.857142857142858
32.285714285714285
31.142857142857142
33.0
30.428571428571427
30.428571428571427
32.0
32.857142857142854
32.57142857142857
35.142857142857146
34.57142857142857
35.142857142857146
35.42857142857143
32.285714285714285
32.714285714285715
32.714285714285715
32.42857142857143
32.42857142857143
32.0
30.857142857142858
33.0
34.0
33.42857142857143
33.0
33.0
31.857142857142858
32.285714285714285
33.0
31.857142857142858
32.714285714285715
34.142857142857146
35.142857142857146
36.0
35.142857142857146
33.714285714285715
33.57142857142857
34.285714285714285
33.0
32.142857142857146
33.0
35.42857142857143
34.857142857142854
34.857142857142854
33.142857142857146
35.42857142857143
36.0
35.57142857142857
33.714285714285715
34.142857142857146
35.42857142857143
36.285714285714285
32.57142857142857
30.0
29.428571428571427
32.0
32.714285714285715
31.0
32.42857142857143
35.0
35.285714285714285
36.857142857142854
34.285714285714285
33.0
32.714285714285715
28.857142857142858
27.0
26.714285714285715
27.285714285714285
28.714285714285715
29.285714285714285
28.142857142857142
30.0
31.571428571428573
32.857142857142854
30.857142857142858
32.0
32.42857142857143
34.42857142857143
35.714285714285715
35.285714285714285
36.857142857142854
39.714285714285715
38.714285714285715
40.714285714285715
43.142857142857146
43.0
43.0
41.285714285714285
39.57142857142857
40.57142857142857
38.142857142857146
35.0
34.714285714285715
35.142857142857146
34.142857142857146
33.714285714285715
32.285714285714285
32.285714285714285
34.142857142857146
34.714285714285715
33.285714285714285
35.42857142857143
36.57142857142857
35.42857142857143
34.857142857142854
33.42857142857143
31.857142857142858
32.285714285714285
33.0
33.0
34.714285714285715
35.285714285714285
36.0
37.0
37.0
35.42857142857143
34.142857142857146
33.142857142857146
34.285714285714285
33.42857142857143
32.0
33.285714285714285
32.285714285714285
33.42857142857143
33.285714285714285
34.857142857142854
33.57142857142857
34.714285714285715
33.57142857142857
34.714285714285715
33.42857142857143
36.142857142857146
32.42857142857143
33.285714285714285
34.857142857142854
34.42857142857143
33.57142857142857
34.285714285714285
31.142857142857142
32.0
33.142857142857146
29.857142857142858
29.285714285714285
28.857142857142858
30.0
31.714285714285715
32.0
31.428571428571427
32.714285714285715
32.285714285714285
32.42857142857143
30.857142857142858
30.571428571428573
32.57142857142857
31.571428571428573
32.57142857142857
35.0
37.142857142857146
37.714285714285715
36.714285714285715
36.142857142857146
36.285714285714285
35.57142857142857
34.57142857142857
32.142857142857146
29.857142857142858
28.571428571428573
26.428571428571427
26.714285714285715
26.0
27.428571428571427
30.142857142857142
31.142857142857142
32.0
32.142857142857146
32.714285714285715
33.714285714285715
33.142857142857146
32.57142857142857
33.42857142857143
34.142857142857146
34.0
33.714285714285715
32.142857142857146
30.857142857142858
28.0
27.142857142857142
25.571428571428573
27.0
25.142857142857142
26.142857142857142
25.0
27.0
28.571428571428573
30.142857142857142
29.428571428571427
32.285714285714285
32.142857142857146
34.0
32.857142857142854
33.0
32.714285714285715
34.142857142857146
30.142857142857142
29.428571428571427
29.142857142857142
30.142857142857142
26.571428571428573
27.0
25.285714285714285
27.571428571428573
28.0
28.0
26.142857142857142
27.428571428571427
28.0
28.714285714285715
29.571428571428573
30.428571428571427
31.285714285714285
33.714285714285715
34.42857142857143
35.142857142857146
35.285714285714285
33.857142857142854
35.857142857142854
35.857142857142854
35.42857142857143
34.57142857142857
32.857142857142854
32.0
33.857142857142854
32.0
32.42857142857143
31.714285714285715
33.857142857142854
34.42857142857143
35.857142857142854
35.285714285714285
33.57142857142857
31.571428571428573
29.714285714285715
29.0
27.285714285714285
26.428571428571427
25.714285714285715
26.857142857142858
27.571428571428573
29.428571428571427
31.285714285714285
33.0
34.42857142857143
34.42857142857143
34.714285714285715
33.42857142857143
33.0
30.571428571428573
30.285714285714285
29.142857142857142
29.857142857142858
29.571428571428573
30.0
31.0
31.0
30.571428571428573
30.142857142857142
31.428571428571427
30.857142857142858
30.714285714285715
30.285714285714285
30.142857142857142
31.142857142857142
30.857142857142858
31.714285714285715
31.285714285714285
32.142857142857146
32.714285714285715
32.0
31.571428571428573
32.57142857142857
29.285714285714285
29.0
28.0
28.428571428571427
32.142857142857146
33.285714285714285
31.285714285714285
32.0
34.142857142857146
34.0
32.57142857142857
30.0
30.714285714285715
32.0
32.0
29.714285714285715
29.428571428571427
30.142857142857142
31.571428571428573
26.857142857142858
26.714285714285715
26.571428571428573
27.428571428571427
29.428571428571427
29.285714285714285
28.428571428571427
30.142857142857142
29.571428571428573
30.285714285714285
29.857142857142858
29.0
29.857142857142858
28.857142857142858
29.571428571428573
30.571428571428573
30.428571428571427
31.428571428571427
31.714285714285715
30.714285714285715
31.857142857142858
32.42857142857143
32.57142857142857
33.57142857142857
36.0
36.57142857142857
38.57142857142857
38.142857142857146
38.714285714285715
37.42857142857143
36.0
33.857142857142854
32.857142857142854
30.142857142857142
29.142857142857142
27.142857142857142
28.285714285714285
29.285714285714285
28.285714285714285
28.142857142857142
30.142857142857142
32.0
33.714285714285715
33.714285714285715
33.857142857142854
35.57142857142857
35.285714285714285
33.285714285714285
31.857142857142858
31.857142857142858
31.285714285714285
29.714285714285715
