y
24.142857142857142
25.285714285714285
24.0
26.0
27.0
26.428571428571427
25.285714285714285
24.285714285714285
23.571428571428573
25.714285714285715
26.428571428571427
22.714285714285715
22.285714285714285
23.857142857142858
23.0
21.571428571428573
17.571428571428573
13.857142857142858
16.0
15.571428571428571
14.714285714285714
13.857142857142858
14.285714285714286
17.285714285714285
19.0
21.142857142857142
21.571428571428573
22.285714285714285
22.142857142857142
22.0
20.285714285714285
21.714285714285715
20.142857142857142
20.428571428571427
19.428571428571427
21.142857142857142
21.428571428571427
23.857142857142858
21.142857142857142
22.571428571428573
23.0
23.0
21.714285714285715
21.428571428571427
20.428571428571427
22.142857142857142
21.142857142857142
20.571428571428573
22.0
24.285714285714285
24.285714285714285
24.0
23.571428571428573
23.571428571428573
24.571428571428573
23.0
21.714285714285715
21.142857142857142
20.428571428571427
20.571428571428573
19.857142857142858
19.857142857142858
20.285714285714285
20.714285714285715
21.142857142857142
22.285714285714285
22.428571428571427
24.0
23.285714285714285
23.428571428571427
23.142857142857142
24.0
24.428571428571427
24.285714285714285
20.857142857142858
20.428571428571427
21.571428571428573
21.857142857142858
21.142857142857142
21.857142857142858
22.857142857142858
24.857142857142858
27.714285714285715
27.285714285714285
24.285714285714285
23.857142857142858
22.857142857142858
23.714285714285715
25.0
23.0
22.142857142857142
22.571428571428573
23.571428571428573
23.571428571428573
21.285714285714285
21.285714285714285
21.0
21.142857142857142
23.428571428571427
24.285714285714285
23.714285714285715
23.571428571428573
21.571428571428573
21.428571428571427
21.857142857142858
21.857142857142858
21.714285714285715
23.285714285714285
24.0
26.428571428571427
27.142857142857142
27.0
28.142857142857142
26.857142857142858
25.714285714285715
26.142857142857142
26.285714285714285
27.142857142857142
26.857142857142858
26.428571428571427
27.142857142857142
27.0
26.571428571428573
26.857142857142858
26.142857142857142
26.571428571428573
23.857142857142858
24.428571428571427
24.857142857142858
24.857142857142858
25.142857142857142
24.714285714285715
26.428571428571427
26.428571428571427
25.714285714285715
24.571428571428573
25.142857142857142
24.571428571428573
26.142857142857142
23.571428571428573
27.857142857142858
27.285714285714285
28.0
27.142857142857142
26.142857142857142
23.714285714285715
24.428571428571427
19.571428571428573
20.571428571428573
21.714285714285715
22.714285714285715
23.714285714285715
24.857142857142858
24.714285714285715
29.857142857142858
30.0
31.428571428571427
28.142857142857142
29.0
29.285714285714285
29.857142857142858
26.142857142857142
25.714285714285715
24.142857142857142
27.142857142857142
25.285714285714285
24.714285714285715
25.285714285714285
25.714285714285715
24.571428571428573
23.428571428571427
22.571428571428573
23.0
22.285714285714285
22.285714285714285
20.0
23.142857142857142
24.714285714285715
26.571428571428573
27.428571428571427
28.571428571428573
28.857142857142858
33.142857142857146
29.0
30.142857142857142
30.428571428571427
31.0
31.0
31.714285714285715
31.285714285714285
35.142857142857146
33.57142857142857
32.285714285714285
31.142857142857142
31.571428571428573
30.0
29.285714285714285
29.571428571428573
29.0
28.142857142857142
25.285714285714285
24.285714285714285
23.857142857142858
24.142857142857142
23.0
21.285714285714285
20.0
20.142857142857142
19.285714285714285
19.571428571428573
19.428571428571427
17.285714285714285
18.142857142857142
18.857142857142858
22.142857142857142
23.285714285714285
23.285714285714285
22.428571428571427
23.285714285714285
23.285714285714285
23.142857142857142
18.857142857142858
19.142857142857142
18.714285714285715
20.285714285714285
21.285714285714285
21.0
19.714285714285715
19.428571428571427
17.571428571428573
17.714285714285715
17.285714285714285
16.571428571428573
19.142857142857142
21.285714285714285
23.0
23.285714285714285
22.714285714285715
22.714285714285715
22.142857142857142
19.571428571428573
19.0
19.0
19.857142857142858
20.285714285714285
17.857142857142858
16.0
15.571428571428571
16.142857142857142
18.142857142857142
18.571428571428573
18.571428571428573
21.714285714285715
24.428571428571427
25.0
25.0
24.142857142857142
23.571428571428573
23.714285714285715
22.142857142857142
19.428571428571427
19.571428571428573
20.285714285714285
21.0
21.428571428571427
21.142857142857142
21.0
23.142857142857142
24.571428571428573
24.0
20.714285714285715
20.285714285714285
21.142857142857142
21.714285714285715
21.857142857142858
22.428571428571427
22.5
23.928571428571427
26.5
25.357142857142858
25.214285714285715
24.928571428571427
23.214285714285715
22.857142857142858
24.285714285714285
21.0
21.285714285714285
22.857142857142858
19.571428571428573
21.0
22.428571428571427
20.428571428571427
20.714285714285715
20.142857142857142
18.0
18.571428571428573
16.714285714285715
12.857142857142858
13.285714285714286
13.0
14.142857142857142
14.428571428571429
16.428571428571427
17.571428571428573
19.857142857142858
22.0
23.428571428571427
22.714285714285715
23.428571428571427
23.857142857142858
24.428571428571427
25.0
25.0
25.142857142857142
26.0
25.714285714285715
26.571428571428573
26.714285714285715
24.714285714285715
22.428571428571427
20.857142857142858
20.285714285714285
21.857142857142858
21.285714285714285
20.428571428571427
22.142857142857142
24.857142857142858
26.142857142857142
27.0
26.0
26.428571428571427
25.571428571428573
26.714285714285715
24.857142857142858
24.714285714285715
23.857142857142858
21.142857142857142
21.0
22.0
20.571428571428573
22.142857142857142
21.0
20.571428571428573
22.571428571428573
22.714285714285715
22.857142857142858
23.0
22.0
23.142857142857142
23.285714285714285
23.428571428571427
22.857142857142858
21.857142857142858
21.428571428571427
23.428571428571427
23.571428571428573
25.428571428571427
22.142857142857142
21.857142857142858
23.714285714285715
23.857142857142858
23.0
22.428571428571427
21.285714285714285
25.0
25.428571428571427
24.285714285714285
26.0
25.142857142857142
26.0
25.571428571428573
24.428571428571427
25.571428571428573
25.142857142857142
24.571428571428573
25.0
24.714285714285715
24.714285714285715
25.714285714285715
25.571428571428573
26.428571428571427
25.714285714285715
23.285714285714285
21.714285714285715
20.428571428571427
19.142857142857142
19.571428571428573
19.0
20.714285714285715
22.714285714285715
23.714285714285715
24.428571428571427
24.142857142857142
20.857142857142858
22.142857142857142
20.428571428571427
20.857142857142858
21.142857142857142
22.857142857142858
25.285714285714285
28.428571428571427
26.857142857142858
27.285714285714285
26.428571428571427
26.285714285714285
24.714285714285715
23.0
22.142857142857142
22.0
20.571428571428573
21.285714285714285
20.857142857142858
22.428571428571427
22.428571428571427
22.285714285714285
22.0
23.428571428571427
23.0
23.428571428571427
22.714285714285715
23.142857142857142
22.857142857142858
22.714285714285715
21.571428571428573
22.571428571428573
23.428571428571427
22.857142857142858
22.428571428571427
23.571428571428573
24.857142857142858
26.428571428571427
26.428571428571427
25.428571428571427
25.714285714285715
26.571428571428573
25.428571428571427
26.0
26.0
24.857142857142858
25.0
25.571428571428573
25.857142857142858
27.0
26.142857142857142
27.285714285714285
27.428571428571427
28.428571428571427
28.714285714285715
29.142857142857142
28.0
28.285714285714285
25.428571428571427
26.571428571428573
26.571428571428573
25.857142857142858
23.714285714285715
24.857142857142858
22.571428571428573
23.857142857142858
23.857142857142858
23.428571428571427
23.714285714285715
25.571428571428573
23.857142857142858
25.0
25.0
21.857142857142858
21.142857142857142
21.428571428571427
21.0
21.857142857142858
22.142857142857142
20.857142857142858
21.857142857142858
22.0
21.857142857142858
20.714285714285715
20.571428571428573
21.428571428571427
22.571428571428573
24.571428571428573
25.857142857142858
25.714285714285715
25.714285714285715
27.142857142857142
25.714285714285715
25.142857142857142
24.142857142857142
23.857142857142858
23.285714285714285
24.714285714285715
23.571428571428573
22.714285714285715
23.0
24.428571428571427
24.428571428571427
24.428571428571427
23.857142857142858
24.285714285714285
26.571428571428573
28.142857142857142
28.285714285714285
28.428571428571427
28.714285714285715
29.285714285714285
29.714285714285715
29.857142857142858
28.571428571428573
27.857142857142858
27.428571428571427
27.857142857142858
27.428571428571427
27.714285714285715
25.142857142857142
25.571428571428573
27.142857142857142
27.857142857142858
27.0
26.857142857142858
25.142857142857142
26.142857142857142
25.857142857142858
23.714285714285715
21.857142857142858
22.285714285714285
23.0
21.714285714285715
23.571428571428573
24.0
25.714285714285715
27.285714285714285
27.571428571428573
27.857142857142858
29.714285714285715
28.571428571428573
27.428571428571427
25.285714285714285
24.571428571428573
25.285714285714285
24.571428571428573
24.428571428571427
25.428571428571427
26.285714285714285
26.0
25.714285714285715
25.285714285714285
25.571428571428573
26.142857142857142
25.857142857142858
24.0
25.285714285714285
25.285714285714285
25.142857142857142
24.857142857142858
25.285714285714285
25.285714285714285
26.142857142857142
24.714285714285715
25.857142857142858
25.714285714285715
25.428571428571427
24.428571428571427
25.571428571428573
26.571428571428573
28.142857142857142
26.857142857142858
26.428571428571427
25.571428571428573
24.142857142857142
22.857142857142858
23.571428571428573
21.714285714285715
21.428571428571427
21.285714285714285
21.571428571428573
23.857142857142858
23.142857142857142
22.0
22.857142857142858
23.571428571428573
24.857142857142858
25.714285714285715
24.571428571428573
24.714285714285715
25.857142857142858
26.571428571428573
27.0
26.285714285714285
26.714285714285715
26.714285714285715
27.857142857142858
27.0
26.714285714285715
25.857142857142858
25.571428571428573
25.571428571428573
26.714285714285715
24.714285714285715
21.142857142857142
17.285714285714285
15.285714285714286
15.857142857142858
11.714285714285714
11.142857142857142
12.035714285714286
14.857142857142858
15.428571428571429
17.428571428571427
17.571428571428573
21.428571428571427
21.714285714285715
22.25
23.142857142857142
26.714285714285715
25.857142857142858
25.428571428571427
24.714285714285715
24.571428571428573
24.285714285714285
23.428571428571427
23.571428571428573
23.571428571428573
23.428571428571427
24.714285714285715
24.0
24.285714285714285
24.428571428571427
22.428571428571427
22.571428571428573
22.142857142857142
19.428571428571427
16.857142857142858
14.571428571428571
14.428571428571429
16.285714285714285
15.428571428571429
15.428571428571429
14.428571428571429
17.428571428571427
20.285714285714285
20.857142857142858
20.285714285714285
21.571428571428573
21.714285714285715
25.571428571428573
25.714285714285715
24.857142857142858
23.285714285714285
24.142857142857142
24.142857142857142
25.285714285714285
24.571428571428573
23.714285714285715
23.428571428571427
26.285714285714285
25.714285714285715
26.0
24.714285714285715
23.857142857142858
25.0
24.428571428571427
23.0
24.142857142857142
24.857142857142858
25.428571428571427
26.285714285714285
25.428571428571427
26.857142857142858
28.857142857142858
27.714285714285715
28.0
28.428571428571427
26.571428571428573
28.857142857142858
27.571428571428573
24.0
21.857142857142858
20.571428571428573
19.285714285714285
19.571428571428573
17.428571428571427
18.428571428571427
21.0
21.428571428571427
21.142857142857142
20.857142857142858
21.857142857142858
21.428571428571427
22.0
21.857142857142858
21.142857142857142
23.142857142857142
23.285714285714285
20.142857142857142
21.857142857142858
21.857142857142858
22.142857142857142
26.142857142857142
26.0
26.714285714285715
29.571428571428573
29.142857142857142
30.0
29.142857142857142
28.714285714285715
28.428571428571427
29.285714285714285
30.285714285714285
29.857142857142858
28.142857142857142
28.714285714285715
26.428571428571427
25.428571428571427
25.571428571428573
25.0
26.0
28.0
27.714285714285715
28.428571428571427
29.0
28.428571428571427
27.285714285714285
25.571428571428573
22.0
22.857142857142858
23.428571428571427
23.571428571428573
23.285714285714285
24.571428571428573
26.0
29.571428571428573
29.0
28.714285714285715
28.428571428571427
28.0
28.857142857142858
28.857142857142858
26.0
24.428571428571427
25.0
25.571428571428573
25.285714285714285
25.0
24.285714285714285
25.428571428571427
27.285714285714285
25.428571428571427
23.571428571428573
23.714285714285715
22.285714285714285
21.142857142857142
20.142857142857142
19.142857142857142
20.571428571428573
21.428571428571427
21.714285714285715
23.714285714285715
24.428571428571427
25.714285714285715
26.428571428571427
26.428571428571427
26.857142857142858
29.0
26.857142857142858
27.285714285714285
26.428571428571427
25.857142857142858
25.428571428571427
24.571428571428573
23.714285714285715
24.428571428571427
23.857142857142858
24.571428571428573
23.714285714285715
25.142857142857142
27.0
25.428571428571427
25.0
25.0
24.285714285714285
25.0
22.857142857142858
22.142857142857142
22.428571428571427
24.142857142857142
25.0
26.142857142857142
26.571428571428573
28.571428571428573
28.142857142857142
28.0
27.571428571428573
27.714285714285715
26.714285714285715
27.285714285714285
26.0
26.714285714285715
27.285714285714285
27.285714285714285
27.285714285714285
28.0
28.857142857142858
30.428571428571427
31.0
31.714285714285715
32.42857142857143
33.142857142857146
33.42857142857143
32.142857142857146
30.571428571428573
31.142857142857142
30.571428571428573
30.285714285714285
28.857142857142858
26.571428571428573
25.285714285714285
25.714285714285715
24.428571428571427
24.142857142857142
22.142857142857142
22.428571428571427
25.0
24.142857142857142
22.714285714285715
23.428571428571427
22.0
23.857142857142858
23.142857142857142
22.714285714285715
23.857142857142858
24.857142857142858
23.714285714285715
25.0
23.285714285714285
23.428571428571427
23.142857142857142
24.714285714285715
25.428571428571427
25.428571428571427
24.857142857142858
26.0
25.428571428571427
25.571428571428573
25.142857142857142
26.285714285714285
28.142857142857142
29.285714285714285
28.571428571428573
28.714285714285715
27.571428571428573
27.714285714285715
26.571428571428573
24.142857142857142
24.571428571428573
26.714285714285715
29.142857142857142
31.0
28.0
26.428571428571427
26.0
24.571428571428573
22.142857142857142
21.857142857142858
21.428571428571427
24.285714285714285
25.142857142857142
26.857142857142858
27.571428571428573
29.428571428571427
29.714285714285715
30.142857142857142
31.571428571428573
32.857142857142854
32.857142857142854
32.142857142857146
30.428571428571427
30.0
29.714285714285715
25.428571428571427
24.857142857142858
23.714285714285715
24.714285714285715
25.571428571428573
25.0
26.428571428571427
28.428571428571427
29.714285714285715
31.857142857142858
31.0
32.57142857142857
33.285714285714285
29.714285714285715
31.285714285714285
31.857142857142858
30.0
30.571428571428573
28.857142857142858
27.714285714285715
29.571428571428573
30.571428571428573
30.571428571428573
32.142857142857146
32.857142857142854
34.0
34.857142857142854
34.857142857142854
32.42857142857143
29.714285714285715
30.285714285714285
29.142857142857142
28.285714285714285
26.857142857142858
26.714285714285715
28.428571428571427
28.142857142857142
26.857142857142858
26.571428571428573
28.0
31.571428571428573
31.0
30.142857142857142
32.42857142857143
33.285714285714285
33.42857142857143
31.285714285714285
29.571428571428573
29.571428571428573
30.714285714285715
30.0
27.714285714285715
27.428571428571427
24.0
22.0
22.0
20.285714285714285
19.0
19.285714285714285
19.571428571428573
19.857142857142858
19.571428571428573
20.142857142857142
19.714285714285715
21.142857142857142
21.428571428571427
21.714285714285715
25.285714285714285
26.142857142857142
24.428571428571427
25.285714285714285
23.714285714285715
23.857142857142858
23.142857142857142
24.142857142857142
23.714285714285715
25.714285714285715
25.285714285714285
24.714285714285715
25.857142857142858
25.857142857142858
26.0
25.857142857142858
25.714285714285715
25.285714285714285
26.571428571428573
25.0
25.0
23.714285714285715
24.571428571428573
24.571428571428573
25.571428571428573
26.857142857142858
28.571428571428573
28.571428571428573
29.428571428571427
29.142857142857142
28.142857142857142
28.428571428571427
29.285714285714285
27.142857142857142
27.571428571428573
24.571428571428573
21.714285714285715
21.571428571428573
20.714285714285715
18.428571428571427
19.285714285714285
18.857142857142858
22.0
26.0
26.428571428571427
26.857142857142858
28.0
29.0
30.142857142857142
30.428571428571427
30.0
31.857142857142858
31.714285714285715
32.285714285714285
31.285714285714285
31.142857142857142
32.0
29.714285714285715
30.428571428571427
30.142857142857142
29.571428571428573
29.285714285714285
28.285714285714285
26.428571428571427
28.428571428571427
27.142857142857142
26.571428571428573
27.0
28.428571428571427
28.571428571428573
28.857142857142858
28.714285714285715
28.0
29.0
27.857142857142858
27.857142857142858
29.428571428571427
30.571428571428573
33.42857142857143
33.142857142857146
32.42857142857143
29.571428571428573
27.857142857142858
26.857142857142858
26.571428571428573
24.142857142857142
23.857142857142858
23.857142857142858
26.571428571428573
26.285714285714285
27.0
27.428571428571427
26.714285714285715
27.714285714285715
28.857142857142858
27.857142857142858
29.142857142857142
29.0
26.714285714285715
29.0
30.0
28.714285714285715
30.428571428571427
29.857142857142858
28.571428571428573
29.142857142857142
26.714285714285715
24.714285714285715
25.142857142857142
24.857142857142858
24.571428571428573
25.857142857142858
25.285714285714285
23.714285714285715
25.571428571428573
27.0
26.857142857142858
27.0
27.0
27.428571428571427
28.428571428571427
26.857142857142858
24.857142857142858
25.0
25.0
23.714285714285715
20.857142857142858
20.714285714285715
19.571428571428573
18.571428571428573
16.285714285714285
15.285714285714286
14.714285714285714
17.285714285714285
15.714285714285714
16.142857142857142
15.285714285714286
13.428571428571429
12.285714285714286
12.0
8.857142857142858
7.571428571428571
6.285714285714286
6.142857142857143
9.142857142857142
11.0
13.0
17.428571428571427
22.285714285714285
24.142857142857142
26.857142857142858
27.857142857142858
28.142857142857142
27.142857142857142
26.142857142857142
26.142857142857142
25.857142857142858
26.714285714285715
26.571428571428573
26.714285714285715
27.571428571428573
29.142857142857142
27.285714285714285
27.285714285714285
27.142857142857142
25.285714285714285
24.428571428571427
24.285714285714285
21.857142857142858
23.428571428571427
23.714285714285715
21.714285714285715
24.285714285714285
24.428571428571427
23.857142857142858
22.285714285714285
21.142857142857142
21.857142857142858
22.857142857142858
22.142857142857142
22.428571428571427
22.428571428571427
24.285714285714285
24.142857142857142
21.571428571428573
20.571428571428573
19.285714285714285
20.428571428571427
19.857142857142858
18.0
18.428571428571427
20.571428571428573
21.0
21.285714285714285
20.285714285714285
21.142857142857142
23.428571428571427
22.142857142857142
20.285714285714285
21.857142857142858
23.714285714285715
23.0
22.285714285714285
22.571428571428573
22.857142857142858
23.714285714285715
22.0
20.0
21.428571428571427
22.285714285714285
22.857142857142858
24.571428571428573
25.857142857142858
26.428571428571427
28.714285714285715
28.428571428571427
28.285714285714285
27.285714285714285
26.857142857142858
27.285714285714285
28.0
27.857142857142858
27.285714285714285
27.857142857142858
28.857142857142858
29.285714285714285
27.571428571428573
27.571428571428573
25.142857142857142
25.428571428571427
25.142857142857142
23.857142857142858
22.857142857142858
22.285714285714285
20.857142857142858
22.428571428571427
22.571428571428573
22.714285714285715
23.0
23.428571428571427
25.857142857142858
29.142857142857142
26.571428571428573
26.142857142857142
26.0
28.428571428571427
27.714285714285715
27.285714285714285
25.857142857142858
29.857142857142858
31.428571428571427
31.857142857142858
30.285714285714285
30.714285714285715
31.142857142857142
31.142857142857142
31.285714285714285
32.0
31.428571428571427
30.0
30.714285714285715
29.428571428571427
29.857142857142858
27.571428571428573
25.285714285714285
26.142857142857142
27.142857142857142
28.142857142857142
29.0
29.0
28.857142857142858
30.0
29.428571428571427
28.857142857142858
28.714285714285715
28.714285714285715
27.285714285714285
25.857142857142858
23.285714285714285
22.857142857142858
20.857142857142858
21.142857142857142
20.428571428571427
20.285714285714285
23.857142857142858
26.0
26.285714285714285
30.571428571428573
30.0
31.0
31.428571428571427
32.0
33.285714285714285
34.142857142857146
32.142857142857146
31.571428571428573
32.142857142857146
32.285714285714285
27.857142857142858
25.0
24.142857142857142
25.285714285714285
25.571428571428573
25.285714285714285
24.857142857142858
30.571428571428573
32.285714285714285
32.857142857142854
33.857142857142854
32.57142857142857
32.714285714285715
31.0
26.285714285714285
26.571428571428573
26.428571428571427
24.857142857142858
26.571428571428573
24.857142857142858
27.0
31.142857142857142
30.714285714285715
31.571428571428573
32.285714285714285
31.571428571428573
32.0
31.285714285714285
29.571428571428573
30.428571428571427
30.0
31.142857142857142
32.0
33.0
34.42857142857143
34.714285714285715
33.714285714285715
32.857142857142854
32.57142857142857
32.857142857142854
32.285714285714285
31.428571428571427
30.857142857142858
31.714285714285715
31.571428571428573
30.428571428571427
31.0
32.57142857142857
34.0
33.857142857142854
33.0
34.714285714285715
32.285714285714285
27.714285714285715
25.0
22.857142857142858
23.142857142857142
22.571428571428573
20.714285714285715
20.0
19.714285714285715
20.571428571428573
20.0
17.428571428571427
18.428571428571427
17.714285714285715
20.857142857142858
23.428571428571427
21.857142857142858
24.0
25.428571428571427
25.571428571428573
26.0
25.142857142857142
24.571428571428573
24.857142857142858
23.285714285714285
22.428571428571427
20.571428571428573
20.857142857142858
21.142857142857142
22.571428571428573
22.714285714285715
22.571428571428573
23.0
23.714285714285715
23.857142857142858
21.571428571428573
19.428571428571427
21.714285714285715
23.571428571428573
24.857142857142858
24.714285714285715
24.0
25.714285714285715
28.428571428571427
27.285714285714285
27.714285714285715
28.142857142857142
27.714285714285715
29.285714285714285
30.857142857142858
30.714285714285715
29.857142857142858
28.857142857142858
27.857142857142858
28.571428571428573
27.857142857142858
26.285714285714285
25.142857142857142
27.428571428571427
27.571428571428573
28.714285714285715
30.714285714285715
30.0
31.571428571428573
31.285714285714285
31.714285714285715
31.857142857142858
31.285714285714285
29.714285714285715
29.857142857142858
25.571428571428573
23.285714285714285
19.428571428571427
19.142857142857142
20.857142857142858
22.0
21.142857142857142
25.0
27.428571428571427
30.857142857142858
30.428571428571427
29.571428571428573
28.142857142857142
29.714285714285715
29.857142857142858
30.714285714285715
28.857142857142858
30.857142857142858
30.142857142857142
29.857142857142858
29.285714285714285
28.857142857142858
28.571428571428573
29.428571428571427
28.142857142857142
29.142857142857142
28.714285714285715
28.428571428571427
28.857142857142858
28.857142857142858
27.571428571428573
26.571428571428573
26.0
26.714285714285715
28.285714285714285
27.857142857142858
28.0
28.857142857142858
28.714285714285715
28.571428571428573
28.714285714285715
28.142857142857142
28.0
28.857142857142858
28.857142857142858
28.571428571428573
24.285714285714285
24.142857142857142
23.714285714285715
23.285714285714285
21.571428571428573
21.428571428571427
22.285714285714285
27.0
29.0
29.714285714285715
30.571428571428573
31.142857142857142
28.428571428571427
29.0
29.142857142857142
26.142857142857142
25.571428571428573
23.428571428571427
22.142857142857142
25.571428571428573
24.571428571428573
22.285714285714285
23.428571428571427
23.285714285714285
23.857142857142858
25.285714285714285
23.857142857142858
23.714285714285715
24.571428571428573
25.857142857142858
25.571428571428573
28.0
26.0
26.571428571428573
27.142857142857142
26.142857142857142
24.857142857142858
25.285714285714285
22.142857142857142
24.714285714285715
24.0
24.142857142857142
25.142857142857142
24.714285714285715
24.571428571428573
25.142857142857142
26.571428571428573
28.0
28.0
28.571428571428573
29.142857142857142
29.571428571428573
29.285714285714285
26.857142857142858
28.142857142857142
25.714285714285715
24.428571428571427
24.285714285714285
24.571428571428573
24.285714285714285
24.428571428571427
23.428571428571427
24.714285714285715
25.0
24.142857142857142
23.571428571428573
22.285714285714285
23.285714285714285
22.857142857142858
23.571428571428573
24.285714285714285
24.571428571428573
24.142857142857142
27.571428571428573
26.285714285714285
24.285714285714285
24.285714285714285
23.857142857142858
24.0
24.428571428571427
22.428571428571427
21.285714285714285
23.285714285714285
23.857142857142858
23.857142857142858
24.714285714285715
25.285714285714285
25.857142857142858
24.571428571428573
25.285714285714285
24.571428571428573
24.857142857142858
24.142857142857142
23.428571428571427
23.714285714285715
25.857142857142858
23.428571428571427
23.0
21.857142857142858
21.571428571428573
21.571428571428573
21.285714285714285
21.142857142857142
23.0
23.857142857142858
25.571428571428573
25.714285714285715
26.428571428571427
26.285714285714285
27.428571428571427
26.428571428571427
27.142857142857142
27.0
28.142857142857142
27.285714285714285
27.142857142857142
26.857142857142858
28.571428571428573
28.428571428571427
28.571428571428573
28.285714285714285
28.142857142857142
29.714285714285715
30.142857142857142
28.428571428571427
28.285714285714285
26.428571428571427
26.142857142857142
26.285714285714285
25.714285714285715
24.142857142857142
24.142857142857142
24.571428571428573
25.571428571428573
25.142857142857142
25.0
26.142857142857142
27.285714285714285
27.428571428571427
26.428571428571427
26.0
26.285714285714285
26.857142857142858
27.0
26.857142857142858
28.571428571428573
29.571428571428573
29.714285714285715
30.571428571428573
31.0
31.285714285714285
32.42857142857143
31.142857142857142
29.571428571428573
30.0
30.0
29.285714285714285
28.142857142857142
28.142857142857142
28.285714285714285
29.714285714285715
29.714285714285715
29.142857142857142
30.0
30.142857142857142
30.714285714285715
30.857142857142858
31.428571428571427
33.285714285714285
35.142857142857146
35.285714285714285
35.0
33.285714285714285
34.857142857142854
33.42857142857143
32.285714285714285
30.0
29.571428571428573
31.142857142857142
32.142857142857146
31.285714285714285
31.285714285714285
31.0
31.0
31.0
28.285714285714285
29.571428571428573
27.571428571428573
27.428571428571427
26.857142857142858
27.0
26.857142857142858
27.571428571428573
28.285714285714285
30.285714285714285
31.0
32.285714285714285
31.285714285714285
32.0
35.42857142857143
33.0
32.285714285714285
32.714285714285715
34.0
37.285714285714285
37.0
35.142857142857146
35.42857142857143
37.0
39.142857142857146
34.0
31.285714285714285
31.428571428571427
32.142857142857146
30.571428571428573
29.142857142857142
26.714285714285715
31.571428571428573
32.857142857142854
32.142857142857146
31.285714285714285
32.57142857142857
32.57142857142857
32.0
31.428571428571427
31.142857142857142
31.857142857142858
33.285714285714285
34.0
36.142857142857146
38.857142857142854
39.714285714285715
40.285714285714285
41.42857142857143
40.42857142857143
40.0
39.714285714285715
38.714285714285715
37.42857142857143
37.857142857142854
36.285714285714285
36.285714285714285
37.285714285714285
35.0
33.857142857142854
34.0
33.42857142857143
33.42857142857143
32.857142857142854
30.428571428571427
27.857142857142858
28.285714285714285
26.714285714285715
26.0
25.0
22.571428571428573
19.714285714285715
