y
194.85714285714286
194.57142857142858
196.42857142857142
197.57142857142858
197.28571428571428
195.28571428571428
203.71428571428572
200.0
200.0
197.57142857142858
191.85714285714286
190.71428571428572
193.42857142857142
189.28571428571428
190.28571428571428
188.85714285714286
189.28571428571428
192.0
194.0
194.28571428571428
193.42857142857142
190.0
190.28571428571428
194.0
193.14285714285714
191.14285714285714
188.71428571428572
189.0
186.14285714285714
182.57142857142858
183.14285714285714
186.14285714285714
190.85714285714286
187.28571428571428
187.42857142857142
188.85714285714286
192.28571428571428
189.42857142857142
182.42857142857142
181.42857142857142
183.14285714285714
177.28571428571428
178.14285714285714
175.42857142857142
174.57142857142858
179.14285714285714
182.42857142857142
181.14285714285714
185.85714285714286
182.14285714285714
188.28571428571428
191.57142857142858
188.57142857142858
184.42857142857142
187.14285714285714
184.85714285714286
184.14285714285714
182.0
182.85714285714286
189.71428571428572
189.57142857142858
193.71428571428572
195.14285714285714
201.14285714285714
201.57142857142858
195.71428571428572
190.0
193.0
185.85714285714286
188.0
185.85714285714286
183.57142857142858
185.57142857142858
188.0
174.42857142857142
182.14285714285714
181.71428571428572
186.42857142857142
192.14285714285714
195.28571428571428
193.28571428571428
204.42857142857142
199.57142857142858
200.71428571428572
197.0
189.57142857142858
184.28571428571428
186.85714285714286
185.57142857142858
185.85714285714286
183.28571428571428
187.42857142857142
194.0
197.71428571428572
198.71428571428572
199.0
199.42857142857142
201.57142857142858
194.71428571428572
191.71428571428572
194.57142857142858
195.85714285714286
200.14285714285714
199.85714285714286
201.42857142857142
205.0
205.14285714285714
204.0
201.14285714285714
198.71428571428572
200.0
197.85714285714286
199.14285714285714
196.42857142857142
190.28571428571428
187.85714285714286
192.85714285714286
189.57142857142858
191.71428571428572
190.42857142857142
193.85714285714286
202.42857142857142
206.14285714285714
201.14285714285714
203.14285714285714
200.0
197.28571428571428
195.85714285714286
189.42857142857142
184.28571428571428
182.28571428571428
177.14285714285714
179.0
181.71428571428572
179.14285714285714
179.85714285714286
185.57142857142858
190.14285714285714
194.28571428571428
192.57142857142858
190.28571428571428
190.85714285714286
195.14285714285714
194.14285714285714
196.71428571428572
197.85714285714286
199.28571428571428
203.0
208.85714285714286
208.57142857142858
205.0
198.57142857142858
199.57142857142858
198.71428571428572
199.14285714285714
199.14285714285714
196.42857142857142
199.28571428571428
200.42857142857142
197.0
196.71428571428572
196.85714285714286
193.0
190.28571428571428
192.42857142857142
192.14285714285714
190.85714285714286
189.0
187.14285714285714
188.85714285714286
190.85714285714286
186.28571428571428
188.0
186.28571428571428
187.57142857142858
185.28571428571428
185.0
186.57142857142858
188.57142857142858
184.28571428571428
186.42857142857142
188.85714285714286
188.85714285714286
184.85714285714286
184.28571428571428
184.71428571428572
186.71428571428572
187.0
185.85714285714286
187.85714285714286
191.28571428571428
192.28571428571428
194.14285714285714
193.0
192.0
191.14285714285714
190.57142857142858
186.42857142857142
181.28571428571428
175.0
181.71428571428572
182.28571428571428
182.14285714285714
179.57142857142858
179.28571428571428
181.0
181.57142857142858
183.57142857142858
187.42857142857142
184.85714285714286
185.14285714285714
186.28571428571428
185.42857142857142
189.42857142857142
181.42857142857142
177.57142857142858
178.85714285714286
176.85714285714286
178.42857142857142
178.0
177.71428571428572
172.85714285714286
172.85714285714286
173.57142857142858
171.28571428571428
168.42857142857142
165.71428571428572
162.42857142857142
168.28571428571428
163.14285714285714
163.57142857142858
166.28571428571428
169.14285714285714
174.85714285714286
175.85714285714286
177.71428571428572
184.0
182.85714285714286
186.85714285714286
186.28571428571428
185.57142857142858
184.28571428571428
180.28571428571428
175.85714285714286
176.14285714285714
173.71428571428572
172.71428571428572
172.71428571428572
174.28571428571428
174.71428571428572
177.42857142857142
182.42857142857142
185.85714285714286
186.57142857142858
186.28571428571428
199.42857142857142
201.85714285714286
206.28571428571428
204.71428571428572
204.42857142857142
206.14285714285714
208.57142857142858
199.85714285714286
198.0
194.0
195.14285714285714
195.0
196.57142857142858
196.28571428571428
197.85714285714286
198.85714285714286
198.0
197.85714285714286
199.0
197.14285714285714
194.85714285714286
193.57142857142858
191.14285714285714
199.85714285714286
196.14285714285714
192.42857142857142
196.14285714285714
195.14285714285714
191.71428571428572
191.28571428571428
190.57142857142858
187.85714285714286
192.42857142857142
193.42857142857142
198.57142857142858
200.0
202.28571428571428
198.14285714285714
201.28571428571428
201.0
200.42857142857142
200.57142857142858
199.28571428571428
201.42857142857142
198.57142857142858
201.28571428571428
200.14285714285714
196.28571428571428
192.85714285714286
198.42857142857142
197.14285714285714
203.14285714285714
202.85714285714286
202.71428571428572
204.85714285714286
209.85714285714286
212.0
210.0
213.85714285714286
211.28571428571428
209.28571428571428
208.71428571428572
200.42857142857142
196.0
195.71428571428572
191.0
196.14285714285714
198.42857142857142
198.14285714285714
202.85714285714286
202.0
204.0
205.57142857142858
206.0
207.42857142857142
207.14285714285714
207.71428571428572
210.14285714285714
210.14285714285714
206.71428571428572
205.42857142857142
202.42857142857142
204.28571428571428
205.0
199.85714285714286
197.28571428571428
199.57142857142858
197.0
200.14285714285714
201.28571428571428
202.71428571428572
207.28571428571428
212.85714285714286
212.71428571428572
215.0
212.0
207.42857142857142
202.42857142857142
197.42857142857142
197.0
194.71428571428572
196.28571428571428
196.57142857142858
199.0
201.0
202.57142857142858
201.42857142857142
201.0
191.0
188.42857142857142
188.85714285714286
188.71428571428572
191.0
188.71428571428572
187.71428571428572
196.0
197.42857142857142
199.85714285714286
204.85714285714286
198.14285714285714
199.85714285714286
208.28571428571428
205.71428571428572
211.85714285714286
207.28571428571428
198.0
209.85714285714286
208.85714285714286
201.28571428571428
202.57142857142858
199.71428571428572
200.85714285714286
207.85714285714286
203.28571428571428
201.42857142857142
203.85714285714286
207.0
207.85714285714286
208.0
199.85714285714286
200.85714285714286
203.42857142857142
203.42857142857142
200.0
197.71428571428572
202.28571428571428
208.71428571428572
209.71428571428572
210.57142857142858
210.0
207.71428571428572
206.28571428571428
197.14285714285714
194.42857142857142
189.0
186.57142857142858
182.71428571428572
186.57142857142858
187.14285714285714
192.42857142857142
188.28571428571428
189.0
190.85714285714286
195.28571428571428
196.0
197.85714285714286
197.0
204.28571428571428
205.85714285714286
202.14285714285714
203.57142857142858
202.71428571428572
198.28571428571428
197.57142857142858
193.14285714285714
189.71428571428572
194.0
190.0
186.0
185.85714285714286
188.0
189.57142857142858
187.85714285714286
184.0
186.85714285714286
187.57142857142858
196.57142857142858
198.71428571428572
202.57142857142858
205.85714285714286
206.85714285714286
210.14285714285714
207.0
202.14285714285714
200.71428571428572
202.28571428571428
199.71428571428572
207.28571428571428
204.0
211.28571428571428
214.57142857142858
207.42857142857142
202.0
201.71428571428572
198.28571428571428
201.85714285714286
195.85714285714286
191.85714285714286
199.42857142857142
203.57142857142858
211.71428571428572
206.28571428571428
204.71428571428572
205.14285714285714
205.28571428571428
199.42857142857142
200.42857142857142
194.57142857142858
200.28571428571428
198.42857142857142
203.85714285714286
207.0
213.85714285714286
212.0
215.14285714285714
214.28571428571428
211.42857142857142
210.42857142857142
208.71428571428572
204.85714285714286
204.71428571428572
202.71428571428572
203.0
205.28571428571428
206.28571428571428
199.85714285714286
199.14285714285714
192.57142857142858
187.28571428571428
186.71428571428572
183.42857142857142
182.14285714285714
187.85714285714286
182.28571428571428
186.28571428571428
193.57142857142858
190.14285714285714
192.0
189.57142857142858
186.71428571428572
193.71428571428572
196.0
193.28571428571428
188.14285714285714
187.42857142857142
188.85714285714286
188.85714285714286
183.85714285714286
181.0
181.42857142857142
185.85714285714286
187.85714285714286
185.42857142857142
191.42857142857142
194.28571428571428
199.85714285714286
202.71428571428572
203.42857142857142
201.14285714285714
204.42857142857142
199.0
202.71428571428572
197.71428571428572
194.14285714285714
194.14285714285714
194.28571428571428
196.85714285714286
196.0
190.85714285714286
197.42857142857142
197.42857142857142
198.71428571428572
202.28571428571428
203.71428571428572
205.85714285714286
211.14285714285714
209.42857142857142
211.57142857142858
215.0
210.14285714285714
206.57142857142858
205.57142857142858
204.0
199.28571428571428
201.0
199.71428571428572
201.57142857142858
200.42857142857142
200.71428571428572
199.85714285714286
198.14285714285714
198.57142857142858
200.14285714285714
201.71428571428572
200.42857142857142
203.71428571428572
205.28571428571428
205.0
205.14285714285714
198.42857142857142
198.0
202.85714285714286
200.14285714285714
199.42857142857142
200.42857142857142
199.71428571428572
202.0
206.42857142857142
205.0
206.0
206.57142857142858
208.14285714285714
205.28571428571428
204.42857142857142
198.71428571428572
194.57142857142858
192.42857142857142
188.28571428571428
187.14285714285714
183.14285714285714
185.71428571428572
182.85714285714286
184.42857142857142
187.28571428571428
188.57142857142858
193.42857142857142
198.28571428571428
200.14285714285714
205.57142857142858
207.57142857142858
206.14285714285714
203.42857142857142
198.71428571428572
197.14285714285714
199.14285714285714
194.57142857142858
192.85714285714286
192.42857142857142
192.28571428571428
194.0
195.85714285714286
189.71428571428572
195.42857142857142
193.42857142857142
193.14285714285714
200.28571428571428
201.85714285714286
210.71428571428572
218.42857142857142
220.14285714285714
222.0
224.71428571428572
220.71428571428572
216.28571428571428
210.28571428571428
206.85714285714286
203.42857142857142
203.71428571428572
202.71428571428572
202.57142857142858
204.0
206.71428571428572
206.57142857142858
205.71428571428572
204.42857142857142
205.71428571428572
210.14285714285714
212.0
208.14285714285714
210.14285714285714
214.42857142857142
218.57142857142858
216.57142857142858
218.57142857142858
224.57142857142858
224.57142857142858
220.57142857142858
218.57142857142858
216.28571428571428
219.28571428571428
215.57142857142858
211.85714285714286
207.42857142857142
213.57142857142858
214.42857142857142
211.85714285714286
217.0
216.71428571428572
214.14285714285714
220.85714285714286
215.14285714285714
218.14285714285714
224.14285714285714
211.28571428571428
212.71428571428572
211.71428571428572
205.0
206.0
202.14285714285714
199.0
202.85714285714286
195.85714285714286
201.28571428571428
207.71428571428572
209.14285714285714
208.14285714285714
211.28571428571428
212.0
220.14285714285714
218.14285714285714
211.57142857142858
213.28571428571428
217.57142857142858
217.28571428571428
219.57142857142858
219.14285714285714
216.42857142857142
215.57142857142858
214.28571428571428
205.14285714285714
204.57142857142858
203.28571428571428
201.85714285714286
201.28571428571428
205.57142857142858
201.28571428571428
205.42857142857142
206.28571428571428
209.0
208.57142857142858
214.57142857142858
212.57142857142858
212.42857142857142
209.71428571428572
200.42857142857142
200.14285714285714
201.42857142857142
200.14285714285714
201.71428571428572
197.28571428571428
198.71428571428572
204.85714285714286
200.85714285714286
198.42857142857142
192.0
188.85714285714286
191.0
191.57142857142858
190.0
188.14285714285714
186.85714285714286
189.71428571428572
191.28571428571428
201.57142857142858
202.42857142857142
202.57142857142858
203.14285714285714
203.28571428571428
201.28571428571428
201.42857142857142
193.57142857142858
190.85714285714286
189.14285714285714
194.14285714285714
191.0
193.28571428571428
196.0
200.42857142857142
201.0
207.0
204.85714285714286
210.42857142857142
209.57142857142858
208.42857142857142
206.0
209.57142857142858
209.0
211.42857142857142
210.14285714285714
206.28571428571428
201.28571428571428
198.71428571428572
194.42857142857142
193.28571428571428
189.42857142857142
192.0
195.57142857142858
198.42857142857142
200.71428571428572
199.71428571428572
195.42857142857142
197.57142857142858
194.85714285714286
196.14285714285714
196.28571428571428
196.57142857142858
197.71428571428572
202.42857142857142
201.14285714285714
196.0
196.71428571428572
199.57142857142858
197.71428571428572
199.42857142857142
195.71428571428572
192.85714285714286
197.71428571428572
194.28571428571428
193.0
197.28571428571428
198.14285714285714
196.85714285714286
202.0
204.42857142857142
202.57142857142858
200.0
191.71428571428572
189.57142857142858
188.42857142857142
182.57142857142858
178.42857142857142
183.42857142857142
187.42857142857142
191.42857142857142
191.57142857142858
197.0
201.85714285714286
202.0
197.57142857142858
195.42857142857142
199.0
198.14285714285714
193.71428571428572
191.85714285714286
194.57142857142858
194.0
190.85714285714286
189.42857142857142
191.71428571428572
190.85714285714286
194.57142857142858
189.42857142857142
192.28571428571428
198.0
195.28571428571428
196.57142857142858
199.28571428571428
197.57142857142858
200.14285714285714
203.28571428571428
199.14285714285714
201.57142857142858
198.42857142857142
198.71428571428572
198.0
201.28571428571428
204.28571428571428
205.42857142857142
201.14285714285714
202.71428571428572
201.85714285714286
197.57142857142858
199.0
196.28571428571428
200.57142857142858
201.28571428571428
201.57142857142858
202.57142857142858
209.28571428571428
208.0
207.14285714285714
208.28571428571428
212.57142857142858
213.28571428571428
217.57142857142858
213.85714285714286
210.0
206.57142857142858
202.71428571428572
201.71428571428572
203.0
199.42857142857142
200.85714285714286
203.14285714285714
204.14285714285714
202.71428571428572
199.42857142857142
199.85714285714286
203.57142857142858
198.71428571428572
198.85714285714286
199.28571428571428
199.28571428571428
204.85714285714286
200.71428571428572
195.14285714285714
199.42857142857142
196.42857142857142
198.0
195.71428571428572
191.71428571428572
190.14285714285714
190.57142857142858
194.71428571428572
199.71428571428572
197.57142857142858
199.42857142857142
198.0
196.28571428571428
198.28571428571428
194.14285714285714
188.71428571428572
189.14285714285714
191.42857142857142
192.42857142857142
198.0
194.14285714285714
195.14285714285714
197.0
199.42857142857142
194.71428571428572
196.0
195.71428571428572
194.57142857142858
191.0
191.57142857142858
186.85714285714286
188.28571428571428
186.71428571428572
191.71428571428572
197.85714285714286
193.0
194.57142857142858
200.71428571428572
191.42857142857142
185.0
178.0
172.71428571428572
176.14285714285714
175.85714285714286
173.85714285714286
185.57142857142858
194.71428571428572
200.85714285714286
205.71428571428572
212.28571428571428
213.85714285714286
211.42857142857142
213.42857142857142
212.28571428571428
207.14285714285714
206.14285714285714
204.57142857142858
206.42857142857142
210.71428571428572
208.71428571428572
208.85714285714286
208.57142857142858
213.28571428571428
211.28571428571428
210.71428571428572
212.71428571428572
214.14285714285714
216.57142857142858
218.14285714285714
206.28571428571428
209.42857142857142
205.57142857142858
202.42857142857142
198.71428571428572
194.57142857142858
189.0
187.85714285714286
190.28571428571428
193.42857142857142
194.42857142857142
196.42857142857142
197.42857142857142
199.57142857142858
204.28571428571428
193.57142857142858
191.57142857142858
185.71428571428572
183.14285714285714
180.28571428571428
179.71428571428572
180.14285714285714
184.71428571428572
179.14285714285714
182.42857142857142
182.42857142857142
183.28571428571428
181.14285714285714
186.14285714285714
187.42857142857142
189.14285714285714
184.42857142857142
182.57142857142858
185.85714285714286
183.28571428571428
175.0
172.42857142857142
171.85714285714286
174.0
177.42857142857142
174.0
177.28571428571428
177.71428571428572
177.28571428571428
179.42857142857142
184.28571428571428
184.71428571428572
185.85714285714286
186.28571428571428
190.85714285714286
193.85714285714286
195.42857142857142
194.28571428571428
191.42857142857142
189.0
195.57142857142858
198.42857142857142
199.14285714285714
201.0
200.14285714285714
207.28571428571428
213.28571428571428
209.85714285714286
205.57142857142858
206.14285714285714
207.14285714285714
209.28571428571428
218.14285714285714
219.71428571428572
218.28571428571428
219.0
219.14285714285714
219.0
214.0
198.14285714285714
191.28571428571428
196.0
195.42857142857142
190.0
187.71428571428572
190.71428571428572
193.42857142857142
199.0
194.28571428571428
195.28571428571428
203.85714285714286
203.42857142857142
202.28571428571428
201.0
199.71428571428572
205.28571428571428
200.71428571428572
196.42857142857142
196.42857142857142
197.57142857142858
202.57142857142858
205.14285714285714
199.71428571428572
201.71428571428572
203.71428571428572
205.0
207.42857142857142
202.57142857142858
195.42857142857142
195.42857142857142
201.14285714285714
198.85714285714286
194.71428571428572
191.14285714285714
190.42857142857142
196.14285714285714
199.14285714285714
200.0
203.85714285714286
205.57142857142858
196.28571428571428
198.14285714285714
195.28571428571428
190.28571428571428
189.42857142857142
183.71428571428572
182.57142857142858
189.57142857142858
186.28571428571428
189.28571428571428
190.42857142857142
187.28571428571428
189.71428571428572
189.42857142857142
187.85714285714286
189.42857142857142
187.42857142857142
191.14285714285714
189.28571428571428
186.85714285714286
190.85714285714286
200.42857142857142
200.85714285714286
201.57142857142858
203.28571428571428
205.57142857142858
207.0
202.85714285714286
194.28571428571428
198.0
198.28571428571428
197.0
198.14285714285714
195.0
198.0
207.28571428571428
207.0
203.28571428571428
202.57142857142858
207.57142857142858
211.71428571428572
208.28571428571428
203.85714285714286
203.42857142857142
209.0
212.28571428571428
209.28571428571428
209.71428571428572
216.71428571428572
217.14285714285714
215.57142857142858
212.85714285714286
210.42857142857142
208.85714285714286
209.42857142857142
203.42857142857142
203.14285714285714
207.57142857142858
210.42857142857142
212.71428571428572
210.14285714285714
208.28571428571428
204.57142857142858
198.14285714285714
191.42857142857142
186.14285714285714
176.71428571428572
176.85714285714286
178.42857142857142
188.42857142857142
197.0
198.28571428571428
205.0
215.0
211.0
205.57142857142858
204.0
199.57142857142858
202.42857142857142
196.85714285714286
188.42857142857142
192.71428571428572
196.14285714285714
192.42857142857142
196.28571428571428
196.0
196.85714285714286
204.57142857142858
211.14285714285714
207.71428571428572
210.71428571428572
206.14285714285714
206.0
205.0
204.85714285714286
200.42857142857142
202.57142857142858
201.42857142857142
201.42857142857142
197.71428571428572
197.0
191.71428571428572
195.71428571428572
200.42857142857142
206.42857142857142
207.14285714285714
208.71428571428572
209.85714285714286
211.71428571428572
204.57142857142858
201.57142857142858
194.71428571428572
199.14285714285714
199.57142857142858
201.14285714285714
204.85714285714286
210.57142857142858
211.57142857142858
215.0
209.0
212.85714285714286
211.42857142857142
210.71428571428572
208.42857142857142
208.71428571428572
207.42857142857142
207.71428571428572
207.42857142857142
212.71428571428572
207.85714285714286
206.57142857142858
204.42857142857142
201.28571428571428
202.0
197.42857142857142
190.57142857142858
