y
507.85714285714283
507.7142857142857
517.5714285714286
513.1428571428571
507.85714285714283
514.2857142857143
527.8571428571429
525.4285714285714
520.8571428571429
516.8571428571429
514.8571428571429
519.1428571428571
515.1428571428571
508.42857142857144
505.0
510.14285714285717
518.1428571428571
520.8571428571429
518.7142857142857
517.1428571428571
514.8571428571429
512.4285714285714
508.2857142857143
504.57142857142856
499.85714285714283
501.14285714285717
505.14285714285717
508.2857142857143
506.57142857142856
500.85714285714283
500.14285714285717
502.2857142857143
508.2857142857143
502.14285714285717
499.57142857142856
499.2857142857143
502.2857142857143
504.57142857142856
496.0
486.85714285714283
486.57142857142856
476.42857142857144
471.7142857142857
468.42857142857144
460.2857142857143
466.7142857142857
471.85714285714283
468.14285714285717
472.85714285714283
479.0
489.42857142857144
493.42857142857144
492.0
491.14285714285717
498.57142857142856
495.7142857142857
486.14285714285717
483.2857142857143
486.0
493.7142857142857
487.14285714285717
489.42857142857144
494.42857142857144
505.85714285714283
507.42857142857144
503.7142857142857
492.14285714285717
499.57142857142856
492.2857142857143
492.0
486.0
481.2857142857143
482.57142857142856
490.14285714285717
464.42857142857144
474.0
472.0
476.14285714285717
479.57142857142856
479.57142857142856
472.85714285714283
498.14285714285717
491.14285714285717
495.7142857142857
492.7142857142857
493.42857142857144
487.7142857142857
494.7142857142857
491.57142857142856
489.14285714285717
485.85714285714283
496.2857142857143
497.85714285714283
503.42857142857144
504.14285714285717
503.7142857142857
505.7142857142857
513.7142857142857
507.42857142857144
504.14285714285717
506.7142857142857
510.7142857142857
517.7142857142857
520.2857142857143
517.0
520.0
518.7142857142857
515.2857142857143
514.4285714285714
521.4285714285714
520.1428571428571
518.5714285714286
513.5714285714286
513.4285714285714
509.0
502.0
501.85714285714283
504.57142857142856
509.2857142857143
512.4285714285714
511.14285714285717
523.5714285714286
527.8571428571429
514.7142857142857
506.2857142857143
498.85714285714283
490.14285714285717
490.0
475.14285714285717
468.2857142857143
466.42857142857144
464.7142857142857
466.0
469.42857142857144
462.7142857142857
467.2857142857143
479.14285714285717
492.7142857142857
499.2857142857143
496.2857142857143
495.0
498.0
502.7142857142857
492.85714285714283
496.2857142857143
503.42857142857144
508.57142857142856
517.7142857142857
535.1428571428571
532.5714285714286
532.0
514.8571428571429
511.85714285714283
510.85714285714283
509.0
502.42857142857144
502.2857142857143
505.85714285714283
511.85714285714283
511.85714285714283
518.7142857142857
516.1428571428571
512.4285714285714
512.7142857142857
522.1428571428571
520.1428571428571
509.14285714285717
499.7142857142857
495.7142857142857
494.85714285714283
500.7142857142857
488.14285714285717
486.42857142857144
489.57142857142856
491.42857142857144
489.2857142857143
489.7142857142857
486.2857142857143
487.2857142857143
486.57142857142856
487.42857142857144
494.42857142857144
499.85714285714283
493.14285714285717
490.0
493.57142857142856
496.57142857142856
494.57142857142856
486.2857142857143
483.42857142857144
483.42857142857144
480.85714285714283
481.57142857142856
477.14285714285717
477.0
475.57142857142856
474.0
471.57142857142856
466.2857142857143
449.42857142857144
461.42857142857144
468.2857142857143
471.14285714285717
469.7142857142857
468.85714285714283
471.14285714285717
476.0
490.0
495.14285714285717
485.85714285714283
488.14285714285717
492.57142857142856
496.42857142857144
502.57142857142856
477.7142857142857
460.42857142857144
465.42857142857144
461.14285714285717
461.85714285714283
458.42857142857144
463.85714285714283
462.57142857142856
465.7142857142857
467.85714285714283
457.42857142857144
456.57142857142856
451.7142857142857
441.7142857142857
445.2857142857143
441.85714285714283
438.57142857142856
448.2857142857143
447.14285714285717
456.57142857142856
461.7142857142857
468.2857142857143
477.42857142857144
481.57142857142856
484.2857142857143
484.2857142857143
479.14285714285717
470.57142857142856
457.42857142857144
446.7142857142857
447.2857142857143
448.57142857142856
442.0
444.85714285714283
457.85714285714283
464.7142857142857
469.0
473.85714285714283
478.0
488.2857142857143
490.14285714285717
503.7142857142857
518.2857142857143
534.0
536.1428571428571
535.4285714285714
536.0
545.1428571428571
527.2857142857143
513.0
500.0
505.14285714285717
507.14285714285717
508.42857142857144
504.85714285714283
515.7142857142857
519.8571428571429
522.0
517.0
517.2857142857143
513.4285714285714
511.0
507.7142857142857
505.57142857142856
518.0
515.1428571428571
517.7142857142857
525.5714285714286
528.4285714285714
525.1428571428571
522.5714285714286
522.1428571428571
512.1428571428571
512.1428571428571
512.8571428571429
511.7142857142857
516.0
520.2857142857143
518.8571428571429
530.5714285714286
525.0
525.2857142857143
525.0
524.5714285714286
523.7142857142857
519.2857142857143
520.0
529.0
527.8571428571429
528.7142857142857
528.2857142857143
523.4285714285714
532.0
528.4285714285714
528.4285714285714
530.1428571428571
530.1428571428571
541.1428571428571
541.4285714285714
542.4285714285714
549.2857142857143
542.5714285714286
546.1428571428571
537.7142857142857
526.1428571428571
525.8571428571429
514.1428571428571
513.4285714285714
514.8571428571429
509.0
519.4285714285714
520.7142857142857
521.8571428571429
528.5714285714286
531.0
534.0
531.4285714285714
525.2857142857143
523.2857142857143
528.1428571428571
522.7142857142857
515.5714285714286
508.2857142857143
508.14285714285717
508.57142857142856
504.0
502.0
500.85714285714283
493.42857142857144
496.14285714285717
497.42857142857144
496.42857142857144
499.2857142857143
497.85714285714283
502.14285714285717
510.57142857142856
506.14285714285717
501.57142857142856
503.14285714285717
501.57142857142856
507.57142857142856
502.14285714285717
502.57142857142856
506.57142857142856
511.2857142857143
505.7142857142857
508.57142857142856
499.7142857142857
500.0
492.42857142857144
488.0
483.7142857142857
483.42857142857144
481.7142857142857
477.85714285714283
478.0
484.42857142857144
484.57142857142856
490.7142857142857
506.14285714285717
496.7142857142857
502.2857142857143
519.1428571428571
520.2857142857143
528.7142857142857
528.4285714285714
513.5714285714286
536.0
534.2857142857143
512.4285714285714
515.4285714285714
516.4285714285714
515.5714285714286
521.0
523.2857142857143
521.8571428571429
527.1428571428571
528.1428571428571
523.5714285714286
528.8571428571429
523.5714285714286
517.2857142857143
521.4285714285714
528.7142857142857
516.7142857142857
519.2857142857143
518.7142857142857
525.5714285714286
523.7142857142857
521.5714285714286
518.4285714285714
514.5714285714286
509.85714285714283
496.14285714285717
492.57142857142856
488.7142857142857
492.42857142857144
484.0
489.7142857142857
487.0
494.0
491.7142857142857
491.2857142857143
486.7142857142857
494.42857142857144
496.42857142857144
497.14285714285717
498.0
505.2857142857143
506.0
508.14285714285717
506.85714285714283
507.57142857142856
504.0
507.42857142857144
501.57142857142856
495.14285714285717
497.85714285714283
493.7142857142857
495.0
496.57142857142856
494.0
496.2857142857143
496.42857142857144
488.57142857142856
492.57142857142856
493.0
500.7142857142857
504.42857142857144
502.2857142857143
508.57142857142856
514.7142857142857
522.0
519.4285714285714
516.4285714285714
511.14285714285717
520.2857142857143
516.5714285714286
522.7142857142857
520.5714285714286
523.8571428571429
533.1428571428571
529.4285714285714
521.8571428571429
518.0
511.14285714285717
510.7142857142857
501.7142857142857
494.7142857142857
500.2857142857143
503.85714285714283
515.8571428571429
506.14285714285717
502.0
505.42857142857144
505.42857142857144
499.0
506.7142857142857
498.85714285714283
514.7142857142857
519.8571428571429
527.5714285714286
530.5714285714286
545.5714285714286
535.2857142857143
536.8571428571429
541.5714285714286
531.4285714285714
530.1428571428571
528.8571428571429
517.2857142857143
524.2857142857143
523.7142857142857
515.0
521.1428571428571
517.8571428571429
516.0
520.4285714285714
510.57142857142856
501.0
506.57142857142856
496.42857142857144
498.42857142857144
497.0
486.14285714285717
488.42857142857144
496.42857142857144
489.57142857142856
492.14285714285717
490.85714285714283
490.42857142857144
502.57142857142856
509.57142857142856
505.57142857142856
494.0
499.57142857142856
501.85714285714283
507.57142857142856
501.7142857142857
496.42857142857144
507.2857142857143
522.7142857142857
529.8571428571429
521.7142857142857
518.1428571428571
517.4285714285714
518.4285714285714
510.57142857142856
505.2857142857143
497.14285714285717
502.0
501.0
509.42857142857144
503.42857142857144
505.14285714285717
506.42857142857144
505.85714285714283
507.57142857142856
501.14285714285717
494.14285714285717
504.7142857142857
500.57142857142856
505.7142857142857
511.7142857142857
513.2857142857143
523.7142857142857
526.5714285714286
523.5714285714286
529.1428571428571
537.7142857142857
523.7142857142857
525.2857142857143
515.0
517.1428571428571
508.7142857142857
505.14285714285717
497.7142857142857
502.85714285714283
495.14285714285717
501.85714285714283
495.7142857142857
497.85714285714283
503.14285714285717
506.0
515.7142857142857
516.2857142857143
513.4285714285714
517.1428571428571
513.7142857142857
509.57142857142856
494.85714285714283
497.2857142857143
504.42857142857144
504.7142857142857
500.7142857142857
502.7142857142857
499.85714285714283
494.57142857142856
511.42857142857144
516.8571428571429
526.1428571428571
538.4285714285714
549.2857142857143
557.2857142857143
564.5714285714286
537.5714285714286
524.2857142857143
515.7142857142857
501.14285714285717
490.2857142857143
474.0
475.7142857142857
469.85714285714283
469.0
465.57142857142856
469.0
475.42857142857144
489.57142857142856
494.42857142857144
500.42857142857144
504.7142857142857
508.0
502.14285714285717
497.57142857142856
495.2857142857143
495.42857142857144
491.0
494.14285714285717
490.2857142857143
491.0
491.57142857142856
495.42857142857144
491.0
502.42857142857144
495.2857142857143
500.2857142857143
510.57142857142856
515.7142857142857
527.2857142857143
547.5714285714286
549.5714285714286
556.0
561.7142857142857
556.7142857142857
549.4285714285714
534.1428571428571
520.7142857142857
516.5714285714286
518.1428571428571
510.85714285714283
512.1428571428571
512.1428571428571
524.0
523.8571428571429
519.2857142857143
506.42857142857144
512.2857142857143
520.5714285714286
528.5714285714286
523.1428571428571
524.7142857142857
535.1428571428571
548.8571428571429
543.4285714285714
543.4285714285714
548.2857142857143
550.7142857142857
547.4285714285714
541.1428571428571
535.7142857142857
541.7142857142857
530.8571428571429
528.7142857142857
520.0
519.5714285714286
517.7142857142857
510.0
514.0
519.0
512.7142857142857
518.1428571428571
518.0
531.7142857142857
547.1428571428571
537.2857142857143
543.8571428571429
546.2857142857143
537.5714285714286
536.0
523.4285714285714
518.7142857142857
529.7142857142857
513.8571428571429
521.8571428571429
528.1428571428571
529.4285714285714
535.2857142857143
543.1428571428571
527.2857142857143
541.4285714285714
535.1428571428571
530.4285714285714
532.5714285714286
530.1428571428571
523.5714285714286
527.0
524.8571428571429
524.0
521.5714285714286
521.8571428571429
516.4285714285714
518.1428571428571
522.1428571428571
517.1428571428571
513.1428571428571
519.4285714285714
511.57142857142856
513.1428571428571
514.7142857142857
522.1428571428571
527.8571428571429
530.7142857142857
525.2857142857143
527.5714285714286
524.5714285714286
510.14285714285717
504.0
503.42857142857144
504.85714285714283
509.0
503.14285714285717
502.2857142857143
512.1428571428571
505.2857142857143
503.42857142857144
492.0
488.42857142857144
491.14285714285717
494.7142857142857
490.7142857142857
490.14285714285717
481.0
490.7142857142857
498.42857142857144
512.5714285714286
515.0
512.7142857142857
514.5714285714286
515.0
510.2857142857143
507.42857142857144
493.57142857142856
486.57142857142856
492.7142857142857
497.7142857142857
498.0
495.42857142857144
498.57142857142856
506.57142857142856
509.2857142857143
513.7142857142857
515.4285714285714
522.7142857142857
527.4285714285714
524.1428571428571
519.4285714285714
525.8571428571429
528.1428571428571
522.2857142857143
527.1428571428571
519.8571428571429
514.5714285714286
507.85714285714283
504.14285714285717
503.57142857142856
510.7142857142857
513.4285714285714
523.5714285714286
526.4285714285714
533.2857142857143
531.0
517.2857142857143
515.4285714285714
505.0
500.42857142857144
498.7142857142857
496.14285714285717
496.57142857142856
499.85714285714283
498.0
489.14285714285717
488.7142857142857
496.14285714285717
489.85714285714283
486.57142857142856
489.14285714285717
484.85714285714283
488.42857142857144
487.42857142857144
473.85714285714283
487.0
490.85714285714283
481.0
484.7142857142857
492.14285714285717
489.0
490.42857142857144
481.42857142857144
477.2857142857143
479.7142857142857
476.0
473.7142857142857
482.7142857142857
489.7142857142857
487.42857142857144
486.57142857142856
493.42857142857144
494.7142857142857
491.7142857142857
483.85714285714283
486.14285714285717
497.7142857142857
496.7142857142857
495.14285714285717
493.7142857142857
494.2857142857143
497.57142857142856
487.7142857142857
488.0
488.42857142857144
484.57142857142856
491.42857142857144
487.7142857142857
487.42857142857144
490.14285714285717
486.7142857142857
495.57142857142856
492.85714285714283
491.2857142857143
493.42857142857144
496.42857142857144
498.7142857142857
498.85714285714283
493.85714285714283
500.2857142857143
498.14285714285717
503.14285714285717
512.1428571428571
518.0
512.1428571428571
514.7142857142857
513.1428571428571
505.42857142857144
500.7142857142857
498.57142857142856
498.85714285714283
501.42857142857144
496.85714285714283
499.7142857142857
508.7142857142857
517.0
512.4285714285714
514.4285714285714
516.7142857142857
521.4285714285714
529.2857142857143
528.2857142857143
523.1428571428571
521.7142857142857
520.5714285714286
520.1428571428571
521.2857142857143
514.0
515.4285714285714
517.1428571428571
517.0
510.42857142857144
517.5714285714286
521.8571428571429
528.2857142857143
525.4285714285714
529.5714285714286
529.5714285714286
532.5714285714286
529.1428571428571
516.7142857142857
508.57142857142856
512.1428571428571
501.85714285714283
505.14285714285717
497.2857142857143
492.0
492.7142857142857
496.7142857142857
505.57142857142856
513.1428571428571
508.7142857142857
515.1428571428571
509.14285714285717
506.0
509.0
495.14285714285717
490.0
490.42857142857144
491.14285714285717
498.0
508.42857142857144
501.85714285714283
505.0
504.2857142857143
506.0
499.2857142857143
497.14285714285717
497.0
497.7142857142857
492.85714285714283
496.0
488.14285714285717
492.7142857142857
493.14285714285717
486.85714285714283
490.14285714285717
484.85714285714283
487.2857142857143
497.57142857142856
476.2857142857143
461.14285714285717
466.14285714285717
461.14285714285717
466.85714285714283
461.7142857142857
458.57142857142856
475.2857142857143
498.0
504.0
504.0
509.2857142857143
518.0
512.7142857142857
528.2857142857143
527.8571428571429
522.0
524.5714285714286
528.0
527.2857142857143
536.0
527.1428571428571
530.1428571428571
527.2857142857143
534.1428571428571
524.0
527.4285714285714
532.2857142857143
540.1428571428571
538.5714285714286
541.0
520.7142857142857
542.1428571428571
538.0
525.8571428571429
512.1428571428571
499.14285714285717
498.14285714285717
500.85714285714283
510.14285714285717
514.2857142857143
520.1428571428571
523.4285714285714
527.5714285714286
525.1428571428571
529.7142857142857
500.14285714285717
495.85714285714283
488.85714285714283
487.14285714285717
481.0
478.0
479.0
482.14285714285717
475.42857142857144
478.85714285714283
484.2857142857143
489.2857142857143
490.2857142857143
504.85714285714283
504.0
504.7142857142857
499.57142857142856
492.2857142857143
494.0
485.85714285714283
461.2857142857143
457.57142857142856
453.2857142857143
458.57142857142856
458.85714285714283
456.0
459.85714285714283
466.0
462.14285714285717
469.2857142857143
474.2857142857143
474.0
475.7142857142857
483.85714285714283
486.85714285714283
491.14285714285717
491.57142857142856
493.14285714285717
498.7142857142857
495.7142857142857
500.85714285714283
510.0
517.4285714285714
520.4285714285714
516.1428571428571
519.4285714285714
529.7142857142857
528.2857142857143
523.5714285714286
517.0
516.8571428571429
517.2857142857143
525.1428571428571
525.2857142857143
517.4285714285714
523.2857142857143
532.5714285714286
532.8571428571429
534.1428571428571
516.1428571428571
506.14285714285717
516.1428571428571
510.42857142857144
507.2857142857143
503.7142857142857
502.0
505.0
510.57142857142856
500.14285714285717
503.42857142857144
507.57142857142856
506.2857142857143
500.42857142857144
506.7142857142857
507.57142857142856
514.0
506.0
502.57142857142856
506.2857142857143
512.4285714285714
517.1428571428571
522.7142857142857
523.5714285714286
526.5714285714286
524.4285714285714
529.5714285714286
532.0
524.4285714285714
512.4285714285714
507.2857142857143
516.0
518.4285714285714
505.2857142857143
503.14285714285717
502.42857142857144
508.85714285714283
514.4285714285714
509.2857142857143
510.14285714285717
517.8571428571429
514.0
515.8571428571429
516.2857142857143
514.5714285714286
522.0
516.0
512.0
519.0
513.8571428571429
510.0
510.42857142857144
502.7142857142857
514.8571428571429
514.8571428571429
506.85714285714283
508.42857142857144
514.2857142857143
515.0
511.0
497.85714285714283
501.57142857142856
513.2857142857143
514.4285714285714
511.57142857142856
516.4285714285714
516.8571428571429
518.5714285714286
511.85714285714283
496.7142857142857
504.85714285714283
509.57142857142856
503.2857142857143
504.42857142857144
497.7142857142857
508.0
520.4285714285714
522.5714285714286
515.8571428571429
521.0
529.0
535.7142857142857
526.2857142857143
521.0
515.1428571428571
519.5714285714286
518.1428571428571
520.2857142857143
519.1428571428571
527.1428571428571
530.1428571428571
529.2857142857143
535.0
529.2857142857143
522.5714285714286
532.4285714285714
528.7142857142857
528.4285714285714
537.2857142857143
533.5714285714286
538.8571428571429
535.8571428571429
532.2857142857143
522.0
509.85714285714283
498.0
490.14285714285717
476.42857142857144
478.0
482.42857142857144
500.14285714285717
515.7142857142857
507.57142857142856
515.5714285714286
533.0
522.5714285714286
508.85714285714283
501.7142857142857
499.14285714285717
511.0
499.7142857142857
491.2857142857143
499.14285714285717
504.57142857142856
506.57142857142856
504.2857142857143
505.42857142857144
514.2857142857143
518.4285714285714
530.2857142857143
522.0
518.7142857142857
514.5714285714286
514.1428571428571
510.7142857142857
516.8571428571429
509.2857142857143
515.7142857142857
517.2857142857143
517.5714285714286
508.14285714285717
511.7142857142857
501.2857142857143
504.85714285714283
511.85714285714283
521.1428571428571
522.0
529.2857142857143
527.0
530.5714285714286
524.5714285714286
521.2857142857143
514.8571428571429
525.5714285714286
524.0
528.1428571428571
536.1428571428571
539.2857142857143
540.5714285714286
544.4285714285714
529.4285714285714
536.1428571428571
534.0
532.1428571428571
529.7142857142857
531.7142857142857
526.1428571428571
531.2857142857143
533.5714285714286
541.1428571428571
533.8571428571429
530.7142857142857
531.4285714285714
531.5714285714286
530.0
518.4285714285714
503.85714285714283
