y
15
32
28
26
35
52
25
44
17
32
48
26
42
44
28
40
34
29
29
40
25
32
31
29
28
29
55
46
31
21
31
32
24
30
25
29
23
29
32
30
39
42
40
32
30
24
41
53
26
28
28
34
22
42
39
36
16
32
36
26
29
30
43
22
39
30
32
27
36
27
30
21
28
23
31
34
31
29
16
23
21
11
52
32
27
31
29
25
30
22
43
35
13
23
19
15
30
31
38
25
46
33
21
29
33
28
28
28
32
45
39
43
27
12
31
31
23
21
27
27
16
29
29
31
29
37
32
24
41
27
20
34
26
26
36
22
26
30
25
25
29
23
19
35
39
31
24
30
24
25
40
26
33
32
35
29
32
25
25
46
25
26
42
21
38
27
18
28
39
23
30
32
38
45
17
43
46
33
31
26
30
28
33
36
32
26
20
32
40
38
23
37
23
37
33
32
31
24
25
32
25
34
19
23
31
17
17
24
27
31
14
24
16
28
40
28
23
26
23
25
31
27
24
26
18
25
6
29
27
33
25
22
27
15
22
23
22
26
25
47
32
18
25
17
29
29
25
31
22
18
39
33
24
21
31
21
28
24
39
20
19
37
48
31
36
29
26
19
27
35
22
23
31
22
23
37
30
40
24
30
33
19
32
43
29
25
27
28
33
12
35
31
48
26
49
38
25
29
38
32
33
30
37
38
28
24
32
28
16
34
36
34
35
29
49
25
21
25
35
25
42
27
24
29
23
34
20
35
27
20
23
18
35
31
34
35
28
19
28
32
22
29
28
21
31
23
35
25
50
26
34
33
28
32
36
32
39
25
19
27
21
35
30
31
17
35
23
33
32
25
22
19
36
24
35
32
32
29
31
27
22
28
25
47
31
34
31
25
50
27
32
31
30
45
51
29
34
38
41
23
43
32
36
28
31
33
27
35
38
32
26
31
36
21
31
29
23
27
26
32
20
21
31
28
25
38
21
31
26
35
36
26
29
27
32
27
23
33
43
24
19
15
25
27
26
24
20
26
36
39
15
26
19
41
30
27
21
25
31
44
27
23
43
35
25
26
31
41
23
23
30
27
39
24
33
17
37
12
25
21
30
23
19
23
28
27
27
38
23
33
24
24
23
26
33
30
20
16
22
22
32
26
30
30
28
9
16
43
28
27
18
23
22
27
27
16
32
34
24
14
26
32
26
34
20
27
10
30
23
27
25
33
25
26
30
30
32
38
24
24
27
29
25
23
42
26
26
32
30
23
27
31
24
41
19
36
26
21
33
25
18
14
38
34
46
48
25
30
27
20
37
25
38
19
35
17
23
17
24
52
36
28
38
32
30
20
27
22
30
28
23
32
37
29
38
16
31
38
24
32
38
33
40
20
18
25
27
36
31
20
20
28
28
33
27
22
28
22
26
35
21
26
25
32
14
26
39
27
25
27
23
22
33
36
24
23
18
29
15
34
32
56
34
25
27
24
38
33
17
33
24
24
31
34
23
55
32
23
46
23
39
29
24
39
26
23
25
34
25
28
25
18
24
9
34
28
20
30
37
24
25
25
34
44
32
17
24
32
18
30
40
25
27
25
23
29
27
35
28
25
31
15
32
24
34
39
20
21
31
32
40
23
25
26
27
30
21
14
23
23
21
23
20
41
23
30
43
19
24
23
18
24
32
20
20
31
17
33
35
35
36
18
27
29
25
34
27
35
18
25
33
23
21
24
41
24
23
28
20
28
25
33
26
27
30
37
18
37
29
30
36
27
27
33
27
25
30
12
25
26
29
29
31
19
25
22
32
25
23
29
17
10
40
26
25
20
22
31
22
17
14
24
29
28
21
26
31
36
33
23
22
33
27
17
32
37
38
24
22
23
20
38
24
32
30
21
19
27
41
23
19
33
27
12
20
22
26
12
40
23
25
19
31
35
27
23
30
23
24
23
29
26
27
31
22
22
28
27
19
41
19
17
22
28
35
27
36
17
32
24
27
29
17
20
20
31
26
23
29
23
27
17
20
18
26
35
19
31
15
18
22
29
27
20
28
21
21
26
30
35
24
31
23
26
10
30
15
10
40
20
17
27
35
31
24
25
29
29
30
31
25
24
25
29
25
22
24
30
31
26
24
21
28
39
28
29
21
19
40
30
31
25
23
22
24
39
20
32
24
25
22
34
29
16
32
30
30
23
22
23
23
35
29
27
18
23
27
16
24
22
22
19
21
31
25
24
35
15
26
22
41
27
30
30
33
27
16
31
25
25
29
36
34
19
27
32
28
31
23
25
30
27
38
56
43
41
21
33
18
35
37
32
29
31
22
32
32
24
22
30
34
34
28
23
31
28
27
46
18
26
23
31
30
27
28
26
36
37
34
33
17
32
37
27
21
28
35
27
39
46
40
36
15
28
45
29
29
28
33
27
19
28
20
20
23
38
35
24
25
31
38
15
30
43
24
34
33
43
40
22
35
31
42
36
28
22
24
27
25
26
22
30
28
38
37
26
42
41
34
33
21
28
22
24
27
20
22
28
33
34
42
33
37
27
20
26
28
35
24
25
24
39
43
27
35
44
29
34
45
27
33
32
40
23
26
27
34
25
35
29
27
21
36
27
32
36
30
25
22
29
26
18
25
39
31
31
44
22
18
28
33
28
21
20
38
24
30
28
40
26
27
28
23
23
25
28
22
20
23
28
41
24
26
27
20
36
24
42
