y
2.49139783870967
2.62023803571428
2.04086025806451
2.34111113333333
2.07956983870967
1.74444439999999
1.91182787096774
2.03010761290322
2.53888879999999
2.567742
2.3922222
2.66666666129032
1.85268806451612
1.89597693103448
2.19139780645161
1.8988889
1.44946229032258
1.6288889
1.72150529032258
1.93924735483871
2.54333326666666
2.72642758064516
2.77333336666666
2.84623658064516
2.67634406451612
2.46666671428571
2.40053764516129
2.14333326666666
1.71290322580645
1.63888893333333
2.16774193548387
1.9774193548387
2.63000006666666
2.70645161290322
2.76666669999999
2.70107525806451
2.77443225806451
2.26547617857142
2.13225812903225
1.61999999999999
1.8236559032258
2.29666666666666
2.16236564516129
2.27956987096774
2.43888886666666
2.70322570967741
2.872864
2.43548383870967
2.1594619032258
2.18333332142857
2.15545967741935
1.71888886666666
1.58279564516129
1.58888903333333
1.72473119354838
2.22580648387096
2.39222213333333
2.77849461290322
2.67111106666666
2.62688170967741
2.35806461290322
2.391954
1.51075274193548
1.26055546666666
1.5451613548387
1.69333336666666
1.94731174193548
1.81720425806451
2.20888886666666
2.83870961290322
2.7339752
2.77849454838709
2.71075274193548
1.95119039285714
1.92688167741935
1.08833336666666
1.06451612903225
1.68666669999999
1.68763435483871
2.13548380645161
2.2733333
2.36505377419354
2.72833326666666
2.44516125806451
1.80752687096774
2.14626953571428
1.90107532258064
1.7677778
1.58064512903225
1.70333336666666
1.91397848387096
2.04301070967741
2.6844443
2.46774193548387
2.58000003333333
2.44516132258064
2.13225809677419
2.04523817857142
1.65376348387096
1.45333346666666
1.60430103225806
1.80777783333333
1.5860214516129
1.93225809677419
2.4655556
2.4612903548387
2.52888889999999
2.41182793548387
2.15698929032258
2.49310344827586
2.16083609677419
2.08111106666666
1.76720432258064
1.53055563333333
1.8935483548387
2.26290322580645
2.57999996666666
2.69999993548387
2.56222223333333
2.47849461290322
2.34731187096774
2.56547614285714
2.21290322580645
1.8244444
1.42258058064516
1.30333326666666
1.31129032258064
1.96559138709677
2.27444446666666
2.24731177419354
2.1977778
2.41182809677419
2.19838712903225
1.75238089285714
1.80860206451612
1.4677777
1.32795703225806
1.68888886666666
1.7516129032258
1.86236551612903
1.88444449999999
2.16605719354838
1.86888893333333
1.9741934516129