y
0.4
0.7
0.6
0.5
0.9
0.6
0.6
0.6
1.9
1.6
1.6
3.7
2.5
3.3
2.6
3.4
3.3
2.9
2.9
2.8
2.7
2.3
1.7
1.4
1.6
2.0
1.9
0.4
0.8
0.7
0.9
0.6
0.3
0.2
1.4
4.1
4.6
4.7
4.1
3.6
3.6
3.7
2.6
1.9
2.5
1.9
1.1
1.3
1.4
0.7
1.0
1.0
1.8
0.9
1.0
0.7
0.4
0.8
1.3
2.9
1.9
2.5
2.7
3.0
3.1
3.4
3.5
3.2
1.4
0.7
0.9
2.4
1.2
0.9
1.2
0.8
0.7
0.4
0.6
1.1
1.0
0.8
1.7
2.4
3.1
3.1
3.4
3.3
3.4
3.4
3.0
3.2
2.4
2.0
1.4
1.6
2.6
2.4
3.0
1.0
2.0
0.5
0.4
1.1
0.9
0.4
2.4
4.7
4.1
4.3
3.6
3.2
3.3
3.3
3.0
3.0
2.4
1.6
0.5
0.3
0.8
1.0
0.5
0.7
0.7
0.4
1.0
0.7
1.0
1.1
0.4
1.2
1.3
2.2
2.1
2.6
2.2
1.2
1.3
1.4
2.2
1.2
3.0
1.0
0.7
0.7
0.9
0.4
0.8
0.7
1.1
0.8
0.3
0.8
1.3
0.4
1.7
1.8
1.4
1.1
1.1
3.3
2.0
3.3
2.2
0.6
0.6
0.4
0.3
1.1
2.1
1.7
1.8
1.1
0.6
1.3
0.8
0.8
0.7
0.3
1.6
2.8
1.6
1.8
1.0
2.1
1.4
1.8
0.7
0.7
0.6
0.9
0.7
0.5
0.8
1.0
1.1
1.2
0.6
1.0
1.3
0.9
1.1
0.4
1.0
2.2
2.5
3.1
2.2
3.1
2.3
2.1
0.8
2.0
1.7
1.0
1.9
1.2
0.5
0.9
0.6
0.5
0.8
0.4
0.4
0.7
0.3
0.8
1.1
1.4
1.8
2.6
2.0
2.3
1.6
2.4
0.7
0.6
1.2
0.7
0.8
0.8
1.0
0.8
1.3
0.4
0.7
0.6
0.4
0.5
0.8
0.3
1.6
2.1
2.0
2.4
2.0
1.6
1.8
2.1
2.1
1.3
1.4
1.2
2.7
2.3
1.2
1.0
0.3
0.8
0.4
0.5
0.2
0.3
0.4
0.6
1.5
3.7
1.9
1.7
1.6
0.9
1.7
1.5
0.8
0.8
1.3
1.0
0.5
1.1
1.1
0.3
0.5
1.0
1.5
0.3
0.5
0.7
1.2
2.8
3.5
2.6
2.6
1.9
3.2
2.8
1.9
1.8
1.3
0.4
2.3
1.3
1.3
1.4
0.5
0.8
0.7
1.0
0.6
0.6
0.7
1.0
0.8
1.0
0.7
1.3
1.0
0.7
2.4
2.1
2.1
2.4
1.3
1.2
0.8
0.4
1.6
1.7
1.2
2.8
1.5
1.2
1.4
1.2
1.3
1.4
1.1
1.0
1.2
0.8
0.6
0.6
0.9
0.8
0.4
0.8
0.6
0.3
0.6
2.4
1.8
1.0
0.4
0.5
0.6
0.4
0.3
0.6
0.5
0.4
0.3
1.3
1.9
2.4
1.4
1.4
2.2
2.5
1.4
1.4
0.8
0.6
0.7
0.7
0.8
1.2
0.8
0.3
0.6
0.7
0.2
0.4
0.4
0.5
0.5
1.0
1.1
1.4
2.0
1.3
1.8
1.9
1.7
1.7
1.5
1.2
0.4
0.5
0.4
0.7
0.9
0.6
0.5
1.0
0.6
0.5
0.7
0.7
0.7
0.8
0.9
2.2
1.6
1.5
0.4
0.8
2.1
2.4
3.1
2.4
1.9
1.5
4.0
2.0
1.1
0.5
0.6
2.4
0.8
1.1
0.9
0.9
0.8
0.9
1.8
1.3
1.9
2.0
1.9
1.4
3.5
1.2
0.8
2.0
2.3
1.0
1.0
0.8
1.1
1.5
0.6
0.9
0.4
0.3
0.5
0.2
0.6
0.7
0.6
1.5
1.6
2.0
2.5
1.3
1.8
0.8
1.1
2.0
1.1
0.5
1.2
0.9
0.5
0.5
0.3
0.6
0.5
0.5
0.4
0.9
1.0
0.6
0.9
0.7
1.3
1.6
2.0
2.3
0.8
1.9
0.6
0.5
0.7
0.5
1.1
1.1
0.5
0.2
0.6
0.7
1.1
1.1
0.7
0.9
1.5
2.6
3.0
3.8
2.4
2.4
2.5
1.5
2.2
1.3
1.7
2.0
0.5
0.5
0.5
1.2
1.1
0.3
1.1
0.4
0.7
0.5
0.9
0.5
0.8
0.6
0.8
1.5
1.4
1.9
1.1
0.9
3.4
2.0
1.0
1.2
0.7
1.3
1.3
1.2
0.5
0.8
0.5
0.4
0.7
0.6
0.5
0.4
0.7
1.1
3.3
2.9
2.5
0.6
1.6
6.1
0.9
0.5
0.7
1.2
1.0
1.1
0.4
0.6
0.8
0.4
1.5
0.6
1.0
0.5
0.3
0.5
1.5
2.3
2.0
2.8
2.5
2.3
2.4
2.5
0.7
2.0
0.5
1.3
0.8
0.8
0.7
0.7
0.8
0.8
0.3
0.5
0.8
0.5
0.6
0.7
0.5
0.8
0.9
1.0
0.9
0.8
2.2
2.9
1.2
0.9
1.1
0.3
0.2
0.4
0.3
0.2
0.7
0.4
0.7
0.6
1.4
0.6
0.2
0.3
0.6
1.8
3.2
3.8
2.9
2.5
3.2
3.0
2.3
3.0
2.3
1.3
1.4
1.0
0.6
1.3
2.3
0.6
1.0
0.7
0.4
0.5
0.9
0.6
2.1
2.4
3.8
2.7
3.1
3.5
2.4
3.0
1.3
2.2
1.9
1.5
1.3
0.9
1.4
1.4
0.4
0.4
0.4
0.4
0.6
0.5
0.9
0.3
0.9
1.4
2.4
2.5
3.0
3.0
2.9
3.1
2.5
1.1
1.5
0.9
1.1
1.1
0.4
1.1
1.0
0.3
0.5
0.4
0.8
0.2
0.3
0.5
1.0
1.7
3.0
2.8
2.8
2.9
1.9
2.1
1.8
1.9
0.8
0.5
0.6
0.3
0.5
0.9
0.9
0.9
1.1
0.9
0.2
0.6
0.5
0.2
0.6
0.9
1.9
1.6
0.9
2.5
2.2
1.6
1.7
1.4
0.7
1.1
2.4
1.6
0.9
0.8
0.8
0.9
0.9
0.5
0.8
0.9
1.0
0.3
0.6
1.5
4.2
2.8
1.7
2.6
2.3
0.8
1.9
1.9
1.5
1.2
0.7
1.2
0.3
0.8
0.7
0.6
0.8
0.6
0.4
0.5
0.5
0.4
0.6
1.1
3.4
3.3
4.1
2.4
3.3
3.0
3.1
2.8
2.2
1.3
1.0
1.5
0.4
2.0
0.6
0.4
0.4
0.8
0.6
0.8
0.3
0.4
0.7
1.0
2.0
1.5
2.2
2.5
2.8
2.9
1.6
2.6
2.6
1.5
1.1
1.0
1.3
1.0
0.9
0.6
0.8
0.9
0.8
0.9
1.2
0.6
0.8
0.7
2.6
2.7
3.4
2.3
2.8
2.5
2.1
1.7
2.9
2.0
1.8
1.7
1.9
1.7
2.1
2.9
1.5
1.3
1.6
0.6
0.6
1.2
1.2
2.5
3.4
2.8
3.3
2.3
2.3
1.2
1.3
2.6
1.8
1.2
0.7
1.1
1.0
1.9
1.5
1.3
1.9
3.5
2.6
2.7
1.1
0.8
0.9
1.9
2.3
2.4
2.5
2.5
1.9
2.4
2.5
2.0
1.1
1.9
0.6
0.8
0.6
0.5
0.4
0.5
0.3
0.7
0.5
0.3
0.9
0.5
0.3
0.8
1.9
2.9
2.3
2.8
2.3
2.2
2.1
2.4
1.0
1.1
1.4
0.8
1.0
0.9
0.9
0.9
0.6
1.0
0.8
1.3
1.0
0.8
0.7
1.3
2.0
0.7
1.5
2.5
1.8
2.5
2.7
1.3
1.1
0.9
1.1
1.4
0.9
0.6
1.2
0.3
0.4
0.5
0.5
0.7
0.7
0.6
0.5
2.6
4.1
3.3
3.4
2.9
2.3
2.5
2.4
2.7
2.0
1.7
1.3
1.0
1.3
0.7
1.2
0.7
0.4
0.6
0.8
0.8
0.6
0.3
0.4
0.8
2.8
2.4
2.6
1.7
2.6
2.1
1.4
1.8
0.8
0.7
1.2
0.9
0.8
1.6
0.6
0.4
0.6
0.5
0.7
0.5
0.5
0.4
0.9
0.5
1.4
1.5
1.3
2.4
2.8
2.7
2.7
3.2
2.7
1.7
0.7
1.1
1.7
1.3
2.0
0.7
0.4
0.7
0.8
0.5
0.9
0.6
0.3
0.6
1.2
3.5
3.0
2.9
2.8
2.7
2.4
2.4
2.0
1.0
1.4
1.1
1.6
1.8
1.3
1.4
1.0
0.9
0.4
0.6
0.5
0.9
0.7
1.9
2.8
3.2
3.0
2.9
1.5
2.0
1.6
1.6
1.4
1.5
0.7
0.9
2.4
1.6
1.3
1.2
1.1
0.4
0.6
0.8
0.8
1.0
0.6
1.0
1.6
2.0
2.4
2.8
2.4
2.8
2.9
3.4
1.0
0.9
0.8
1.5
0.4
0.7
1.1
0.7
0.5
0.6
0.7
0.4
0.6
0.7
1.7
2.9
3.1
4.7
3.3
2.2
4.1
2.5
2.1
2.0
1.3
1.0
1.0
1.1
1.1
0.7
0.6
0.2
1.2
0.8
0.8
1.4
1.2
0.6
0.2
0.6
2.2
2.0
1.8
2.4
2.7
3.5
2.6
1.6
1.0
0.7
0.4
0.4
0.3
0.7
1.7
1.0
0.7
1.7
1.2
0.6
0.3
0.5
0.6
1.3
2.0
1.6
0.8
2.5
3.4
5.3
0.9
0.5
0.7
0.4
0.9
1.0
1.4
1.0
0.8
0.5
0.5
0.4
1.2
0.8
1.6
0.8
0.6
1.4
1.5
1.9
1.0
1.5
1.8
1.7
1.8
1.9
1.4
1.0
0.9
0.6
0.9
1.2
0.8
0.8
0.2
0.4
0.3
0.4
1.1
0.5
0.7
0.3
2.3
1.9
2.3
2.7
2.6
4.3
4.0
2.6
1.3
0.4
0.4
1.1
0.5
0.5
0.6
0.7
0.5
0.6
0.7
0.9
0.6
0.6
0.8
1.1
2.1
3.3
2.8
3.4
3.3
3.7
2.7
3.4
3.2
1.5
2.3
1.1
2.9
3.0
0.6
0.7
1.0
0.8
0.6
0.1
1.0
0.6
0.9
2.0
2.4
2.7
2.5
0.9
2.5
1.6
1.9
2.1
0.4
0.5
0.8
0.9
0.2
0.4
0.4
0.7
0.8
0.3
0.7
0.5
0.9
0.8
1.0
0.4
1.5
1.2
1.0
1.7
2.0
1.3
1.9
2.1
1.1
1.3
0.7
0.7
0.7
0.4
0.5
0.2
0.4
0.6
0.7
0.4
0.8
0.5
1.3
2.3
3.1
3.1
2.1
2.3
2.8
2.9
2.1
2.6
2.3
1.4
0.9
1.1
0.7
1.2
1.1
0.2
0.9
0.4
0.9
0.7
0.5
0.2
0.4
2.3
2.2
2.0
2.3
2.3
2.1
0.6
1.0
2.8
3.6
3.0
2.9
1.5
1.6
1.6
1.4
1.4
0.4
0.7
0.4
0.4
0.5
0.4
0.3
1.6
2.7
2.6
1.2
1.0
2.2
1.5
2.2
1.4
1.1
1.9
0.6
0.9
0.4
0.7
0.5
0.8
0.6
0.7
0.3
0.3
0.5
0.3
0.2
0.7
2.3
1.4
1.7
1.9
1.9
1.3
1.2
1.8
1.6
0.7
0.7
0.6
1.1
0.7
0.6
0.3
0.4
0.6
1.0
1.0
0.4
0.5
0.4
1.3
1.4
1.1
1.8
2.0
2.0
2.5
2.9
1.9
1.8
1.7
3.2
1.3
1.1
1.7
1.3
0.7
0.6
1.0
1.4
2.0
0.8
0.9
0.8
1.0
1.2
0.9
1.4
1.5
1.3
1.0
2.1
1.8
1.4
0.3
0.3
0.5
0.7
0.6
0.9
0.3
0.5
0.5
0.3
0.4
0.3
0.5
0.4
1.0
0.8
1.2
1.5
1.4
2.9
2.0
0.6
1.2
0.4
0.4
1.3
2.4
1.3
0.5
0.6
0.4
0.5
0.5
0.5
1.3
0.6
0.5
1.3
1.4
1.5
0.7
1.3
0.9
1.0
3.6
0.6
1.5
0.6
0.1
0.5
0.6
0.8
0.5
1.0
0.3
0.4
0.3
0.4
0.4
0.6
0.3
0.6
0.4
1.0
0.4
0.4
1.1
1.4
0.3
1.0
0.3
1.0
0.5
1.2
0.4
0.4
0.6
0.3
0.7
0.9
0.8
0.4
0.6
0.4
1.0
0.4
0.6
0.3
1.8
2.5
2.0
2.0
1.8
1.2
1.6
1.5
1.0
2.9
0.9
0.5
1.6
0.4
0.6
0.6
0.4
0.5
0.3
0.8
0.5
0.7
0.9
2.4
1.1
1.2
2.7
1.6
1.5
2.2
0.6
1.2
0.6
1.0
0.7
1.0
0.4
0.5
0.8
0.4
0.8
0.5
0.4
0.4
0.5
0.9
1.1
0.9
1.7
1.5
1.3
1.0
1.6
1.5
1.0
0.8
0.3
0.8
0.5
0.5
0.7
0.7
0.4
0.8
0.2
0.5
0.8
0.9
1.4
1.1
0.3
1.2
1.8
2.1
1.0
2.1
0.7
1.3
1.1
1.2
0.8
0.9
0.2
0.2
0.5
0.4
0.6
0.4
0.7
0.2
0.8
0.8
0.5
1.2
0.9
1.7
2.5
2.4
2.4
3.3
3.0
2.7
2.0
2.4
0.4
0.8
0.3
0.7
0.6
1.0
0.5
0.3
0.4
0.2
0.4
0.3
0.5
0.4
0.6
1.0
0.7
1.1
3.6
0.7
1.7
0.8
0.6
0.6
0.8
1.1
0.6
0.5
0.4
0.4
0.8
0.6
0.7
0.8
0.6
0.6
0.8
0.6
2.4
2.9
2.7
3.0
1.5
1.2
1.1
1.6
2.5
1.9
0.6
0.6
0.8
0.9
0.7
0.7
0.7
0.6
0.4
0.3
0.3
0.7
0.5
0.7
1.3
1.4
0.9
1.5
1.0
1.6
1.3
1.2
0.7
1.6
0.9
1.0
1.3
0.4
1.1
1.7
0.7
0.7
0.5
0.7
0.8
0.5
1.0
0.3
0.8
2.6
2.7
3.0
2.7
2.7
2.8
3.0
2.9
2.2
1.6
1.4
0.9
0.8
1.0
0.4
0.5
0.3
0.4
0.5
1.0
0.2
0.6
0.8
1.0
1.1
0.7
1.3
1.0
1.4
1.4
1.9
1.7
1.3
0.3
0.6
0.8
1.6
1.3
1.4
0.3
0.4
0.4
0.4
0.5
0.2
0.6
1.0
1.6
2.3
1.9
1.5
0.7
2.2
1.7
1.3
1.3
1.9
1.2
1.9
1.3
0.4
0.8
0.3
0.5
0.3
0.8
0.7
0.4
0.6
0.6
0.8
3.5
1.8
2.2
1.6
1.2
1.9
2.1
1.7
2.2
4.7
2.0
1.6
1.6
1.5
2.1
0.7
0.7
0.7
1.0
0.2
0.6
0.5
0.4
1.4
1.2
2.2
2.6
1.8
1.6
0.7
2.5
2.9
1.0
1.5
0.9
1.5
1.1
1.0
0.7
0.9
0.7
0.6
1.2
0.3
0.2
0.4
0.2
0.2
0.4
0.5
0.6
1.6
2.1
2.3
2.4
2.0
2.9
0.5
0.9
1.1
1.0
2.0
2.5
1.3
0.8
0.5
0.7
1.1
0.6
0.7
0.3
1.5
1.8
1.8
2.0
2.3
2.0
2.6
2.3
2.6
1.1
0.4
0.9
1.0
1.7
1.4
0.7
0.3
0.4
0.7
0.3
0.1
1.0
1.1
0.9
1.0
1.0
1.5
1.9
1.7
1.5
1.6
1.9
2.2
0.9
1.6
1.0
0.9
0.9
0.7
1.0
1.0
0.8
0.3
0.8
0.3
0.3
0.2
1.0
1.3
1.2
3.2
2.7
2.7
3.3
3.4
3.3
2.0
1.0
1.1
1.3
0.5
0.6
0.7
1.1
0.4
0.6
0.5
0.4
0.2
0.5
0.8
1.9
0.6
0.7
1.0
0.6
1.0
1.8
0.8
2.1
1.1
1.0
0.7
1.0
1.1
0.4
0.6
0.8
0.2
1.3
0.4
1.5
0.7
0.6
0.5
0.3
0.5
0.6
1.8
1.2
0.8
1.3
1.1
1.2
1.9
1.7
3.0
2.2
1.2
0.6
1.3
0.8
0.7
1.4
0.3
0.6
0.5
0.4
0.5
0.8
1.5
2.9
2.8
2.5
3.3
2.7
1.1
0.9
0.9
0.5
0.5
0.5
0.9
0.6
1.1
0.7
0.5
0.3
1.5
0.3
0.7
0.5
0.6
0.8
1.5
2.5
3.5
2.1
1.5
1.6
1.5
0.9
1.6
1.5
1.4
1.1
1.5
0.9
1.2
1.2
0.7
1.0
1.0
0.4
0.5
0.7
0.2
0.8
0.6
2.9
2.3
2.2
2.0
2.5
1.8
2.1
2.0
2.8
2.0
1.2
0.5
0.4
1.5
1.0
1.1
0.5
0.6
1.1
0.8
0.3
0.6
0.4
0.7
1.1
3.1
2.5
1.3
1.6
2.3
1.9
2.2
1.4
0.8
1.0
1.5
0.8
1.0
0.8
0.9
1.5
0.5
0.7
0.5
0.3
0.8
0.3
1.2
1.8
2.6
2.5
2.3
2.2
2.2
1.7
1.6
1.7
1.3
1.1
0.9
0.5
0.9
0.6
0.9
0.3
0.8
0.4
0.9
0.7
0.5
0.4
0.5
2.5
2.3
2.1
2.2
2.2
3.0
1.8
1.6
1.5
0.3
1.0
1.0
0.7
0.2
0.7
0.4
0.2
0.6
0.6
0.8
0.4
0.2
0.7
1.2
1.0
1.4
3.2
2.2
2.0
1.9
1.3
2.3
2.2
1.8
1.7
1.8
0.5
0.8
0.3
0.4
0.5
1.1
0.8
0.3
0.5
0.7
0.3
0.3
3.1
2.4
2.9
3.1
2.5
3.0
3.1
2.8
1.3
1.0
0.8
1.2
1.0
0.4
0.5
0.3
1.1
0.4
0.8
0.7
0.8
1.2
0.5
0.5
2.8
3.6
1.6
1.7
2.5
1.8
2.4
2.2
1.6
1.4
1.2
0.8
0.8
1.2
0.9
0.7
0.5
0.6
1.2
0.4
0.4
0.1
0.4
0.6
0.9
1.2
1.6
2.2
2.5
2.3
2.0
2.1
2.5
2.4
1.2
1.4
1.6
1.9
2.2
1.1
0.7
0.6
1.2
1.5
1.2
0.2
0.4
1.2
2.8
2.0
2.3
1.6
2.0
1.7
3.3
2.6
0.9
0.6
0.4
0.7
0.4
0.9
0.5
1.3
0.6
0.8
0.6
1.0
0.7
0.7
0.6
0.8
2.0
1.9
2.3
2.7
2.1
2.5
1.2
2.2
2.5
1.7
0.7
1.1
0.6
0.9
0.6
0.9
0.6
1.1
0.6
0.7
0.7
0.6
0.7
1.0
1.4
1.8
2.6
2.1
2.0
1.9
1.3
1.1
0.9
0.9
1.2
0.4
1.1
2.4
0.9
2.4
1.7
0.9
0.9
0.4
0.3
0.4
0.6
0.4
0.7
3.4
3.8
2.6
3.1
2.4
1.2
1.0
2.1
1.3
0.7
0.5
0.3
0.4
1.1
0.9
0.5
0.7
0.5
0.7
0.3
0.7
0.3
0.6
1.2
2.3
1.9
3.5
2.2
3.0
1.8
1.5
3.1
1.8
0.9
1.7
2.5
2.1
2.4
2.0
1.9
0.8
0.5
0.7
0.6
0.8
0.3
0.9
2.4
2.3
2.9
2.0
2.3
1.9
2.1
2.1
1.1
1.2
0.6
0.6
0.4
0.6
0.4
0.4
0.4
0.8
0.8
0.7
0.6
0.5
1.1
0.3
2.1
3.3
2.8
1.5
1.7
2.4
1.8
1.7
2.2
0.9
1.0
1.8
0.9
1.5
1.4
1.3
1.6
0.6
0.7
1.1
1.0
0.5
0.9
1.5
1.9
2.4
2.9
1.5
1.8
1.8
1.6
1.1
0.5
1.0
0.9
0.9
0.5
1.1
0.7
0.4
0.7
0.9
0.6
1.0
0.1
0.1
0.5
0.2
2.7
1.4
2.1
2.1
0.7
1.1
1.0
1.6
2.6
4.0
2.3
0.8
0.3
1.1
1.1
1.1
0.9
1.1
1.7
0.5
0.3
0.3
0.7
0.8
1.8
2.4
2.6
1.7
1.6
1.8
1.7
1.0
1.9
2.1
3.0
4.0
0.9
1.2
0.8
0.9
1.2
1.2
0.5
1.0
0.9
0.6
0.4
0.5
0.4
0.8
0.5
0.8
1.4
1.6
2.3
2.3
1.1
0.3
0.3
0.5
0.4
0.8
0.2
0.4
0.5
0.3
0.6
0.4
0.7
0.4
0.6
0.5
0.6
0.8
1.0
0.8
1.1
1.5
2.4
1.6
4.8
0.7
0.5
0.6
0.5
1.1
1.0
0.5
0.4
1.1
0.8
0.8
0.4
0.3
1.4
2.3
3.2
4.3
3.2
2.4
1.0
1.3
1.4
0.9
1.6
1.4
1.0
1.1
0.9
1.3
1.7
1.1
0.5
0.7
0.7
0.9
0.8
1.3
0.5
1.3
1.8
3.3
2.9
2.5
1.7
2.5
1.6
0.9
2.2
1.3
1.5
1.3
1.3
0.2
0.8
1.0
0.7
0.3
0.7
0.6
0.6
0.6
0.6
0.9
1.5
2.8
2.3
3.2
2.8
1.4
1.2
0.6
1.6
0.8
1.1
1.1
0.4
0.5
1.0
1.0
1.2
1.2
0.4
0.5
0.3
0.9
1.0
0.9
2.3
2.0
1.4
1.9
1.4
2.2
1.5
1.6
1.6
1.1
0.9
0.8
1.6
1.1
1.4
1.3
2.2
2.2
0.9
1.9
0.6
1.9
2.3
1.9
2.2
3.0
2.6
2.0
1.8
2.7
2.1
1.7
1.6
0.8
0.8
0.6
0.6
0.4
1.0
0.3
1.3
1.0
0.5
0.7
1.0
1.4
1.0
1.5
2.9
1.9
1.4
1.6
1.8
1.7
2.5
2.2
2.1
1.1
0.8
1.2
0.8
0.7
0.9
0.7
0.3
0.2
0.3
1.2
1.7
1.2
1.6
0.7
2.3
2.3
2.6
1.9
1.8
1.7
0.8
0.9
0.3
0.7
1.2
0.7
0.7
1.0
1.3
0.6
0.6
0.3
0.9
0.8
0.9
1.0
0.5
0.6
0.6
1.3
1.5
1.4
1.9
1.2
2.4
3.4
0.8
1.2
0.8
0.7
2.1
1.2
0.7
0.7
0.7
0.2
0.2
0.5
0.6
1.1
0.6
1.0
2.5
1.9
2.5
1.9
1.2
1.1
1.9
2.1
1.5
1.0
0.9
0.5
1.0
1.0
1.9
0.9
1.4
0.6
0.4
0.6
0.3
0.2
0.5
0.4
0.9
2.1
1.9
1.2
1.0
1.9
3.9
2.5
1.7
1.7
0.4
0.9
0.6
0.3
0.5
0.4
0.5
0.9
0.3
0.9
1.2
0.5
0.5
1.4
1.4
0.8
1.6
0.9
1.6
1.7
1.7
1.0
1.2
3.0
0.8
0.9
0.9
0.6
1.5
1.0
0.3
0.4
0.4
0.7
0.3
1.0
0.8
0.8
1.0
1.6
3.3
1.0
1.3
2.0
2.2
2.4
1.2
1.9
0.8
0.8
0.2
0.7
1.8
1.5
1.3
0.5
0.4
0.5
0.4
0.3
0.4
0.5
3.1
3.4
3.6
3.0
2.6
3.0
2.6
1.6
1.7
1.7
1.5
1.9
1.6
1.5
1.2
1.6
0.5
0.4
0.4
1.5
0.6
0.3
1.4
0.6
1.8
2.5
2.3
1.7
1.7
1.2
0.8
1.7
2.1
1.0
0.8
0.8
1.3
0.3
0.3
0.6
0.9
0.2
0.6
0.4
0.6
0.3
0.6
0.9
0.9
1.3
1.1
1.7
0.9
1.4
1.4
1.4
2.1
1.1
0.6
1.0
0.9
0.9
0.9
1.0
1.0
0.9
0.3
1.1
0.8
0.6
0.3
0.4
0.7
1.2
1.4
1.3
1.2
1.0
2.0
1.9
1.1
0.8
1.0
0.9
0.4
0.8
0.7
0.3
0.6
1.2
0.6
0.4
1.5
0.6
0.3
1.5
1.3
3.7
2.0
2.6
2.0
1.8
1.6
2.3
1.7
1.4
1.0
0.4
0.6
0.6
0.8
0.9
0.7
1.1
1.5
0.5
0.7
0.9
1.2
1.2
2.3
3.9
3.4
2.6
2.2
0.9
1.0
1.3
1.9
0.9
0.5
0.8
0.7
2.0
1.0
0.4
0.3
0.9
0.6
0.9
0.8
1.2
0.3
0.6
1.4
2.4
1.5
1.3
1.4
2.2
2.1
2.1
1.1
0.8
1.1
0.9
1.0
0.7
0.9
0.9
1.0
1.4
0.5
0.6
0.4
0.5
0.3
0.9
0.9
0.8
3.0
3.2
2.5
1.4
1.3
2.1
0.7
0.8
1.3
0.9
0.8
1.2
1.0
0.6
1.2
0.6
1.2
0.3
0.3
2.0
1.9
1.6
2.4
1.8
1.6
2.0
1.9
1.1
2.0
3.1
3.4
3.7
1.1
1.3
0.6
1.1
0.9
0.6
0.6
1.1
0.5
0.7
0.7
0.5
0.6
0.8
1.3
2.2
2.8
2.8
2.0
2.4
1.0
2.0
2.5
1.0
1.3
1.1
0.9
0.4
1.5
0.6
0.8
0.9
0.8
1.7
0.7
0.5
0.6
1.3
2.1
2.3
2.4
1.9
2.5
1.7
2.0
1.4
0.7
0.9
0.5
0.7
0.3
1.1
0.3
0.7
0.3
1.4
0.7
1.1
1.4
0.6
0.6
0.4
2.9
3.8
2.9
1.9
2.1
2.3
2.7
2.8
1.6
1.6
1.1
0.5
0.525
0.55
0.575
0.6
0.625
0.65
0.675
0.7000000000000001
0.7250000000000001
0.75
0.7750000000000001
0.8
3.3
2.9
2.5
1.7
2.0
2.6
2.3
2.2
2.4
0.8
1.1
2.3
2.5
2.2
2.0
1.4
1.8
1.4
3.5
1.3
0.9
1.3
0.8
2.7
1.0
2.0
3.0
3.5
3.6
2.4
2.8
1.0
1.4
0.8
0.9
0.9071428571428571
0.9142857142857143
0.9214285714285715
0.9285714285714286
0.9357142857142857
0.9428571428571428
0.95
0.9571428571428572
0.9642857142857143
0.9714285714285714
0.9785714285714285
0.9857142857142858
0.9928571428571429
1.0
1.5
1.6
2.3
1.7
2.8
1.9
1.0
0.8
0.6
0.3
0.3
0.7
0.5
0.5636363636363636
0.6272727272727272
0.6909090909090909
0.7545454545454545
0.8181818181818181
0.8818181818181818
0.9454545454545454
1.009090909090909
1.0727272727272728
1.1363636363636362
1.2
0.7
1.4
1.0
2.9
2.7
2.2
1.8
1.8
1.3
1.2
1.9
1.7
0.7
0.6699999999999999
0.64
0.61
0.58
0.55
0.52
0.49
0.46
0.43000000000000005
0.4
0.8
2.5
2.4
2.3
3.1
2.3
1.1
2.5
0.8
1.2
0.9
0.8785714285714286
0.8571428571428572
0.8357142857142857
0.8142857142857143
0.7928571428571428
0.7714285714285715
0.75
0.7285714285714285
0.7071428571428571
0.6857142857142857
0.6642857142857143
0.6428571428571428
0.6214285714285714
0.6
3.6
4.2
3.1
3.4
2.3
1.8
2.6
2.3
1.8
1.3
1.3571428571428572
1.4142857142857144
1.4714285714285715
1.5285714285714287
1.5857142857142859
1.6428571428571428
1.7000000000000002
1.7571428571428571
1.8142857142857145
1.8714285714285714
1.9285714285714288
1.9857142857142858
2.0428571428571427
2.1
3.0
3.4
2.7
3.0
2.8
2.7
2.3
2.1
1.1
1.2066666666666668
1.3133333333333335
1.4200000000000002
1.5266666666666668
1.6333333333333333
1.7400000000000002
1.8466666666666667
1.9533333333333336
2.06
2.166666666666667
2.2733333333333334
2.38
2.486666666666667
2.5933333333333337
2.7
2.5
2.5
3.6
2.9
2.5
2.5
1.4
2.3
1.8
1.1
1.1714285714285715
1.2428571428571429
1.3142857142857143
1.3857142857142857
1.4571428571428573
1.5285714285714287
1.6
1.6714285714285715
1.7428571428571429
1.8142857142857143
1.8857142857142857
1.9571428571428573
2.0285714285714285
2.1
1.7
2.2
2.6
1.8
2.1
2.9
2.0
1.3
0.7
0.7666666666666666
0.8333333333333333
0.8999999999999999
0.9666666666666666
1.0333333333333332
1.1
1.1666666666666665
1.2333333333333334
1.2999999999999998
1.3666666666666667
1.4333333333333331
1.5
1.5666666666666667
1.6333333333333333
1.7
2.9
3.5
3.2
3.5
3.3
3.4
2.8
2.1
2.2
1.1
1.3142857142857143
1.5285714285714285
1.7428571428571429
1.957142857142857
2.1714285714285713
2.3857142857142857
2.5999999999999996
2.814285714285714
3.0285714285714285
3.2428571428571424
3.457142857142857
3.6714285714285713
3.8857142857142852
4.1
2.9
3.1
2.7
3.1
2.6
2.7
2.8
2.3
2.5
2.45625
2.4125
2.36875
2.325
2.28125
2.2375
2.19375
2.15
2.10625
2.0625
2.01875
1.975
1.93125
1.8875000000000002
1.84375
1.8
3.6
2.8
2.6
2.2
2.5
2.0
1.8
1.8529411764705883
1.9058823529411766
1.9588235294117649
2.011764705882353
2.0647058823529414
2.1176470588235294
2.170588235294118
2.223529411764706
2.276470588235294
2.3294117647058825
2.3823529411764706
2.435294117647059
2.488235294117647
2.541176470588235
2.5941176470588236
2.647058823529412
2.7
2.7
3.4
2.2
2.2
1.3
1.3
1.0
1.0
1.0
1.0
1.0
1.0
1.0
1.0
1.0
1.0
1.0
1.0
1.0
1.0
1.0
1.0
1.0
0.9
1.9
2.1
0.9
0.6
1.5
1.5
1.7
1.73125
1.7625
1.79375
1.825
1.85625
1.8875
1.9187500000000002
1.9500000000000002
1.9812500000000002
2.0125
2.04375
2.075
2.10625
2.1375
2.16875
2.2
2.8
3.2
3.4
2.9
1.7
1.0
2.7
2.7
2.5
2.0
2.0285714285714285
2.057142857142857
2.085714285714286
2.1142857142857143
2.142857142857143
2.1714285714285713
2.2
2.2285714285714286
2.257142857142857
2.2857142857142856
2.314285714285714
2.3428571428571425
2.3714285714285714
2.4
3.2
2.7
2.6
2.6
3.0
2.1
2.2
2.1
2.0
1.0
1.1214285714285714
1.2428571428571429
1.3642857142857143
1.4857142857142858
1.6071428571428572
1.7285714285714286
1.85
1.9714285714285715
2.092857142857143
2.2142857142857144
2.335714285714286
2.4571428571428573
2.5785714285714287
2.7
2.9
3.4
3.1
3.3
2.3
2.3
1.0
1.4
1.1
0.9
1.1642857142857144
1.4285714285714286
1.692857142857143
1.9571428571428573
2.2214285714285715
2.4857142857142858
2.75
3.0142857142857142
3.2785714285714285
3.5428571428571427
3.807142857142857
4.071428571428572
4.335714285714286
4.6
4.1
4.1
3.0
3.7
2.8
3.1
2.7
2.6
2.7
2.1
2.4
2.4384615384615382
2.476923076923077
2.5153846153846153
2.5538461538461537
2.5923076923076924
2.6307692307692307
2.669230769230769
2.707692307692308
2.746153846153846
2.7846153846153845
2.823076923076923
2.8615384615384616
2.9
4.9
4.7
3.8
3.3
3.8
4.1
3.6
3.2
2.5
2.62
2.7399999999999998
2.86
2.98
3.0999999999999996
3.2199999999999998
3.34
3.46
3.58
3.6999999999999997
3.82
3.9399999999999995
4.06
4.18
4.3
3.6
3.9
4.0
3.3
2.9
2.9
3.4
3.1
2.7
2.7062500000000003
2.7125000000000004
2.71875
2.725
2.73125
2.7375
2.74375
2.75
2.75625
2.7625
2.76875
2.775
2.78125
2.7874999999999996
2.7937499999999997
2.8
3.0
3.3
3.4
3.2
3.3
3.3
3.3
2.5
2.49375
2.4875
2.48125
2.475
2.46875
2.4625
2.45625
2.45
2.44375
2.4375
2.43125
2.425
2.4187499999999997
2.4125
2.40625
2.4
2.2
2.8
1.7
2.4
1.9
2.3
2.5
2.425
2.35
2.275
2.2
2.125
2.05
1.975
1.9
1.8250000000000002
1.75
1.675
1.6
1.525
1.45
1.375
1.3
1.1
1.2
2.0
1.8
1.9
1.3
1.1
0.7
0.5
0.58125
0.6625
0.74375
0.825
0.90625
0.9875
1.06875
1.15
1.2312500000000002
1.3125
1.39375
1.475
1.5562500000000001
1.6375
1.71875
1.8
2.5
1.8
1.9
2.8
2.4
1.8
2.9
2.0
1.9866666666666666
1.9733333333333334
1.96
1.9466666666666668
1.9333333333333333
1.92
1.9066666666666667
1.8933333333333333
1.8800000000000001
1.8666666666666667
1.8533333333333333
1.84
1.8266666666666667
1.8133333333333335
1.8
3.7
3.6
2.9
2.5
2.5
2.5
3.2
2.9
3.0
2.8933333333333335
2.7866666666666666
2.68
2.5733333333333333
2.466666666666667
2.36
2.2533333333333334
2.1466666666666665
2.04
1.9333333333333333
1.8266666666666667
1.72
1.6133333333333333
1.5066666666666666
1.4
1.9
1.7
3.3
3.0
3.1
2.95
2.8
1.5
1.9
1.9666666666666666
2.033333333333333
2.1
2.1666666666666665
2.2333333333333334
2.3
2.3666666666666667
2.433333333333333
2.5
2.5666666666666664
2.6333333333333333
2.7
2.7666666666666666
2.833333333333333
2.9
3.1
4.1
3.7
4.0
2.7
3.3
2.5
2.8
2.7
2.68
2.66
2.64
2.62
2.6
2.58
2.56
2.54
2.52
2.5
2.48
2.46
2.44
2.42
2.4
2.9
3.3
4.5
4.5
3.3
3.5
3.5
3.1
3.1125000000000003
3.125
3.1375
3.15
3.1625
3.175
3.1875
3.2
3.2125
3.225
3.2375
3.25
3.2624999999999997
3.275
3.2874999999999996
3.3
3.8
3.8
3.9
3.0
3.0
3.0
3.0
2.2
1.7
1.7333333333333334
1.7666666666666666
1.8
1.8333333333333333
1.8666666666666667
1.9
1.9333333333333333
1.9666666666666668
2.0
2.033333333333333
2.066666666666667
2.1
2.1333333333333333
2.166666666666667
2.2
4.9
4.5
3.4
3.6
3.0
2.7
2.6
1.3
2.0
1.9733333333333334
1.9466666666666668
1.92
1.8933333333333333
1.8666666666666667
1.84
1.8133333333333335
1.7866666666666666
1.76
1.7333333333333334
1.7066666666666668
1.6800000000000002
1.6533333333333333
1.6266666666666667
1.6
3.0
3.3
2.9
3.3
2.3
1.7
3.4
2.4
2.7
2.606666666666667
2.5133333333333336
2.42
2.3266666666666667
2.2333333333333334
2.14
2.046666666666667
1.9533333333333336
1.86
1.7666666666666668
1.6733333333333336
1.58
1.4866666666666668
1.3933333333333335
1.3
3.0
3.5
1.8
1.8
2.2
2.3
1.9
2.4
2.6
2.6125000000000003
2.625
2.6375
2.65
2.6625
2.675
2.6875
2.7
2.7125
2.725
2.7375
2.75
2.7624999999999997
2.775
2.7874999999999996
2.8
2.5
2.0
1.8
1.7
2.4
1.1
1.5
1.6
1.7
1.8
1.9
2.0
2.1
2.2
2.3
2.4
2.5
2.6
2.7
2.8
2.9000000000000004
3.0
3.1
4.0
2.8
2.6
3.0
2.1
1.6
2.5
2.6
1.7
1.72
1.74
1.76
1.78
1.8
1.82
1.8399999999999999
1.8599999999999999
1.88
1.9
1.92
1.94
1.96
1.98
2.0
3.1
2.6
3.3
3.2
1.7
1.9
0.8
1.3
2.7
2.686666666666667
2.6733333333333333
2.66
2.646666666666667
2.6333333333333333
2.62
2.606666666666667
2.5933333333333333
2.58
2.566666666666667
2.5533333333333332
2.54
2.526666666666667
2.513333333333333
2.5
1.8
2.4
2.3
1.6
1.2
1.7
2.0
1.0
1.2
1.2666666666666666
1.3333333333333333
1.4
1.4666666666666668
1.5333333333333332
1.6
1.6666666666666667
1.7333333333333334
1.8
1.8666666666666667
1.9333333333333336
2.0
2.066666666666667
2.1333333333333337
2.2
2.5
3.3
4.1
3.5
2.8
2.9
2.9
2.8
2.5
2.5866666666666664
2.6733333333333333
2.76
2.8466666666666667
2.933333333333333
3.02
3.1066666666666665
3.1933333333333334
3.28
3.3666666666666667
3.453333333333333
3.54
3.6266666666666665
3.713333333333333
3.8
4.4
3.9
3.9
2.4
3.0
3.2
3.2
2.4
2.5
2.6266666666666665
2.7533333333333334
2.88
3.006666666666667
3.1333333333333333
3.26
3.3866666666666667
3.5133333333333336
3.64
3.7666666666666666
3.8933333333333335
4.02
4.1466666666666665
4.273333333333333
4.4
5.2
4.8
3.7
4.0
3.6
3.8
3.4
2.8
2.2
2.2625
2.325
2.3875
2.45
2.5125
2.575
2.6375
2.7
2.7625
2.825
2.8875
2.95
3.0125
3.075
3.1375
3.2
2.6
2.0
1.6
1.8
1.7
2.8
1.9
2.5
2.466666666666667
2.433333333333333
2.4
2.3666666666666667
2.3333333333333335
2.3
2.2666666666666666
2.2333333333333334
2.2
2.1666666666666665
2.1333333333333333
2.1
2.0666666666666664
2.033333333333333
2.0
2.5
2.0
3.7
3.0
3.3
2.6
2.8
1.7
1.775
1.8499999999999999
1.9249999999999998
2.0
2.075
2.15
2.225
2.3
2.375
2.45
2.525
2.5999999999999996
2.675
2.75
2.825
2.9
4.4
4.3
4.0
3.6
4.1
3.8
3.7
3.7411764705882353
3.782352941176471
3.823529411764706
3.864705882352941
3.905882352941177
3.947058823529412
3.988235294117647
4.029411764705882
4.070588235294118
4.111764705882353
4.152941176470589
4.194117647058824
4.235294117647059
4.276470588235295
4.31764705882353
4.358823529411765
4.4
4.5
4.5
4.7
4.4
4.1
3.8
3.9
3.2
3.2125000000000004
3.225
3.2375000000000003
3.25
3.2625
3.275
3.2875
3.3
3.3125
3.325
3.3375
3.35
3.3625
3.375
3.3874999999999997
3.4
4.5
3.7
4.4
4.2
4.2
3.5
4.2
3.6
3.2
3.086666666666667
2.9733333333333336
2.8600000000000003
2.746666666666667
2.6333333333333337
2.52
2.4066666666666667
2.2933333333333334
2.18
2.066666666666667
1.9533333333333334
1.84
1.7266666666666668
1.6133333333333333
1.5
3.1
3.9
3.2
3.1
3.0
2.5
2.45
2.4
1.9
2.06
2.2199999999999998
2.38
2.54
2.7
2.86
3.02
3.1799999999999997
3.34
3.5
3.66
3.82
3.98
4.140000000000001
4.3
5.3
3.6
2.7
2.8
2.8
3.3
3.0
3.5
3.60625
3.7125
3.81875
3.925
4.03125
4.1375
4.24375
4.35
4.45625
4.5625
4.66875
4.775
4.88125
4.987500000000001
5.09375
5.2
3.7
3.8
3.9
3.1
3.3
2.2
3.7
3.0
2.9
2.8
2.7
2.6
2.5
2.4
2.3
2.2
2.1
2.0
1.9000000000000001
1.8
1.7000000000000002
1.6
1.5000000000000002
1.4000000000000001
1.3
1.6
3.6
2.8
2.2
1.4
0.9
1.9
1.9625
2.025
2.0875
2.15
2.2125
2.275
2.3375
2.4
2.4625
2.525
2.5875
2.65
2.7125
2.775
2.8375
2.9
4.2
4.2
4.1
2.9
3.5
2.4
2.5
2.8
2.3
2.333333333333333
2.3666666666666667
2.4
2.433333333333333
2.4666666666666663
2.5
2.533333333333333
2.5666666666666664
2.5999999999999996
2.6333333333333333
2.6666666666666665
2.6999999999999997
2.7333333333333334
2.7666666666666666
2.8
3.3
3.1
2.8
3.5
3.2
3.1
3.1
2.2
1.3
1.4533333333333334
1.6066666666666667
1.76
1.9133333333333333
2.0666666666666664
2.2199999999999998
2.373333333333333
2.5266666666666664
2.6799999999999997
2.833333333333333
2.9866666666666664
3.1399999999999997
3.293333333333333
3.4466666666666663
3.6
3.6
3.9
3.4
3.4
3.0
4.1
3.3
2.5
3.2
3.18
3.16
3.14
3.12
3.1
3.08
3.06
3.04
3.02
3.0
2.98
2.96
2.94
2.92
2.9
2.9
3.5
3.4
3.9
3.0
1.6
1.3
3.4
2.5
1.2
1.3071428571428572
1.4142857142857144
1.5214285714285714
1.6285714285714286
1.7357142857142858
1.842857142857143
1.9500000000000002
2.0571428571428574
2.1642857142857146
2.2714285714285714
2.378571428571429
2.4857142857142858
2.5928571428571434
2.7
3.5
3.7
3.7
3.2
2.9
2.3
2.4
3.0
1.8
1.7733333333333334
1.7466666666666666
1.72
1.6933333333333334
1.6666666666666667
1.64
1.6133333333333333
1.5866666666666667
1.56
1.5333333333333332
1.5066666666666666
1.48
1.4533333333333331
1.4266666666666665
1.4
2.7
3.3
3.2
3.3
2.4
3.3
1.9
2.9
2.6
2.533333333333333
2.466666666666667
2.4
2.3333333333333335
2.2666666666666666
2.2
2.1333333333333333
2.066666666666667
2.0
1.9333333333333336
1.8666666666666667
1.8
1.7333333333333334
1.6666666666666667
1.6
2.2
4.1
3.7
3.6
3.8
2.9
2.4
2.8
2.5
1.8
1.7571428571428571
1.7142857142857144
1.6714285714285715
1.6285714285714286
1.5857142857142856
1.542857142857143
1.5
1.457142857142857
1.4142857142857141
1.3714285714285714
1.3285714285714285
1.2857142857142856
1.2428571428571429
1.2
2.6
3.8
3.6
2.5
2.9
2.4
1.7
1.3
0.5
0.66
0.8200000000000001
0.98
1.1400000000000001
1.3
1.46
1.62
1.78
1.94
2.1
2.26
2.42
2.58
2.74
2.9
3.3
3.1
3.2
2.0
2.7
2.3
2.1
1.3
2.0
1.9
1.8
1.8923076923076922
1.9846153846153847
2.076923076923077
2.169230769230769
2.2615384615384615
2.353846153846154
2.4461538461538463
2.5384615384615383
2.6307692307692307
2.723076923076923
2.815384615384615
2.9076923076923076
3.0
2.6
2.3
2.3
1.4
1.5
1.7
1.1
0.8
0.8
1.3
0.7
0.7692307692307692
0.8384615384615384
0.9076923076923077
0.9769230769230769
1.046153846153846
1.1153846153846154
1.1846153846153846
1.2538461538461538
1.323076923076923
1.3923076923076922
1.4615384615384617
1.5307692307692307
1.6
3.4
2.5
1.8
2.0
1.9
3.0
2.9
1.2
1.8
1.1
0.9
1.0307692307692309
1.1615384615384616
1.2923076923076924
1.4230769230769231
1.5538461538461539
1.6846153846153848
1.8153846153846156
1.9461538461538463
2.076923076923077
2.207692307692308
2.3384615384615386
2.4692307692307693
2.6
2.2
1.8
1.3
1.6
1.9
2.0
2.7
1.8
2.3
2.3066666666666666
2.313333333333333
2.32
2.3266666666666667
2.333333333333333
2.34
2.3466666666666667
2.353333333333333
2.36
2.3666666666666667
2.373333333333333
2.38
2.3866666666666667
2.393333333333333
2.4
2.9
2.4
1.8
1.9
2.4
1.5
1.8
1.6
0.6
0.78
0.96
1.1400000000000001
1.3199999999999998
1.5
1.6800000000000002
1.8599999999999999
2.04
2.2199999999999998
2.4
2.58
2.7600000000000002
2.94
3.12
3.3
3.9
3.6
3.1
3.1
2.2
2.2
2.7
2.4
1.9
2.7
2.2
3.0
2.7
1.7
0.4
0.8
0.9
0.4
0.75
1.1
1.4500000000000002
1.8000000000000003
2.1500000000000004
2.5
2.7
3.0
2.9
2.6
2.4
1.9
2.5
2.9
2.9
1.3
1.3857142857142857
1.4714285714285715
1.5571428571428572
1.6428571428571428
1.7285714285714286
1.8142857142857143
1.9
1.9857142857142858
2.0714285714285716
2.1571428571428575
2.242857142857143
2.3285714285714283
2.4142857142857146
2.5
3.0
3.8
3.3
3.0
2.5
2.8
3.2
3.1
3.0
3.4
2.3
2.1416666666666666
1.9833333333333332
1.8249999999999997
1.6666666666666665
1.5083333333333333
1.3499999999999999
1.1916666666666664
1.0333333333333332
0.875
0.7166666666666666
0.5583333333333331
0.4
3.3
3.1
3.0
4.1
3.8
4.7
2.6
3.1
2.6
2.3
3.0
2.4
2.5
1.9
1.5
1.7
2.9
3.3285714285714287
3.757142857142857
4.185714285714286
4.614285714285715
5.042857142857143
5.4714285714285715
5.9
4.4
5.1
4.2
4.1
3.5
3.3
2.9
2.2
2.4
2.1
2.0
2.2
2.4230769230769234
2.646153846153846
2.8692307692307693
3.0923076923076924
3.315384615384615
3.5384615384615383
3.7615384615384615
3.9846153846153847
4.207692307692307
4.430769230769231
4.653846153846153
4.8769230769230765
5.1
2.4
2.5
3.4
2.4
2.4
1.3
3.0
1.5
1.7
1.2
1.2214285714285713
1.2428571428571429
1.2642857142857142
1.2857142857142856
1.3071428571428572
1.3285714285714285
1.35
1.3714285714285714
1.3928571428571428
1.4142857142857144
1.4357142857142857
1.457142857142857
1.4785714285714286
1.5
1.7
3.0
2.1
2.9
1.6
2.5
2.4
1.6
1.6
0.8
0.8461538461538461
0.8923076923076924
0.9384615384615385
0.9846153846153847
1.0307692307692307
1.0769230769230769
1.123076923076923
1.169230769230769
1.2153846153846153
1.2615384615384615
1.3076923076923075
1.3538461538461537
1.4
1.9
2.3
2.0
2.2
2.3
3.1
0.8
1.2
0.8
0.7
1.3
1.4214285714285715
1.542857142857143
1.6642857142857144
1.7857142857142858
1.907142857142857
2.0285714285714285
2.15
2.2714285714285714
2.392857142857143
2.5142857142857142
2.6357142857142857
2.757142857142857
2.8785714285714286
3.0
2.9
3.2
2.3
2.3
2.1
2.6
2.6
2.7
2.5
1.7
1.1
1.4
1.5
2.3
2.4
2.3
1.1
2.3
2.02
1.7399999999999998
1.46
1.18
0.9
2.7
3.4
2.6
2.3
2.9
2.7
2.6
1.6
1.5
2.7
1.1
1.0
1.0
2.1
3.0
3.0
2.775
2.55
2.325
2.1
1.875
1.65
1.425
1.2
2.2
2.9
3.4
2.3
2.1
2.9
2.4
2.1
2.7
3.2
1.4
1.5
1.6
2.0
1.4
1.5399999999999998
1.68
1.8199999999999998
1.96
2.0999999999999996
2.2399999999999998
2.38
2.5199999999999996
2.6599999999999997
2.8
3.3
2.7
2.4
2.1
2.1
2.2
1.2
2.3
1.4
1.8
1.9
1.5
1.6166666666666667
1.7333333333333334
1.85
1.9666666666666666
2.083333333333333
2.2
2.3166666666666664
2.433333333333333
2.55
2.6666666666666665
2.783333333333333
2.9
4.3
3.1
2.6
3.7
2.2
2.6
3.5
1.5
2.1
1.6
1.6
1.7
2.3
2.4
1.7
1.988888888888889
2.2777777777777777
2.5666666666666664
2.855555555555555
3.144444444444444
3.433333333333333
3.7222222222222223
4.011111111111111
4.3
3.2
3.4
2.7
2.8
1.4
1.6
1.8
1.0
1.4
0.9
1.3
1.4
1.2
1.7
2.0
1.2
1.0
1.1
1.2
1.3
1.4000000000000001
1.5
1.6
3.5
3.1
2.3
2.0
1.8
2.6
2.0
1.5
2.6
1.9
1.3
1.2
1.4
1.2
1.2
0.6
0.3
0.6
0.7
0.7
0.9
0.7
0.49999999999999994
0.3
3.5
3.5
3.3
3.5
3.5
2.8
2.9
3.0
1.7
2.0
1.4
1.4
1.6
2.7
2.1
0.8
0.6
0.6
0.4
2.8
2.7
1.3
2.0
2.7
3.2
3.0
4.0
3.7
3.7
3.1
2.9
2.6
2.7
1.9
1.6
1.2
1.5
1.7
1.8
1.7
1.9
2.0
2.0
0.7
0.6
1.9
1.4
0.9
3.6
4.1
3.4
2.7
2.3
2.1
1.8
1.5
1.6
1.5
1.4
1.6
1.1
2.3
2.0
1.0
0.8
0.4
1.8
1.3
1.0
0.3
0.9
0.8
2.7
3.6
3.6
2.9
2.9
2.2
3.8
3.1
2.6
2.5
1.7
1.8
2.3
3.4
3.9
3.4
3.6
2.2
1.7
1.2
1.0
1.3
0.8
0.6
1.1
2.6
2.4
2.7
3.2
2.7
3.0
2.9
2.4
1.7
1.7
1.6
1.3
1.8
2.5
1.7
0.9
2.4
0.9
0.5
0.5
0.6
0.8
0.6
1.2
2.5
1.7
1.9
3.8
3.6
3.2
2.5
3.3
2.7
1.7
1.8
1.9
1.9
2.3
2.6
3.3
3.4
3.4
2.2
2.442857142857143
2.685714285714286
2.928571428571429
3.1714285714285717
3.4142857142857146
3.657142857142857
3.9
3.3
2.3
3.6
4.1
3.8
4.0
2.5
1.6
2.3
1.2
1.3
1.4
1.0
0.8
0.3
0.2
0.9
1.3166666666666667
1.7333333333333334
2.15
2.566666666666667
2.9833333333333334
3.4
3.3
3.1
2.1
1.9
1.8
1.2
2.3
3.4
0.9
0.5
0.5
0.8
0.7
0.3
1.1
1.5125000000000002
1.9250000000000003
2.3375000000000004
2.75
3.1625
3.575
3.9875000000000003
4.4
4.6
3.9
3.9
3.7
4.4
5.0
4.3
3.6
3.4
2.3
1.2
1.5
1.7
1.8
1.2
1.3
2.7
1.5
1.7
1.8
2.35
2.9000000000000004
3.45
4.0
4.7
3.4
3.3
4.0
3.0
3.5
3.3
1.9
2.1
2.9
1.8
2.1
2.4
2.3
2.9
2.1
1.3
0.8
1.1333333333333333
1.4666666666666668
1.8
2.1333333333333333
2.466666666666667
2.8
4.1
4.3
3.3
3.2
3.4
2.1
1.9
1.9
0.3
1.3
1.6
2.0
3.7
2.7
3.0
2.9
1.7
1.1
0.6
0.675
0.75
0.825
0.9
3.4
3.0
3.9
3.1
3.1
3.4
3.1
4.3
2.3
3.4
3.2
2.9
2.3
2.1
1.5
1.1
2.1
2.5
1.8
1.2
1.7999999999999998
2.4
3.0
3.5999999999999996
4.2
3.5
3.5
3.8
3.9
4.2
4.9
4.0
3.4
3.2
2.8
2.1
2.5
2.3
2.8
2.5
3.1
3.8
3.2
3.9
3.6
3.325
3.05
2.775
2.5
3.8
2.9
2.4
1.5
2.9
3.3
3.1
1.6
1.5
1.7
2.0
3.4
3.7
3.4
3.6
2.5
1.6
1.9
2.2333333333333334
2.5666666666666664
2.9
3.2333333333333334
3.5666666666666664
3.9
4.1
3.0
3.1
3.0
2.2
2.8
3.1
2.5
2.8
1.9
2.1
1.5
2.3
1.5
2.5
2.6
2.4
1.2
0.6
1.0
1.4
1.8000000000000003
2.2
2.6
2.3
2.6
3.2
2.3
3.3
2.4
2.6
3.0
2.8
2.1
1.9
1.5
2.4
2.0
1.0
1.9
1.8
2.5
0.5
0.8
1.5
2.2
2.8999999999999995
3.6
3.0
3.4
3.0
2.6
3.1
1.9
2.0
1.5
2.6
1.7
1.7
1.6
1.5
2.4
2.4
1.4
1.1
0.8
0.8
0.7250000000000001
0.65
0.575
0.5
3.8
3.5
2.8
3.0
2.8
2.8
2.6
2.5
1.8
1.6
1.2
1.5
1.6
1.7
1.8
0.2
0.7
0.9
0.4
0.9
1.5
2.1
2.6999999999999997
3.3
3.9
3.4
2.4
2.2
2.4
2.4
1.9
2.4
2.2
1.7
1.2
0.9
3.7
2.2
0.9
0.9
1.4
0.7
0.8555555555555555
1.011111111111111
1.1666666666666665
1.3222222222222222
1.4777777777777779
1.6333333333333333
1.788888888888889
1.9444444444444444
2.1
1.1
2.5
1.3
1.8
1.7
3.9
1.9
1.5
0.8
1.1
0.8
0.5
0.8
0.9
0.4
0.7714285714285715
1.1428571428571428
1.5142857142857142
1.8857142857142857
2.257142857142857
2.6285714285714286
3.0
3.2
3.0
3.1
1.2
1.6
1.2
1.9
1.0
1.0
0.5
1.7
0.7
0.8
0.9
0.4
0.6
0.6
0.8999999999999999
1.2
1.5
1.7999999999999998
2.1
2.4
2.7
2.6
2.4
2.4
3.2
2.3
2.1
3.4
3.0
2.2
0.6
0.6
1.4
0.6
0.8
0.5
0.3
0.4
0.7857142857142858
1.1714285714285715
1.5571428571428574
1.942857142857143
2.3285714285714287
2.7142857142857144
3.1
2.7
3.4
4.1
3.5
3.2
2.5
3.1
3.7
2.3
1.1
1.7
1.9
2.0
2.1
1.9
0.8
0.8
0.9285714285714286
1.0571428571428572
1.1857142857142857
1.3142857142857143
1.4428571428571428
1.5714285714285714
1.7
2.7
3.0
3.2
2.4
2.8
3.2
2.3
2.9
2.4
1.6
1.3
1.1
1.6
3.1
2.6
1.4
1.2
1.5
1.8
2.1
2.4000000000000004
2.7
3.0
3.3000000000000007
3.6
3.8
4.2
2.8
3.3
3.0
2.5
1.8
2.7
1.6
1.5
1.2
1.4
1.4
1.4
0.8
1.05
1.3
1.5499999999999998
1.7999999999999998
2.05
2.3
2.55
2.8
3.9
3.1
2.8
2.3
3.0
2.3
2.1
2.3
1.8
1.0
1.3
1.4
1.5
2.0
2.4
0.4
0.7625
1.125
1.4874999999999998
1.85
2.2125
2.5749999999999997
2.9375
3.3
4.0
3.3
3.5
3.3
2.2
3.4
2.1
2.7
1.9
1.5
0.9
0.7
1.6
1.9
2.6
3.3
3.2
3.271428571428572
3.342857142857143
3.4142857142857146
3.4857142857142858
3.5571428571428574
3.6285714285714286
3.7
4.7
3.6
3.8
4.1
3.2
3.1
3.4
3.2
2.0
2.0
2.0
2.5
2.2
2.390909090909091
2.581818181818182
2.772727272727273
2.963636363636364
3.1545454545454548
3.3454545454545457
3.536363636363636
3.7272727272727275
3.918181818181818
4.109090909090909
4.3
4.3
4.1
2.7
3.6
3.0
2.2
1.5
3.0
2.8
2.913333333333333
3.0266666666666664
3.1399999999999997
3.253333333333333
3.3666666666666663
3.48
3.5933333333333333
3.7066666666666666
3.82
3.933333333333333
4.046666666666667
4.16
4.273333333333333
4.386666666666667
4.5
4.4
3.4
2.5
2.2
2.1
2.7
2.0
2.6
1.7
1.4
1.3692307692307693
1.3384615384615384
1.3076923076923077
1.2769230769230768
1.2461538461538462
1.2153846153846153
1.1846153846153846
1.1538461538461537
1.123076923076923
1.0923076923076922
1.0615384615384615
1.0307692307692307
1.0
3.9
3.5
3.4
3.2
2.4
2.5
2.7
2.7
3.2
3.3
2.8
2.1
2.3
2.6
3.2
3.1
2.7
2.8000000000000003
2.9000000000000004
3.0
3.1
3.2
3.3
3.4
3.5
3.7
4.1
3.3
3.7
2.6
4.0
2.1
3.2
2.6
1.7
1.7
1.7
1.3
1.3
1.5
1.2
0.9
1.3
1.7000000000000002
2.1
2.5
2.9
3.3000000000000003
3.7
3.4
3.7
2.9
3.0
2.5
2.5
2.8
2.5
2.3
1.9
1.9
1.9
1.8
2.7
1.1
1.1
1.4375
1.775
2.1125
2.45
2.7874999999999996
3.125
3.4625
3.8
3.7
4.1
3.5
3.4
3.5
3.1
4.2
3.5
1.7
1.9
1.6
1.9
2.1
2.4
2.4
2.4
2.5749999999999997
2.75
2.925
3.0999999999999996
3.275
3.4499999999999997
3.625
3.8
4.0
4.2
3.8
3.2
2.9
3.4
2.4
1.8
2.7
1.4
1.6
1.8
2.2
2.2
2.1
2.2333333333333334
2.3666666666666667
2.5
2.6333333333333333
2.7666666666666666
2.9
3.033333333333333
3.1666666666666665
3.3
4.1
2.5
3.1
2.3
2.4
2.0
2.2
1.9
2.4
0.9
1.3
1.0
1.0
1.7
2.7
2.788888888888889
2.8777777777777778
2.966666666666667
3.055555555555556
3.1444444444444444
3.2333333333333334
3.322222222222222
3.411111111111111
3.5
3.2
3.6
3.5
2.4
4.3
3.4
3.7
2.6
2.9
1.6
0.9
1.6
2.0
2.4
2.46
2.52
2.58
2.64
2.7
2.76
2.82
2.88
2.94
3.0
2.9
3.6
3.5
2.9
2.1
3.1
2.4
1.5
1.7
0.9
1.2
1.3
2.7
2.7
2.75
2.8000000000000003
2.85
2.9000000000000004
2.95
3.0
3.0500000000000003
3.1
3.1500000000000004
3.2
4.1
3.5
2.9
3.0
2.3
2.3
1.5
2.0
2.2
1.6
1.5
1.8
1.0
0.7
0.6
0.8777777777777778
1.1555555555555554
1.4333333333333333
1.7111111111111112
1.988888888888889
2.2666666666666666
2.5444444444444447
2.8222222222222224
3.1
3.5
3.3
3.2
2.8
2.7
3.2
2.7
1.9
3.1
1.8
2.1
2.6
2.9
2.8
2.881818181818182
2.9636363636363634
3.0454545454545454
3.127272727272727
3.209090909090909
3.290909090909091
3.372727272727273
3.4545454545454546
3.536363636363636
3.618181818181818
3.7
4.4
4.7
3.2
2.7
2.9
3.7
2.1
3.0
2.2
2.4
2.7
1.9
2.1454545454545455
2.3909090909090907
2.6363636363636362
2.881818181818182
3.127272727272727
3.3727272727272726
3.618181818181818
3.8636363636363633
4.109090909090909
4.354545454545454
4.6
5.4
3.8
5.1
4.0
3.3
3.4
3.4
3.7
3.2
2.7
2.7
2.4
2.4
2.8
2.5
2.6666666666666665
2.8333333333333335
3.0
3.1666666666666665
3.333333333333333
3.5
3.6666666666666665
3.833333333333333
4.0
4.4
3.0
4.3
3.7
3.5
3.8
3.1
3.8
2.5
2.2
2.1
1.8
2.9
2.6
2.85
3.1
3.3499999999999996
3.5999999999999996
3.8499999999999996
4.1
4.35
4.6
4.85
5.1
5.9
5.2
4.5
4.1
4.1
4.1
3.7
2.9
3.0
1.9
2.0
1.9
3.0
3.3
3.5
3.6999999999999997
3.9
4.1
4.3
4.5
4.7
4.9
5.1
5.3
4.4
5.1
4.1
4.4
3.0
3.9
3.5
3.7
3.7
3.3
2.2
1.7
1.4
1.7727272727272725
2.1454545454545455
2.518181818181818
2.8909090909090907
3.2636363636363632
3.6363636363636362
4.009090909090909
4.381818181818181
4.754545454545454
5.127272727272727
5.5
3.5
3.4
4.8
4.5
3.1
3.0
5.0
3.4
3.6
2.7
1.7
2.1
2.8
2.8727272727272726
2.9454545454545453
3.018181818181818
3.090909090909091
3.1636363636363636
3.2363636363636363
3.309090909090909
3.381818181818182
3.4545454545454546
3.5272727272727273
3.6
3.9
3.7
4.0
3.9
3.6
3.1
2.1
3.1
3.1
2.0
1.5
1.8
2.1
2.290909090909091
2.481818181818182
2.672727272727273
2.8636363636363638
3.0545454545454547
3.2454545454545456
3.4363636363636365
3.6272727272727274
3.8181818181818183
4.00909090909091
4.2
4.4
3.3
3.0
2.9
3.4
2.3
2.5
2.3
3.1
1.8
1.7
2.1
1.7
1.9272727272727272
2.1545454545454543
2.381818181818182
2.609090909090909
2.836363636363636
3.0636363636363635
3.290909090909091
3.518181818181818
3.745454545454545
3.9727272727272727
4.2
4.0
3.7
3.1
2.9
3.7
3.4
2.3
2.0
2.2
1.6
1.7
2.0
1.6
1.772727272727273
1.9454545454545455
2.118181818181818
2.290909090909091
2.463636363636364
2.6363636363636367
2.809090909090909
2.981818181818182
3.1545454545454548
3.327272727272727
3.5
3.8
3.1
3.1
3.1
2.9
2.7
1.6
1.6
2.1
1.1
1.1072463768115943
1.1144927536231886
1.1217391304347828
1.1289855072463768
1.136231884057971
1.1434782608695653
1.1507246376811595
1.1579710144927537
1.165217391304348
1.1724637681159422
1.1797101449275362
1.1869565217391305
1.1942028985507247
1.201449275362319
1.2086956521739132
1.2159420289855074
1.2231884057971016
1.2304347826086957
1.23768115942029
1.2449275362318841
1.2521739130434784
1.2594202898550726
1.2666666666666668
1.2739130434782608
1.281159420289855
1.2884057971014493
1.2956521739130435
1.3028985507246378
1.310144927536232
1.3173913043478263
1.3246376811594205
1.3318840579710145
1.3391304347826087
1.346376811594203
1.3536231884057972
1.3608695652173914
1.3681159420289857
1.3753623188405797
1.382608695652174
1.3898550724637682
1.3971014492753624
1.4043478260869566
1.4115942028985509
1.418840579710145
1.4260869565217393
1.4333333333333333
1.4405797101449276
1.4478260869565218
1.455072463768116
1.4623188405797103
1.4695652173913045
1.4768115942028985
1.4840579710144928
1.491304347826087
1.4985507246376812
1.5057971014492755
1.5130434782608697
1.520289855072464
1.5275362318840582
1.5347826086956522
1.5420289855072464
1.5492753623188407
1.556521739130435
1.5637681159420291
1.5710144927536231
1.5782608695652174
1.5855072463768116
1.5927536231884059
1.6
1.6072463768115943
1.6144927536231886
1.6217391304347828
1.628985507246377
1.6362318840579713
1.6434782608695653
1.6507246376811595
1.6579710144927537
1.6652173913043478
1.672463768115942
1.6797101449275362
1.6869565217391305
1.6942028985507247
1.701449275362319
1.7086956521739132
1.7159420289855074
1.7231884057971016
1.7304347826086959
1.7376811594202901
1.7449275362318841
1.7521739130434784
1.7594202898550726
1.7666666666666666
1.7739130434782608
1.781159420289855
1.7884057971014493
1.7956521739130435
1.8028985507246378
1.810144927536232
1.8173913043478263
1.8246376811594205
1.8318840579710147
1.839130434782609
1.846376811594203
1.8536231884057972
1.8608695652173914
1.8681159420289855
1.8753623188405797
1.882608695652174
1.8898550724637682
1.8971014492753624
1.9043478260869566
1.9115942028985509
1.918840579710145
1.9260869565217393
1.9333333333333336
1.9405797101449276
1.9478260869565218
1.955072463768116
1.9623188405797103
1.9695652173913043
1.9768115942028985
1.9840579710144928
1.991304347826087
1.9985507246376812
2.0057971014492755
2.0130434782608697
2.020289855072464
2.027536231884058
2.0347826086956524
2.0420289855072467
2.0492753623188404
2.056521739130435
2.063768115942029
2.071014492753623
2.0782608695652174
2.0855072463768116
2.092753623188406
2.1
2.1072463768115943
2.1144927536231886
2.121739130434783
2.1289855072463766
2.1362318840579713
2.143478260869565
2.1507246376811597
2.1579710144927535
2.165217391304348
2.172463768115942
2.1797101449275362
2.1869565217391305
2.1942028985507247
2.201449275362319
2.208695652173913
2.2159420289855074
2.2231884057971016
2.230434782608696
2.2376811594202897
2.2449275362318843
2.252173913043478
2.259420289855073
2.2666666666666666
2.2739130434782613
2.281159420289855
2.2884057971014493
2.2956521739130435
2.302898550724638
2.310144927536232
2.3173913043478263
2.3246376811594205
2.3318840579710143
2.339130434782609
2.3463768115942027
2.3536231884057974
2.360869565217391
2.368115942028986
2.3753623188405797
2.382608695652174
2.389855072463768
2.3971014492753624
2.4043478260869566
2.411594202898551
2.418840579710145
2.4260869565217393
2.4333333333333336
2.4405797101449274
2.447826086956522
2.455072463768116
2.4623188405797105
2.4695652173913043
2.476811594202899
2.4840579710144928
2.491304347826087
2.4985507246376812
2.5057971014492755
2.5130434782608697
2.520289855072464
2.527536231884058
2.534782608695652
2.5420289855072467
2.5492753623188404
2.556521739130435
2.563768115942029
2.5710144927536236
2.5782608695652174
2.5855072463768116
2.592753623188406
2.6
3.3
2.5
1.9
2.6
2.4
3.4
2.8
2.2
1.3
1.3564102564102565
1.412820512820513
1.4692307692307693
1.5256410256410258
1.5820512820512822
1.6384615384615384
1.694871794871795
1.7512820512820513
1.807692307692308
1.8641025641025641
1.9205128205128208
1.976923076923077
2.033333333333333
2.08974358974359
2.1461538461538465
2.2025641025641027
2.258974358974359
2.3153846153846156
2.3717948717948723
2.4282051282051285
2.4846153846153847
2.5410256410256413
2.597435897435898
2.653846153846154
2.7102564102564104
2.7666666666666666
2.8230769230769233
2.87948717948718
2.935897435897436
2.9923076923076923
3.048717948717949
3.1051282051282056
3.161538461538462
3.217948717948718
3.2743589743589747
3.3307692307692314
3.3871794871794876
3.443589743589744
3.5
2.7
3.0
2.8
1.6
1.7
3.2
2.4
2.7
1.4
1.4145569620253164
1.4291139240506328
1.4436708860759493
1.4582278481012658
1.4727848101265821
1.4873417721518987
1.5018987341772152
1.5164556962025315
1.531012658227848
1.5455696202531644
1.560126582278481
1.5746835443037974
1.589240506329114
1.6037974683544303
1.6183544303797468
1.6329113924050631
1.6474683544303796
1.6620253164556962
1.6765822784810127
1.691139240506329
1.7056962025316456
1.7202531645569619
1.7348101265822784
1.749367088607595
1.7639240506329115
1.7784810126582278
1.7930379746835443
1.8075949367088606
1.8221518987341772
1.8367088607594937
1.85126582278481
1.8658227848101265
1.880379746835443
1.8949367088607594
1.909493670886076
1.9240506329113924
1.938607594936709
1.9531645569620253
1.9677215189873416
1.9822784810126581
1.9968354430379747
2.011392405063291
2.0259493670886073
2.0405063291139243
2.0550632911392404
2.069620253164557
2.0841772151898734
2.09873417721519
2.1132911392405065
2.1278481012658226
2.142405063291139
2.1569620253164556
2.171518987341772
2.1860759493670887
2.200632911392405
2.2151898734177218
2.229746835443038
2.2443037974683544
2.258860759493671
2.2734177215189875
2.287974683544304
2.30253164556962
2.3170886075949366
2.331645569620253
2.3462025316455697
2.3607594936708862
2.3753164556962023
2.389873417721519
2.4044303797468354
2.418987341772152
2.4335443037974684
2.4481012658227845
2.4626582278481015
2.4772151898734176
2.491772151898734
2.5063291139240507
2.520886075949367
2.5354430379746837
2.55
2.5645569620253164
2.579113924050633
2.5936708860759494
2.608227848101266
2.622784810126582
2.637341772151899
2.651898734177215
2.6664556962025316
2.681012658227848
2.6955696202531643
2.7101265822784812
2.7246835443037973
2.739240506329114
2.7537974683544304
2.768354430379747
2.7829113924050635
2.7974683544303796
2.8120253164556965
2.8265822784810126
2.841139240506329
2.8556962025316457
2.870253164556962
2.8848101265822788
2.899367088607595
2.9139240506329114
2.928481012658228
2.9430379746835444
2.957594936708861
2.972151898734177
2.986708860759494
3.00126582278481
3.0158227848101267
3.030379746835443
3.0449367088607593
3.0594936708860763
3.0740506329113924
3.088607594936709
3.1031645569620254
3.1177215189873415
3.1322784810126585
3.1468354430379746
3.161392405063291
3.1759493670886076
3.190506329113924
3.2050632911392407
3.219620253164557
3.2341772151898738
3.24873417721519
3.2632911392405064
3.277848101265823
3.292405063291139
3.306962025316456
3.321518987341772
3.3360759493670886
3.350632911392405
3.3651898734177217
3.379746835443038
3.3943037974683543
3.408860759493671
3.4234177215189874
3.437974683544304
3.4525316455696204
3.467088607594937
3.481645569620253
3.4962025316455696
3.510759493670886
3.5253164556962027
3.539873417721519
3.5544303797468357
3.568987341772152
3.5835443037974684
3.598101265822785
3.6126582278481014
3.627215189873418
3.6417721518987345
3.6563291139240506
3.670886075949367
3.6854430379746836
3.7
3.5
3.7
2.5
3.5
2.7
2.7
2.5
3.0
2.7
1.6
1.620689655172414
1.6413793103448278
1.6620689655172414
1.6827586206896552
1.703448275862069
1.7241379310344829
1.7448275862068967
1.7655172413793103
1.7862068965517242
1.806896551724138
1.8275862068965518
1.8482758620689657
1.8689655172413793
1.889655172413793
1.910344827586207
1.9310344827586208
1.9517241379310346
1.9724137931034482
1.993103448275862
2.013793103448276
2.0344827586206895
2.0551724137931036
2.075862068965517
2.096551724137931
2.117241379310345
2.1379310344827585
2.1586206896551725
2.179310344827586
2.2
2.220689655172414
2.2413793103448274
2.2620689655172415
2.282758620689655
2.3034482758620687
2.3241379310344827
2.3448275862068964
2.3655172413793104
2.386206896551724
2.406896551724138
2.4275862068965517
2.4482758620689653
2.4689655172413794
2.489655172413793
2.5103448275862066
2.5310344827586206
2.5517241379310343
2.5724137931034483
2.593103448275862
2.613793103448276
2.6344827586206896
2.655172413793103
2.6758620689655173
2.696551724137931
2.7172413793103445
2.7379310344827585
2.7586206896551726
2.7793103448275858
2.8
2.820689655172414
2.8413793103448275
2.862068965517241
2.882758620689655
2.9034482758620688
2.9241379310344824
2.9448275862068964
2.9655172413793105
2.9862068965517237
3.0068965517241377
3.027586206896552
3.0482758620689654
3.068965517241379
3.089655172413793
3.1103448275862067
3.1310344827586203
3.1517241379310343
3.1724137931034484
3.1931034482758616
3.2137931034482756
3.2344827586206897
3.2551724137931033
3.275862068965517
3.296551724137931
3.3172413793103446
3.337931034482758
3.3586206896551722
3.3793103448275863
3.4
3.6
4.0
4.7
3.1
3.1
3.4
1.5
2.1
1.7
1.7253731343283583
1.7507462686567163
1.7761194029850746
1.8014925373134327
1.826865671641791
1.8522388059701491
1.8776119402985074
1.9029850746268655
1.9283582089552238
1.953731343283582
1.9791044776119402
2.0044776119402985
2.0298507462686564
2.0552238805970147
2.080597014925373
2.1059701492537313
2.1313432835820896
2.1567164179104474
2.1820895522388057
2.207462686567164
2.2328358208955223
2.25820895522388
2.2835820895522385
2.308955223880597
2.334328358208955
2.3597014925373134
2.3850746268656717
2.4104477611940296
2.435820895522388
2.461194029850746
2.486567164179104
2.5119402985074624
2.5373134328358207
2.562686567164179
2.5880597014925373
2.613432835820895
2.6388059701492534
2.6641791044776117
2.68955223880597
2.714925373134328
2.740298507462686
2.7656716417910445
2.791044776119403
2.816417910447761
2.8417910447761194
2.8671641791044773
2.8925373134328356
2.9179104477611935
2.9432835820895518
2.96865671641791
2.9940298507462684
3.0194029850746267
3.044776119402985
3.0701492537313433
3.095522388059701
3.1208955223880595
3.1462686567164173
3.1716417910447756
3.197014925373134
3.2223880597014922
3.2477611940298505
3.273134328358209
3.2985074626865667
3.323880597014925
3.3492537313432833
3.374626865671641
3.3999999999999995
3.4253731343283578
3.450746268656716
3.4761194029850744
3.5014925373134327
3.5268656716417905
3.552238805970149
3.5776119402985067
3.602985074626865
3.6283582089552233
3.6537313432835816
3.67910447761194
3.7044776119402982
3.7298507462686565
3.755223880597015
3.7805970149253723
3.8059701492537306
3.831343283582089
3.856716417910447
3.8820895522388055
3.907462686567164
3.932835820895522
3.9582089552238804
3.9835820895522387
4.008955223880596
4.034328358208954
4.059701492537313
4.085074626865671
4.110447761194029
4.135820895522388
4.161194029850746
4.186567164179104
4.2119402985074625
4.23731343283582
4.262686567164178
4.288059701492537
4.313432835820895
4.338805970149253
4.3641791044776115
4.38955223880597
4.414925373134328
4.440298507462686
4.465671641791044
4.491044776119402
4.51641791044776
4.541791044776119
4.567164179104477
4.592537313432835
4.617910447761194
4.643283582089552
4.668656716417909
4.694029850746268
4.719402985074626
4.744776119402984
4.770149253731343
4.795522388059701
4.820895522388059
4.8462686567164175
4.871641791044776
4.897014925373133
4.9223880597014915
4.94776119402985
4.973134328358208
4.998507462686566
5.023880597014925
5.049253731343283
5.074626865671641
5.1
4.1
3.5
3.6
1.9
2.4
2.5
2.9
3.0
2.2
2.2053140096618358
2.210628019323672
2.2159420289855074
2.221256038647343
2.226570048309179
2.2318840579710146
2.2371980676328502
2.2425120772946863
2.247826086956522
2.2531400966183575
2.2584541062801935
2.263768115942029
2.2690821256038647
2.2743961352657007
2.2797101449275363
2.2850241545893724
2.290338164251208
2.2956521739130435
2.3009661835748796
2.306280193236715
2.3115942028985508
2.316908212560387
2.3222222222222224
2.327536231884058
2.332850241545894
2.3381642512077296
2.3434782608695652
2.3487922705314013
2.354106280193237
2.3594202898550725
2.3647342995169085
2.370048309178744
2.3753623188405797
2.3806763285024157
2.3859903381642513
2.391304347826087
2.396618357487923
2.4019323671497586
2.407246376811594
2.41256038647343
2.417874396135266
2.4231884057971014
2.4285024154589374
2.433816425120773
2.4391304347826086
2.4444444444444446
2.4497584541062802
2.455072463768116
2.460386473429952
2.4657004830917875
2.471014492753623
2.476328502415459
2.4816425120772947
2.4869565217391303
2.4922705314009663
2.497584541062802
2.502898550724638
2.5082125603864736
2.513526570048309
2.518840579710145
2.524154589371981
2.5294685990338164
2.5347826086956524
2.540096618357488
2.5454106280193236
2.5507246376811596
2.5560386473429952
2.561352657004831
2.566666666666667
2.5719806763285025
2.577294685990338
2.582608695652174
2.5879227053140097
2.5932367149758457
2.5985507246376813
2.603864734299517
2.609178743961353
2.6144927536231886
2.619806763285024
2.62512077294686
2.630434782608696
2.6357487922705314
2.6410628019323674
2.646376811594203
2.6516908212560386
2.6570048309178746
2.6623188405797102
2.667632850241546
2.672946859903382
2.6782608695652175
2.683574879227053
2.688888888888889
2.6942028985507247
2.6995169082125603
2.7048309178743963
2.710144927536232
2.7154589371980675
2.7207729468599036
2.726086956521739
2.7314009661835748
2.736714975845411
2.7420289855072464
2.747342995169082
2.752657004830918
2.7579710144927536
2.763285024154589
2.7685990338164252
2.773913043478261
2.7792270531400964
2.7845410628019325
2.789855072463768
2.7951690821256037
2.8004830917874397
2.8057971014492753
2.811111111111111
2.816425120772947
2.8217391304347825
2.827053140096618
2.832367149758454
2.8376811594202898
2.8429951690821254
2.8483091787439614
2.853623188405797
2.8589371980676326
2.8642512077294686
2.869565217391304
2.8748792270531403
2.880193236714976
2.8855072463768114
2.8908212560386475
2.896135265700483
2.901449275362319
2.9067632850241547
2.9120772946859903
2.9173913043478263
2.922705314009662
2.9280193236714975
2.9333333333333336
2.938647342995169
2.9439613526570048
2.949275362318841
2.9545893719806764
2.959903381642512
2.965217391304348
2.9705314009661836
2.975845410628019
2.9811594202898553
2.986473429951691
2.9917874396135264
2.9971014492753625
3.002415458937198
3.0077294685990337
3.0130434782608697
3.0183574879227053
3.023671497584541
3.028985507246377
3.0342995169082125
3.039613526570048
3.044927536231884
3.0502415458937198
3.0555555555555554
3.0608695652173914
3.066183574879227
3.0714975845410626
3.0768115942028986
3.082125603864734
3.08743961352657
3.092753623188406
3.0980676328502414
3.103381642512077
3.108695652173913
3.1140096618357487
3.1193236714975843
3.1246376811594203
3.129951690821256
3.1352657004830915
3.1405797101449275
3.145893719806763
3.1512077294685987
3.1565217391304348
3.1618357487922704
3.167149758454106
3.172463768115942
3.1777777777777776
3.183091787439613
3.1884057971014492
3.193719806763285
3.1990338164251204
3.2043478260869565
3.2096618357487925
3.2149758454106276
3.2202898550724637
3.2256038647342997
3.230917874396135
3.236231884057971
3.241545893719807
3.246859903381642
3.252173913043478
3.257487922705314
3.2628019323671498
3.2681159420289854
3.2734299516908214
3.278743961352657
3.2840579710144926
3.2893719806763286
3.2946859903381642
3.3
4.2
3.0
3.5
2.8
2.1
1.1
2.6
2.9
2.2
1.2
1.236842105263158
1.2736842105263158
1.3105263157894735
1.3473684210526315
1.3842105263157896
1.4210526315789473
1.4578947368421051
1.4947368421052631
1.5315789473684212
1.568421052631579
1.6052631578947367
1.6421052631578947
1.6789473684210527
1.7157894736842105
1.7526315789473683
1.7894736842105263
1.8263157894736843
1.8631578947368421
1.9
1.936842105263158
1.973684210526316
2.0105263157894737
2.0473684210526315
2.0842105263157897
2.1210526315789475
2.1578947368421053
2.194736842105263
2.231578947368421
2.268421052631579
2.305263157894737
2.3421052631578947
2.378947368421053
2.4157894736842103
2.4526315789473685
2.4894736842105267
2.526315789473684
2.5631578947368423
2.6
3.1
3.0
3.2
3.1
3.0
1.8
1.4
1.9
1.8
1.8246153846153847
1.8492307692307692
1.873846153846154
1.8984615384615384
1.9230769230769231
1.9476923076923076
1.9723076923076923
1.996923076923077
2.0215384615384617
2.046153846153846
2.0707692307692307
2.0953846153846154
2.12
2.144615384615385
2.169230769230769
2.193846153846154
2.2184615384615385
2.243076923076923
2.2676923076923075
2.292307692307692
2.316923076923077
2.3415384615384616
2.3661538461538463
2.390769230769231
2.4153846153846152
2.44
2.4646153846153847
2.489230769230769
2.5138461538461536
2.5384615384615383
2.563076923076923
2.5876923076923077
2.6123076923076924
2.6369230769230767
2.6615384615384614
2.686153846153846
2.710769230769231
2.735384615384615
2.76
2.7846153846153845
2.809230769230769
2.833846153846154
2.8584615384615386
2.883076923076923
2.9076923076923076
2.9323076923076923
2.9569230769230765
2.9815384615384612
3.006153846153846
3.0307692307692307
3.0553846153846154
3.08
3.1046153846153848
3.129230769230769
3.1538461538461537
3.178461538461538
3.2030769230769227
3.2276923076923074
3.252307692307692
3.276923076923077
3.3015384615384615
3.3261538461538462
3.3507692307692305
3.375384615384615
3.4
2.2
4.3
4.1
4.1
2.4
2.9
2.9352941176470586
2.9705882352941178
3.0058823529411764
3.041176470588235
3.076470588235294
3.111764705882353
3.1470588235294117
3.1823529411764704
3.2176470588235295
3.2529411764705882
3.288235294117647
3.3235294117647056
3.3588235294117648
3.3941176470588235
3.4294117647058826
3.4647058823529413
3.5
3.7
4.2
3.7
3.9
2.1
2.6
3.0
2.7
2.8062500000000004
2.9125
3.0187500000000003
3.125
3.23125
3.3375000000000004
3.4437500000000005
3.5500000000000003
3.65625
3.7625
3.8687500000000004
3.9750000000000005
4.081250000000001
4.1875
4.29375
4.4
4.3
3.6
3.2
3.2
3.9
4.0
2.5
3.5
2.1
2.2714285714285714
2.442857142857143
2.6142857142857143
2.7857142857142856
2.9571428571428573
3.1285714285714286
3.3
3.4714285714285715
3.6428571428571432
3.8142857142857145
3.9857142857142858
4.157142857142857
4.328571428571429
4.5
4.8
4.3
3.9
5.0
3.9
3.5
2.8
2.8
2.4
2.0
2.2357142857142858
2.4714285714285715
2.7071428571428573
2.942857142857143
3.178571428571429
3.414285714285714
3.65
3.8857142857142857
4.121428571428572
4.357142857142858
4.592857142857143
4.828571428571428
5.064285714285714
5.3
4.5
4.4
3.7
4.0
3.7
3.7
2.9
2.7
3.2
1.5
1.72
1.94
2.16
2.38
2.6
2.8200000000000003
3.04
3.26
3.48
3.7
3.92
4.140000000000001
4.359999999999999
4.58
4.8
4.4
3.4
3.1
3.1
4.3
3.2
3.8
2.8
1.7
1.9142857142857141
2.1285714285714286
2.3428571428571425
2.557142857142857
2.7714285714285714
2.9857142857142858
3.2
3.414285714285714
3.628571428571428
3.8428571428571425
4.057142857142857
4.271428571428571
4.485714285714286
4.7
4.3
3.8
3.3
3.3
3.6
4.4
3.0
3.4
2.7
1.4
1.5999999999999999
1.7999999999999998
2.0
2.2
2.4
2.6
2.8
3.0
3.2
3.4
3.6
3.8000000000000003
4.0
4.2
4.6
4.2
3.8
3.0
3.2
2.9
2.8
2.4
2.5
1.1
1.292857142857143
1.4857142857142858
1.6785714285714286
1.8714285714285714
2.064285714285714
2.257142857142857
2.45
2.642857142857143
2.8357142857142854
3.0285714285714285
3.221428571428571
3.414285714285714
3.607142857142857
3.8
4.7
3.4
2.1
3.2
2.2
2.7
2.6
2.0
2.4
1.4
1.4333333333333333
1.4666666666666666
1.5
1.5333333333333332
1.5666666666666667
1.5999999999999999
1.6333333333333333
1.6666666666666665
1.7
1.7333333333333332
1.7666666666666666
1.7999999999999998
1.8333333333333333
1.8666666666666667
1.9
2.9
3.2
3.6
2.5
1.7
2.6
1.6
0.7
0.825
0.95
1.075
1.2
1.325
1.45
1.575
1.7
1.825
1.95
2.075
2.2
2.325
2.45
2.575
2.7
1.4
2.8
1.6
2.3
2.3
1.7
1.2
1.7
1.8599999999999999
2.02
2.1799999999999997
2.34
2.5
2.6599999999999997
2.82
2.9799999999999995
3.1399999999999997
3.3
3.46
3.6199999999999997
3.7799999999999994
3.9399999999999995
4.1
4.1
3.3
1.8
2.1
2.1
2.8
2.8
1.6
2.1
2.2333333333333334
2.3666666666666667
2.5
2.6333333333333333
2.7666666666666666
2.9
3.033333333333333
3.1666666666666665
3.3
3.433333333333333
3.5666666666666664
3.6999999999999997
3.833333333333333
3.9666666666666663
4.1
3.7
3.5
3.0
1.8
2.0
2.1
1.5
1.9
2.5
2.486666666666667
2.473333333333333
2.46
2.4466666666666668
2.433333333333333
2.42
2.4066666666666667
2.393333333333333
2.38
2.3666666666666667
2.353333333333333
2.34
2.3266666666666667
2.313333333333333
2.3
1.7
2.6
3.0
3.3
2.6
3.0
3.0
2.2
3.2
3.10625
3.0125
2.91875
2.825
2.73125
2.6375
2.54375
2.45
2.35625
2.2625
2.16875
2.075
1.98125
1.8875
1.79375
1.7
1.3
3.1
3.4
2.1
2.0
3.6
2.6
2.8
2.83125
2.8625
2.89375
2.925
2.95625
2.9875
3.01875
3.05
3.08125
3.1125
3.14375
3.175
3.20625
3.2375
3.26875
3.3
2.9
2.3
1.9
2.7
2.3
2.0
2.5
1.7
1.1
1.2428571428571429
1.3857142857142857
1.5285714285714287
1.6714285714285715
1.8142857142857143
1.9571428571428573
2.1
2.242857142857143
2.3857142857142857
2.5285714285714285
2.6714285714285717
2.814285714285714
2.9571428571428573
3.1
3.4
3.5
3.0
2.6
2.2
3.2
3.0
3.2
2.3
2.2941176470588234
2.288235294117647
2.2823529411764705
2.276470588235294
2.2705882352941176
2.264705882352941
2.2588235294117647
2.2529411764705882
2.2470588235294118
2.2411764705882353
2.235294117647059
2.2294117647058824
2.223529411764706
2.2176470588235295
2.211764705882353
2.2058823529411766
2.2
2.4
1.9
1.1
1.5
1.8
1.3
2.1
2.2066666666666666
2.3133333333333335
2.42
2.526666666666667
2.6333333333333333
2.74
2.8466666666666667
2.9533333333333336
3.06
3.166666666666667
3.2733333333333334
3.38
3.486666666666667
3.5933333333333337
3.7
3.7
3.2
2.6
2.2
1.3
1.8
1.8
1.0
1.7
1.8125
1.925
2.0375
2.15
2.2625
2.375
2.4875
2.6
2.7125
2.825
2.9375
3.05
3.1625
3.275
3.3875
3.5
3.5
3.7
3.0
3.3
2.8
2.9
3.0
3.2
3.2
3.2
3.2
3.2
3.2
3.2
3.2
3.2
3.2
3.2
3.2
3.2
3.2
3.2
3.2
3.2
3.2
2.5
3.1
2.8
0.9
1.5
2.9
1.8
1.94
2.08
2.2199999999999998
2.36
2.5
2.6399999999999997
2.78
2.92
3.0599999999999996
3.2
3.34
3.4799999999999995
3.62
3.76
3.9
3.8
4.3
3.2
3.3
2.0
2.4
3.4
2.7
3.2
3.1733333333333333
3.146666666666667
3.12
3.0933333333333333
3.066666666666667
3.04
3.013333333333333
2.986666666666667
2.96
2.933333333333333
2.9066666666666667
2.88
2.853333333333333
2.8266666666666667
2.8
4.6
4.7
3.9
3.3
3.8
3.1
3.6
3.4
3.0
3.0933333333333333
3.1866666666666665
3.2800000000000002
3.3733333333333335
3.466666666666667
3.56
3.6533333333333333
3.746666666666667
3.8400000000000003
3.9333333333333336
4.026666666666667
4.12
4.213333333333334
4.306666666666667
4.4
4.7
4.3
3.7
2.5
3.2
2.5
3.3
1.9
2.2
2.3933333333333335
2.586666666666667
2.7800000000000002
2.9733333333333336
3.166666666666667
3.36
3.5533333333333332
3.7466666666666666
3.94
4.133333333333333
4.326666666666666
4.52
4.713333333333333
4.906666666666666
5.1
4.6
4.7
2.6
3.7
3.3
3.0
3.7
3.9
2.6
2.6625
2.725
2.7875
2.85
2.9125
2.975
3.0375
3.1
3.1625
3.225
3.2875
3.35
3.4125
3.475
3.5375
3.6
3.6
3.3
2.8
2.5
1.8
3.3
1.8
2.1
2.2066666666666666
2.3133333333333335
2.42
2.526666666666667
2.6333333333333333
2.74
2.8466666666666667
2.9533333333333336
3.06
3.166666666666667
3.2733333333333334
3.38
3.486666666666667
3.5933333333333337
3.7
3.8
3.9
3.3
2.2
2.3
2.1
1.9
2.3
1.9
1.9933333333333332
2.0866666666666664
2.1799999999999997
2.2733333333333334
2.3666666666666667
2.46
2.5533333333333332
2.6466666666666665
2.7399999999999998
2.833333333333333
2.9266666666666667
3.0199999999999996
3.1133333333333333
3.2066666666666666
3.3
2.5
3.0
2.3
1.7
2.8
2.4
1.0
3.7
3.7687500000000003
3.8375000000000004
3.90625
3.975
4.04375
4.1125
4.18125
4.25
4.31875
4.3875
4.45625
4.525
4.59375
4.6625
4.731249999999999
4.8
2.8
3.0
2.7
1.9
1.1
1.5
1.6
0.8
1.7
1.7866666666666666
1.8733333333333333
1.96
2.046666666666667
2.1333333333333333
2.2199999999999998
2.3066666666666666
2.3933333333333335
2.48
2.5666666666666664
2.6533333333333333
2.74
2.8266666666666667
2.913333333333333
3.0
2.8
2.6
2.4
1.7
2.4
1.4
1.4
1.8
2.2
2.2866666666666666
2.3733333333333335
2.46
2.546666666666667
2.6333333333333333
2.72
2.8066666666666666
2.8933333333333335
2.98
3.066666666666667
3.1533333333333333
3.24
3.3266666666666667
3.413333333333333
3.5
3.4
3.1
2.4
1.9
1.5
2.2
1.9
0.9
1.7
1.8466666666666667
1.9933333333333332
2.14
2.2866666666666666
2.4333333333333336
2.58
2.7266666666666666
2.873333333333333
3.02
3.166666666666667
3.3133333333333335
3.46
3.6066666666666665
3.753333333333333
3.9
4.1
3.1
1.4
2.0
2.4
2.0
2.2
1.7
2.1
2.23125
2.3625000000000003
2.4937500000000004
2.625
2.75625
2.8875
3.0187500000000003
3.1500000000000004
3.28125
3.4125
3.54375
3.6750000000000003
3.8062500000000004
3.9375
4.06875
4.2
3.6
3.9
4.1
2.4
3.1
2.0
1.9
2.8
2.913333333333333
3.0266666666666664
3.1399999999999997
3.253333333333333
3.3666666666666663
3.48
3.5933333333333333
3.7066666666666666
3.82
3.933333333333333
4.046666666666667
4.16
4.273333333333333
4.386666666666667
4.5
5.5
4.8
4.2
4.1
2.9
2.9
4.6
3.3
2.6
1.4
1.5928571428571427
1.7857142857142856
1.9785714285714284
2.1714285714285713
2.364285714285714
2.557142857142857
2.75
2.9428571428571426
3.1357142857142852
3.3285714285714283
3.521428571428571
3.714285714285714
3.907142857142857
4.1
5.0
4.4
4.1
3.3
3.3
3.4
3.1
1.8
1.9
2.00625
2.1125
2.21875
2.325
2.43125
2.5375
2.64375
2.75
2.85625
2.9625
3.06875
3.175
3.28125
3.3875
3.4937500000000004
3.6
3.8
2.8
3.1
2.5
1.6
1.5
1.9
2.2
1.4
1.5466666666666666
1.6933333333333334
1.8399999999999999
1.9866666666666666
2.1333333333333333
2.28
2.4266666666666667
2.5733333333333333
2.7199999999999998
2.8666666666666667
3.013333333333333
3.16
3.3066666666666666
3.453333333333333
3.6
2.3
3.6
3.0
2.4
3.3
2.9
2.2
2.5
1.1
1.3133333333333335
1.5266666666666668
1.74
1.9533333333333334
2.166666666666667
2.38
2.5933333333333333
2.8066666666666666
3.02
3.2333333333333334
3.4466666666666668
3.6599999999999997
3.873333333333333
4.086666666666666
4.3
4.1
4.0
3.2
2.8
2.4
2.9
2.5
1.8
1.5
1.7333333333333334
1.9666666666666668
2.2
2.4333333333333336
2.666666666666667
2.9
3.1333333333333333
3.3666666666666667
3.6
3.8333333333333335
4.066666666666666
4.3
4.533333333333333
4.766666666666667
5.0
4.6
4.0
2.5
2.8
2.7
2.2
2.6
2.2
1.8
1.8933333333333333
1.9866666666666668
2.08
2.1733333333333333
2.2666666666666666
2.3600000000000003
2.453333333333333
2.546666666666667
2.64
2.7333333333333334
2.8266666666666667
2.92
3.0133333333333336
3.1066666666666665
3.2
3.4
2.4
2.4
2.1
1.3
2.8
1.3
1.2
0.6
0.7214285714285714
0.8428571428571427
0.9642857142857142
1.0857142857142856
1.207142857142857
1.3285714285714283
1.4499999999999997
1.5714285714285712
1.6928571428571426
1.814285714285714
1.9357142857142855
2.057142857142857
2.1785714285714284
2.3
2.2
2.1
1.1
1.5
1.6
1.8
1.0
1.1
0.9
0.3
0.5333333333333333
0.7666666666666666
1.0
1.2333333333333334
1.4666666666666668
1.7
1.9333333333333333
2.1666666666666665
2.4
2.6333333333333333
2.8666666666666667
3.0999999999999996
3.333333333333333
3.5666666666666664
3.8
2.5
1.5
1.9
1.9
1.3
2.4
1.1
1.8
0.6
0.8866666666666667
1.1733333333333333
1.4600000000000002
1.746666666666667
2.0333333333333337
2.3200000000000003
2.6066666666666674
2.893333333333334
3.1800000000000006
3.4666666666666672
3.7533333333333343
4.040000000000001
4.326666666666667
4.613333333333334
4.9
4.1
4.0
3.7
3.5
2.7
3.2
2.9
2.8
1.3
1.4000000000000001
1.5
1.6
1.7
1.8
1.9
2.0
2.1
2.2
2.3
2.4
2.5
2.5999999999999996
2.7
2.8
3.6
2.8
2.4
2.7
2.6
2.2
2.8
2.9
1.0
1.0171875
1.034375
1.0515625
1.06875
1.0859375
1.103125
1.1203125
1.1375
1.1546875
1.171875
1.1890625
1.20625
1.2234375
1.240625
1.2578125
1.275
1.2921875
1.309375
1.3265625
1.34375
1.3609375
1.378125
1.3953125
1.4125
1.4296875
1.446875
1.4640625
1.4812500000000002
1.4984375
1.515625
1.5328125
1.55
1.5671875000000002
1.584375
1.6015625
1.61875
1.6359375
1.6531250000000002
1.6703125
1.6875
1.7046875
1.721875
1.7390625000000002
1.75625
1.7734375
1.790625
1.8078125
1.8250000000000002
1.8421875
1.859375
1.8765625
1.89375
1.9109375000000002
1.928125
1.9453125
1.9625000000000001
1.9796875
1.9968750000000002
2.0140625
2.03125
2.0484375000000004
2.065625
2.0828125
2.1
1.8
2.3
1.8
1.9
1.6
2.3
2.1
0.3
0.52
0.74
0.9600000000000002
1.1800000000000002
1.4000000000000001
1.6200000000000003
1.8400000000000003
2.06
2.2800000000000002
2.5
2.72
2.9400000000000004
3.16
3.3800000000000003
3.6
3.0
3.7
2.7
3.1
2.9
3.6
3.0
2.5
1.9
2.0785714285714283
2.257142857142857
2.435714285714286
2.6142857142857143
2.7928571428571427
2.9714285714285715
3.1500000000000004
3.3285714285714287
3.507142857142857
3.685714285714286
3.8642857142857148
4.042857142857143
4.2214285714285715
4.4
4.4
3.4
4.1
3.9
3.3
2.9
2.9
3.1
1.7
1.4
1.5714285714285714
1.7428571428571429
1.9142857142857141
2.0857142857142854
2.257142857142857
2.4285714285714284
2.5999999999999996
2.7714285714285714
2.942857142857143
3.1142857142857143
3.2857142857142856
3.457142857142857
3.6285714285714286
3.8
3.2
3.0
2.5
2.6
2.1
3.1
1.6
2.3
1.6
1.647058823529412
1.6941176470588235
1.7411764705882353
1.7882352941176471
1.835294117647059
1.8823529411764706
1.9294117647058824
1.9764705882352942
2.023529411764706
2.070588235294118
2.1176470588235294
2.164705882352941
2.211764705882353
2.2588235294117647
2.3058823529411763
2.3529411764705883
2.4
3.1
3.0
2.0
2.5
2.0
2.6
2.6
1.5
1.5875
1.675
1.7625
1.85
1.9375
2.025
2.1125
2.2
2.2875
2.375
2.4625
2.55
2.6375
2.7249999999999996
2.8125
2.9
2.7
2.3
2.7
2.5
1.4
2.7
1.6
1.0
1.2066666666666666
1.4133333333333333
1.6199999999999999
1.8266666666666667
2.033333333333333
2.2399999999999998
2.4466666666666663
2.6533333333333333
2.8599999999999994
3.0666666666666664
3.273333333333333
3.4799999999999995
3.686666666666666
3.893333333333333
4.1
3.6
3.3
3.2
2.0
2.2
1.8
1.6
2.4
1.0
1.24
1.48
1.7199999999999998
1.96
2.1999999999999997
2.4399999999999995
2.6799999999999997
2.92
3.1599999999999997
3.3999999999999995
3.6399999999999997
3.8799999999999994
4.119999999999999
4.359999999999999
4.6
3.7
3.0
2.3
3.3
1.2
2.0
2.2
1.2
1.3624999999999998
1.525
1.6875
1.8499999999999999
2.0124999999999997
2.175
2.3374999999999995
2.5
2.6624999999999996
2.8249999999999997
2.9875
3.1499999999999995
3.3125
3.4749999999999996
3.6374999999999993
3.8
3.1
2.8
2.4
1.3
1.3
1.7
1.2
1.2
0.3
0.4857142857142857
0.6714285714285715
0.8571428571428572
1.042857142857143
1.2285714285714286
1.4142857142857144
1.6
1.7857142857142858
1.9714285714285715
2.157142857142857
2.3428571428571425
2.5285714285714285
2.7142857142857144
2.9
2.8
2.1
2.5
1.6
1.3
1.9
2.1
2.0
2.4
2.0
1.95
1.9
1.85
1.8
1.75
1.7
1.65
1.6
1.55
1.5
1.45
1.4
1.35
1.2999999999999998
1.25
1.2
1.4
1.9
1.6
1.1
1.1
2.0
1.5
2.4
2.4642857142857144
2.5285714285714285
2.5928571428571425
2.657142857142857
2.7214285714285715
2.7857142857142856
2.8499999999999996
2.914285714285714
2.9785714285714286
3.0428571428571427
3.1071428571428568
3.1714285714285713
3.2357142857142858
3.3
2.5
2.8
3.6
2.5
2.2
3.6
2.3
2.8
3.3
1.9
2.02
2.14
2.26
2.38
2.5
2.62
2.74
2.8600000000000003
2.9800000000000004
3.1
3.22
3.3400000000000003
3.46
3.58
3.7
4.4
4.5
3.4
3.3
2.5
3.3
2.4
1.3
3.3
3.3466666666666667
3.393333333333333
3.44
3.4866666666666664
3.533333333333333
3.58
3.6266666666666665
3.6733333333333333
3.7199999999999998
3.7666666666666666
3.8133333333333335
3.86
3.9066666666666667
3.953333333333333
4.0
3.0
2.7
1.7
2.7
0.9
1.7
0.9
0.6
1.7
1.75
1.8
1.85
1.9
1.95
2.0
2.05
2.1
2.15
2.2
2.25
2.3
2.35
2.4
2.45
2.5
1.5
1.8
0.8
1.3
1.7
2.5
1.8
1.9222222222222223
2.0444444444444443
2.166666666666667
2.2888888888888888
2.4111111111111114
2.533333333333333
2.655555555555556
2.7777777777777777
2.9000000000000004
3.022222222222222
3.144444444444445
3.2666666666666666
3.3888888888888893
3.511111111111111
3.6333333333333337
3.7555555555555555
3.877777777777778
4.0
4.2
1.5
0.9
0.9789473684210527
1.0578947368421052
1.1368421052631579
1.2157894736842105
1.2947368421052632
1.3736842105263158
1.4526315789473685
1.5315789473684212
1.6105263157894738
1.6894736842105265
1.768421052631579
1.8473684210526315
1.926315789473684
2.0052631578947366
2.0842105263157893
2.163157894736842
2.2421052631578946
2.3210526315789473
2.4
2.0
1.7
2.4
2.6
3.3
3.0
2.7
2.6
1.4
2.2
2.2133333333333334
2.226666666666667
2.24
2.2533333333333334
2.2666666666666666
2.2800000000000002
2.2933333333333334
2.3066666666666666
2.32
2.3333333333333335
2.3466666666666667
2.36
2.373333333333333
2.3866666666666667
2.4
3.0
2.4
1.6
1.3
1.1
0.9
2.8
0.9
0.5
0.6230769230769231
0.7461538461538462
0.8692307692307693
0.9923076923076923
1.1153846153846154
1.2384615384615385
1.3615384615384616
1.4846153846153847
1.6076923076923078
1.7307692307692308
1.853846153846154
1.976923076923077
2.1
2.5
3.1
2.5
1.2
1.2
3.3
2.6
3.0
2.9
2.1
0.9
0.9428571428571428
0.9857142857142858
1.0285714285714285
1.0714285714285714
1.1142857142857143
1.157142857142857
1.2
1.2428571428571429
1.2857142857142858
1.3285714285714287
1.3714285714285714
1.4142857142857141
1.4571428571428573
1.5
1.5
1.8
2.7
2.3
2.2
2.3
1.8
2.0
0.9
1.092857142857143
1.2857142857142858
1.4785714285714286
1.6714285714285715
1.8642857142857143
2.0571428571428574
2.25
2.442857142857143
2.6357142857142857
2.8285714285714287
3.0214285714285714
3.2142857142857144
3.407142857142857
3.6
3.5
3.7
2.7
3.1
2.0
1.8
1.1
1.3
2.4
1.0
1.1857142857142857
1.3714285714285714
1.5571428571428572
1.7428571428571429
1.9285714285714286
2.1142857142857143
2.3
2.4857142857142858
2.6714285714285717
2.857142857142857
3.0428571428571427
3.2285714285714286
3.4142857142857146
3.6
2.8
3.6
3.7
3.3
2.5
2.7
2.0
2.6
2.9
1.6
0.7
0.9466666666666667
1.1933333333333334
1.44
1.6866666666666665
1.9333333333333333
2.1799999999999997
2.4266666666666667
2.6733333333333333
2.92
3.166666666666667
3.413333333333333
3.66
3.9066666666666663
4.153333333333333
4.4
4.0
3.5
2.3
2.2
2.3
1.5
1.9
0.8
1.0666666666666667
1.3333333333333335
1.6
1.8666666666666667
2.1333333333333333
2.4000000000000004
2.666666666666667
2.9333333333333336
3.2
3.466666666666667
3.7333333333333334
4.0
4.266666666666667
4.533333333333333
4.8
4.0
3.2
1.9
1.7
1.0
1.6
2.3
1.7
1.8
1.9
2.0
2.1
2.1999999999999997
2.3
2.4
2.5
2.5999999999999996
2.6999999999999997
2.8
2.9
3.0
3.0999999999999996
3.1999999999999997
3.3
2.7
1.8
0.7
1.7
1.7
2.1
1.3
1.3
1.3
1.3
1.3
