y
1.7448275862069
1.96363636363636
1.83521505376344
1.78472222222222
1.84663536776213
2.36051779935275
2.50634920634921
2.90172413793103
3.08680555555555
3.49583333333333
3.18888888888889
3.08035714285714
2.2306864064603
1.78129496402878
1.78118279569893
1.54158553546592
2.06007751937984
2.35371024734982
2.47441176470588
2.71599147121535
3.09495091164095
3.40230040595399
3.23252148997135
2.92201086956522
2.51123139377537
2.02496147919877
1.41788617886179
1.20505617977528
1.32765531062124
2.22404580152672
2.50815602836879
2.71027777777778
3.06304023845007
3.37032348804501
3.31386623164763
2.19440433212996
1.73238636363636
1.86568965517241
1.35795918367347
0.871538461538461
1.38220338983051
1.45075212166869
1.51930085350686
1.58784958534504
1.65639831718322
1.7249470490214
1.79349578085957
1.86204451269775
1.93059324453593
1.9991419763741
2.06769070821228
2.13623944005046
2.20478817188864
2.27333690372681
2.34188563556499
2.41043436740317
2.47898309924134
2.54753183107952
2.6160805629177
2.68462929475588
2.0939330543933
1.7264367816092
0.929087779690189
0.844916540212443
0.816397849462366
0.752859135285913
0.997978436657682
1.54395161290323
2.245
2.61469002695418
3.01932059447983
2.93727034120735
2.31984334203655
1.57840909090909
1.18613569321534
0.843036211699164
0.68494623655914
0.923816155988858
1.20994623655914
1.76728187919463
2.52454672245467
2.52809457579972
2.93865131578947
2.97991718426501
2.17479838709677
2.24537521815009
1.7727027027027
0.940277777777778
0.997039030955585
0.904722222222222
1.05833333333333
1.47258805513017
2.36703821656051
2.3869918699187
2.78208661417323
2.43096234309623
1.74521072796935
1.43179487179487
1.10649926144756
0.942463768115942
0.887951807228916
1.11234567901235
1.45235920852359
3.00731707317073
2.41435257410296
2.80798898071625
2.85321507760532
2.78882907133244
2.33360215053763
1.93462643678161
1.60739247311828
1.64263888888889
1.79086021505376
1.7575
1.73467741935484
2.07908232118758
2.80986111111111
3.07177419354839
2.88347222222222
2.73333333333333
2.36908602150538
2.23333333333333
1.93057851239669
1.67181467181467
1.2065625
1.22375
1.17452830188679
1.94885598923284
2.68472222222222
2.96008064516129
2.72333333333333
2.63561827956989
1.95363881401617
1.44686567164179
1.50067385444744
1.11474269819193
0.833736559139785
1.28513888888889
1.6489247311828
2.12462987886945
2.76022253129346
2.49411764705882
2.55593607305936
2.62150537634409