y
5.1
5.7
4.7
4.0
3.7
2.1
2.2
2.8
1.3
1.8
3.4
3.6
4.6
4.8
3.6
3.5
4.4
4.9
3.9
3.9
4.5
4.3
4.6
4.1
3.7
3.3
2.5
3.6
2.0
1.5
1.9
2.2
1.8
0.8
2.0
2.4
3.7
2.6
3.0
4.2
4.2
3.9
3.7
4.6
4.6
4.8
5.4
4.9
4.7
4.7
4.6
3.5
3.1
3.1
4.4
3.1
2.6
2.6
2.8
3.2
2.7
3.0
2.6
3.6
4.2
3.6
4.9
5.2
5.2
5.5
5.9
4.9
5.0
5.0
4.5
4.9
3.9
2.9
2.6
2.6
3.6
3.6
4.2
3.1
3.7
4.9
5.0
4.7
4.4
3.8
5.5
4.7
4.5
4.1
5.8
4.8
4.5
3.6
4.1
3.4
3.0
2.1
3.2
2.8
2.8
3.5
3.2
4.1
4.5
5.5
3.6
3.7
4.1
4.0
5.7
3.7
5.3
4.9
4.7
4.8
4.2
3.2
3.5
3.0
2.4
2.6
4.2
3.2
2.9
3.0
3.0
3.0
4.8
5.0
4.6
5.1
4.1
4.9
5.0
4.8
4.9
4.6
5.9
4.5
3.4
3.5
3.4
4.7
3.4
3.7
3.3
4.1
3.2
3.0
3.4
4.6
4.2
4.2
4.1
3.9
3.1
2.6
3.6
5.4
5.6
5.2
5.8
5.6
4.5
3.9
3.6
2.6
2.4
2.7
2.0
2.6
2.7
2.9
2.7
2.9
2.2
2.0
3.3
3.3
2.2
2.6
4.4
4.3
5.5
5.8
6.5
4.9
3.3
4.3
4.0
2.0
2.5
2.9
2.5
2.1
1.7
2.2
3.1
4.1
4.2
4.3
5.0
4.1
3.8
4.2
4.9
5.2
4.1
5.3
3.2
3.5
4.0
3.5
2.7
3.4
2.4
1.6
2.5
3.2
3.6
2.4
3.6
2.8
3.8
2.4
3.9
3.9
3.7
4.7
4.3
3.5
2.7
4.8
4.1
3.2
3.6
3.4
3.4
2.6
2.7
2.3
2.8
2.7
2.1
2.7
3.5
2.9
4.2
3.3
3.0
3.4
4.3
5.3
5.3
4.4
4.6
4.1
3.8
3.1
2.8
3.2
2.3
2.4
1.9
1.8
1.7
2.6
1.7
1.3
2.2
1.7
2.7
2.6
3.4
3.1
3.2
5.0
3.1
4.8
4.2
3.7
4.9
3.0
2.1
1.2
2.4
0.7
0.0
0.0
0.1
0.2
1.4
1.3
2.5
3.2
3.5
3.4
3.1
3.8
3.7
3.8
4.9
4.2
3.9
3.6
2.8
2.1
2.3
2.9
2.2
2.5
1.9
1.9
2.2
0.7
2.1
1.0
2.0
2.6
4.3
4.0
5.1
5.5
4.4
4.0
3.6
3.4
2.5
1.7
2.1
2.5
2.2
1.8
2.6
1.7
1.8
2.1
2.9
2.8
2.4
3.2
4.4
2.5
2.9
4.5
4.0
2.9
3.3
3.0
3.6
4.0
4.9
3.6
4.6
4.4
3.0
3.3
4.4
3.3
2.4
1.0
1.6
1.5
1.8
2.1
2.7
2.6
2.7
3.2
3.0
2.8
3.8
3.5
4.0
5.6
5.7
5.2
4.3
4.3
4.7
3.5
3.6
3.4
2.6
1.6
1.0
1.3
1.2
1.0
2.6
2.1
2.6
2.6
2.3
3.0
1.7
3.0
2.3
3.6
5.9
6.1
4.7
5.2
4.8
4.6
3.1
3.3
3.3
1.6
2.7
2.1
2.2
1.2
1.2
3.0
3.3
2.7
3.4
3.2
2.8
2.6
3.0
4.4
5.9
4.1
4.8
6.0
5.7
3.7
3.7
2.9
2.2
2.2
1.9
1.9
1.8
2.1
1.5
1.3
1.3
1.9
2.3
2.9
3.9
3.2
4.3
3.1
3.8
3.3
3.5
3.4
2.0
2.3
1.7
1.1
0.9
1.6
1.6
1.0
1.3
1.9
1.8
2.5
2.0
2.8
2.5
2.9
2.5
3.5
3.8
3.9
3.8
4.1
2.9
3.7
3.4
3.2
3.4
3.1
2.8
2.3
2.1
2.7
1.9
1.0
2.6
1.9
1.8
3.1
3.6
3.9
3.3
4.1
3.7
4.0
5.4
4.5
4.9
4.5
4.0
2.6
3.9
3.0
3.1
3.1
3.2
4.2
2.1
3.0
3.0
4.5
3.4
3.3
4.6
4.9
2.7
2.4
3.6
4.2
4.3
4.3
4.4
4.4
3.7
3.8
3.2
3.2
2.6
2.5
1.9
2.7
1.7
1.7
2.8
2.4
2.6
3.3
3.0
2.2
1.8
2.2
3.1
3.8
5.3
6.0
5.0
3.9
2.7
3.6
4.6
3.6
2.9
2.5
2.5
1.7
2.1
1.4
3.2
2.6
2.8
3.6
3.2
2.1
2.6
2.8
3.4
2.9
5.3
5.8
6.0
4.5
4.3
4.3
4.4
3.8
2.4
2.5
1.8
1.7
2.4
2.6
2.7
1.7
2.5
2.8
2.6
2.8
3.5
3.3
4.9
5.0
6.2
5.9
6.2
5.5
4.9
2.4
2.0
2.2
2.5
2.1
1.8
1.3
2.2
2.9
2.6
2.6
2.7
3.4
3.6
3.9
4.5
4.0
4.0
3.3
2.2
2.6
3.3
2.2
1.8
3.6
4.4
4.2
4.0
0.5
2.2
0.9
2.3
1.8
3.7
3.7
3.4
4.1
2.6
3.4
3.7
4.8
3.5
2.5
2.7
3.0
2.3
2.2
2.5
2.1
1.7
0.9
0.8
1.2
0.9
1.0
1.6
2.2
2.1
1.7
0.7
1.7
2.9
0.8
2.8
3.5
3.4
3.5
2.8
2.8
1.8
1.9
1.5
2.3
2.2
2.6
2.1
2.2
2.2
1.2
1.8
3.3
2.7
2.3
2.7
2.6
3.7
1.9
3.8
3.7
3.0
4.3
4.6
3.0
2.7
2.9
1.9
1.2
3.0
2.7
2.5
3.1
2.1
2.1
2.8
2.6
3.0
3.0
3.2
3.7
3.7
3.4
3.4
4.1
4.0
4.1
4.2
4.5
4.2
4.4
4.3
4.1
3.9
2.7
1.9
1.4
2.6
2.4
2.0
2.5
4.0
3.4
4.2
5.0
4.3
4.1
4.0
3.6
3.7
4.1
5.6
4.9
5.6
4.1
4.6
3.6
3.2
2.5
2.9
2.4
2.9
2.8
2.0
2.4
3.4
4.0
4.4
3.9
3.3
4.2
3.1
3.8
4.5
4.7
5.3
4.1
4.5
2.1
4.3
3.6
3.1
2.9
3.5
3.1
2.7
2.9
2.2
2.5
2.2
3.3
3.5
2.6
3.5
3.0
3.3
3.5
3.5
4.0
4.3
3.8
3.8
3.6
4.5
4.4
2.9
2.8
1.9
1.9
2.6
1.6
0.6
0.9
1.6
3.6
5.5
4.8
4.1
5.3
5.0
6.0
5.4
5.9
5.5
4.2
4.2
3.9
3.2
3.3
2.2
1.5
2.4
2.0
1.7
1.3
1.1
0.5
2.1
2.4
3.1
4.3
4.3
3.0
3.9
5.4
3.4
2.0
2.2
3.0
5.0
3.0
2.0
1.0
1.3
0.0
0.8
0.6
0.4
0.0
0.6
0.5
0.5
0.5
1.5
1.2
0.5
2.5
2.8
3.0
3.2
3.3
2.2
1.3
1.7
2.5
1.7
3.0
3.5
4.0
3.0
3.7
3.5
2.0
1.1
2.4
2.1
2.7
2.8
3.3
3.3
4.0
3.4
3.4
4.1
3.7
4.4
3.8
2.8
1.2
4.4
2.4
2.7
3.6
2.5
2.7
3.6
3.0
2.0
1.9
2.0
3.1
3.3
3.5
3.5
3.1
3.7
3.6
4.0
4.2
3.6
4.0
1.5
1.7
1.6
2.2
3.4
2.7
1.7
1.7
1.8
1.5
1.1
0.6
2.0
2.3
3.4
3.3
3.3
3.7
3.6
2.6
3.4
3.9
5.0
4.8
4.4
3.4
3.7
4.9
3.8
3.8
2.3
2.4
1.5
1.3
3.5
3.0
3.7
4.1
4.5
4.8
4.9
4.4
4.3
5.3
5.3
4.6
4.5
5.7
4.3
3.8
4.2
4.4
3.6
3.6
2.7
2.7
2.1
2.1
1.8
1.8
2.7
3.8
4.1
3.9
3.9
4.2
3.3
4.7
4.9
5.0
4.1
3.5
2.3
2.6
2.7
2.4
1.3
2.3
1.0
1.3
1.6
0.9
2.3
1.7
1.8
2.5
3.1
4.4
3.8
2.8
3.0
4.0
3.8
4.3
3.2
4.4
4.3
4.5
3.3
2.8
2.5
2.4
1.8
1.7
2.1
1.1
2.1
2.3
3.2
3.6
5.1
4.7
4.7
4.8
4.7
3.6
4.8
4.4
5.3
5.4
4.3
3.9
4.1
3.8
3.0
2.3
2.4
2.3
1.6
0.8
0.9
1.0
2.2
2.4
3.2
3.9
3.4
3.2
3.5
3.7
3.9
4.4
5.0
5.3
4.3
3.8
3.7
3.6
2.5
1.2
1.6
1.5
2.2
1.4
1.5
1.0
3.4
4.2
3.7
3.6
4.2
4.3
4.3
4.0
4.6
4.0
4.4
3.7
3.9
4.1
4.0
3.2
3.1
2.3
2.4
2.3
2.2
2.0
2.1
1.6
2.3
3.4
3.9
4.4
4.8
5.2
5.0
5.1
4.3
4.6
5.0
4.1
3.7
3.2
3.7
3.5
2.6
2.1
1.6
1.4
1.5
1.9
1.8
1.3
1.8
3.3
5.3
5.5
5.5
5.4
4.2
5.4
5.9
6.4
6.8
5.0
5.8
4.6
3.5
2.9
2.2
2.1
2.2
1.7
0.9
1.1
1.9
1.7
3.6
4.0
4.3
3.7
4.2
3.6
3.4
3.2
2.7
4.9
4.3
4.7
3.7
3.4
3.5
2.7
2.2
2.3
1.8
1.3
1.2
0.5
1.0
0.7
2.3
2.3
3.3
2.8
3.9
3.8
3.9
2.7
4.2
4.0
4.3
3.9
4.4
5.1
4.4
2.9
2.4
3.5
2.3
2.0
1.5
1.4
1.7
1.5
3.0
2.7
3.2
3.7
4.4
4.3
3.6
4.4
4.1
4.7
4.2
5.0
4.8
4.2
3.2
2.8
3.5
3.0
1.4
1.7
1.6
2.2
2.2
2.3
3.2
4.2
4.8
4.8
3.7
4.5
4.5
4.4
5.0
5.2
5.1
4.3
5.4
4.7
4.5
3.5
2.5
3.7
4.0
3.2
2.6
3.2
3.5
2.4
3.8
5.2
5.5
4.3
4.7
4.7
3.1
4.5
3.9
3.4
3.9
3.7
3.1
3.9
3.3
2.6
2.1
2.0
1.8
1.6
2.0
2.3
1.5
1.3
1.8
4.3
3.1
3.3
3.1
3.6
3.6
4.4
4.9
5.4
5.9
5.6
4.3
5.0
4.7
2.3
2.5
1.7
1.8
1.8
3.1
1.4
3.1
2.6
2.1
3.8
3.4
3.6
3.7
3.4
4.3
5.2
4.7
5.4
4.7
4.3
5.1
4.8
4.8
4.9
3.9
2.3
2.6
1.6
2.2
1.9
2.0
2.4
3.3
2.9
4.5
4.2
4.4
3.5
3.2
4.3
4.2
4.1
5.3
5.5
4.8
4.7
3.9
3.7
2.8
2.5
2.0
1.9
1.7
1.6
2.7
1.4
2.1
4.4
4.2
4.1
3.8
3.5
4.2
4.6
4.9
5.5
4.9
5.8
5.3
4.2
4.3
3.3
4.0
3.6
2.4
1.3
2.0
1.1
1.1
1.6
2.4
2.2
3.8
2.6
3.3
3.7
3.9
2.7
4.5
4.9
5.7
4.2
3.9
4.0
4.7
2.9
2.2
2.7
2.2
2.1
2.3
2.3
2.1
2.7
2.3
3.2
3.4
4.2
4.0
3.5
3.3
4.2
4.2
4.9
5.3
4.1
3.8
4.6
3.5
2.8
2.0
1.5
1.4
2.1
3.6
2.6
1.8
2.1
2.6
3.5
4.1
4.1
3.0
5.1
4.9
4.1
4.9
4.0
4.6
3.9
4.7
4.4
3.6
3.3
2.1
2.7
2.2
1.5
1.7
1.9
1.9
2.7
2.7
3.5
3.6
3.1
3.1
4.8
3.6
2.7
5.1
5.3
5.9
5.5
3.7
3.4
3.5
2.2
2.4
1.3
2.5
1.5
2.2
2.7
1.9
2.3
1.7
2.4
3.0
3.4
3.9
3.4
5.1
3.8
5.7
4.8
3.4
4.0
3.9
2.8
2.7
3.0
3.1
2.8
1.9
2.3
2.0
2.3
1.9
2.8
2.4
3.1
3.6
3.9
3.9
4.3
4.6
6.0
5.2
4.7
5.1
4.6
4.2
3.8
2.8
3.0
2.4
1.5
1.9
1.4
2.0
2.2
2.2
1.7
2.4
3.6
3.6
3.6
3.6
3.6
3.1
4.7
5.0
4.7
5.4
5.0
4.4
3.5
3.2
2.4
2.2
2.1
2.6
1.5
1.2
1.2
1.2
1.1
2.3
4.3
3.7
4.6
4.1
5.0
4.5
4.6
5.6
4.4
4.8
4.5
3.8
3.9
3.6
2.9
2.5
2.2
3.6
2.8
2.5
3.0
2.0
1.8
3.2
3.8
3.7
4.8
3.5
4.2
3.9
5.0
5.2
4.7
5.8
4.7
4.5
2.7
2.7
2.7
1.7
2.4
3.1
2.8
2.6
2.1
2.1
1.8
2.4
1.9
2.8
2.2
2.7
2.8
3.3
4.4
4.6
3.9
5.4
4.6
3.2
3.1
4.0
3.2
3.3
2.7
2.9
2.5
2.1
2.2
2.3
2.2
1.6
2.1
2.3
1.8
3.3
2.7
3.1
4.5
1.8
4.1
4.7
3.7
3.5
3.3
2.8
2.1
2.0
1.8
2.2
0.9
1.6
1.5
2.2
1.7
1.3
3.4
2.7
3.0
3.0
3.9
3.8
2.0
2.4
3.1
1.8
3.1
1.9
1.8
3.0
2.1
2.1
1.3
1.1
1.1
0.6
0.3
0.7
1.3
2.5
3.4
3.7
4.2
3.7
2.9
3.5
3.6
4.5
3.8
4.6
4.3
4.7
3.6
2.5
2.8
2.8
2.1
2.7
2.9
1.4
1.5
1.6
1.0
2.2
3.5
3.1
2.8
3.2
4.0
4.1
4.5
3.8
5.4
4.6
4.8
4.2
3.7
2.4
2.5
1.7
1.4
1.3
4.1
3.6
3.0
2.2
1.9
2.1
3.6
3.0
4.2
3.7
4.0
4.4
3.4
3.9
3.5
4.2
4.1
4.7
4.0
3.1
1.9
1.9
1.3
2.1
1.9
1.4
1.4
0.3
0.8
1.3
1.6
1.8
2.9
2.7
3.5
2.4
3.5
3.1
4.5
4.4
4.1
4.2
3.4
3.6
2.7
3.1
2.8
2.0
0.8
1.2
1.0
0.9
0.3
1.3
2.3
2.7
2.3
2.3
2.8
4.0
4.5
4.9
4.7
5.0
4.4
3.9
4.2
3.9
3.1
2.9
3.9
3.1
3.2
2.4
1.5
0.8
1.9
3.5
3.0
3.9
2.8
4.3
5.5
4.0
4.5
4.8
3.9
4.3
4.4
3.4
3.8
4.7
4.2
3.5
4.8
3.3
2.4
3.3
2.6
2.3
2.6
1.9
3.7
2.6
3.3
3.6
2.4
2.6
2.6
2.9
1.5
2.3
3.7
2.5
2.2
2.3
2.5
1.5
2.3
1.6
2.8
2.6
0.1
0.0
1.0
1.0
2.3
2.1
3.6
3.6
3.7
3.3
4.5
6.0
6.0
5.4
4.9
3.9
4.4
4.1
5.1
2.7
1.4
1.4
2.4
1.0
0.0
0.3
0.1
0.2
1.6
3.4
3.4
2.8
3.3
3.6
4.0
5.0
3.9
3.8
3.0
3.4
3.5
3.2
3.3
2.3
2.1
2.7
3.2
2.6
2.8
2.8
2.5
2.6
4.0
2.7
3.8
3.6
3.1
2.8
4.4
4.3
5.3
4.3
3.6
4.4
3.8
4.4
2.5
3.6
3.8
3.2
2.5
1.6
1.1
2.2
2.2
3.3
3.6
3.2
2.7
2.7
3.2
3.1
2.6
3.9
3.6
3.2
4.4
3.9
4.0
2.8
3.4
3.1
2.8
2.2
1.8
1.4
1.3
2.4
3.4
3.2
5.0
4.3
4.1
4.1
3.8
3.6
3.6
3.7
4.5
3.6
3.8
3.8
3.9
3.7
4.1
3.0
2.8
1.9
3.0
3.0
2.5
3.2
2.7
2.7
3.6
3.7
4.5
4.5
3.5
4.0
3.9
3.9
4.2
4.4
4.3
4.8
4.6
4.8
3.2
2.6
3.1
3.1
2.9
1.9
2.1
0.9
2.5
2.3
2.5
3.7
2.8
3.3
3.2
3.0
3.7
3.3
3.9
4.4
3.6
4.7
5.1
5.1
5.3
4.1
3.4
2.5
2.7
2.3
1.5
1.4
0.9
1.9
3.4
4.2
3.9
4.1
3.7
3.3
3.6
3.2
3.1
3.9
3.2
4.5
3.6
3.5
3.0
2.5
2.7
2.4
2.3
1.7
2.6
2.0
1.5
1.8
2.3
2.6
3.6
2.6
3.2
4.3
5.2
4.1
3.6
3.8
4.0
4.4
4.2
3.7
2.6
2.4
2.9
2.4
2.1
1.1
0.5
1.2
2.4
1.9
2.5
2.5
3.6
3.8
4.2
3.3
3.0
3.4
4.4
4.3
4.7
4.3
3.9
4.5
4.3
3.5
3.0
1.8
1.6
0.9
1.0
1.6
1.4
3.1
3.1
3.6
3.8
2.7
3.1
3.6
4.7
3.9
4.7
2.8
3.3
3.9
3.5
4.8
3.4
3.0
1.2
0.1
0.4
0.4
1.2
1.2
2.1
1.8
2.2
3.4
3.3
3.7
5.3
4.9
3.4
5.1
6.3
5.0
5.1
4.8
3.2
3.8
3.2
3.3
3.5
3.9
4.1
3.7
5.1
2.8
3.0
4.0
4.3
4.8
4.0
4.2
4.5
4.1
5.2
3.9
5.1
4.1
4.1
4.0
3.4
3.2
3.3
3.3
2.9
1.9
1.2
1.5
1.3
1.6
2.5
2.4
3.2
3.5
2.4
4.7
3.2
3.9
3.7
3.2
4.5
4.8
4.9
5.2
4.6
3.7
3.8
3.0
2.9
4.3
3.0
2.0
2.0
1.4
1.6
2.3
3.5
3.0
3.1
3.2
4.4
3.5
3.7
3.9
6.9
4.8
4.0
2.9
3.6
3.8
2.4
2.8
3.5
2.7
1.5
2.0
1.5
1.5
1.7
2.1
3.7
3.1
3.7
3.0
3.9
2.9
4.2
4.2
3.2
2.3
3.3
3.6
3.4
2.4
1.4
2.6
1.7
1.0
0.7
1.7
2.1
0.8
0.6
1.9
2.1
2.9
2.3
3.0
3.2
2.7
4.1
4.2
4.6
4.1
3.4
4.1
4.3
5.1
2.6
1.2
1.9
0.8
1.8
0.9
1.1
1.3
1.7
2.0
2.4
3.7
3.5
3.6
3.2
3.8
3.5
2.9
3.9
4.2
5.0
5.1
4.7
2.8
2.5
3.0
3.1
2.3
2.0
2.7
2.3
2.0
2.1
2.8
2.5
3.1
4.2
4.0
3.9
4.5
4.1
4.2
4.9
4.7
5.3
4.2
4.2
2.6
2.9
3.8
3.3
2.3
3.3
1.8
1.5
0.9
1.1
1.4
2.9
2.9
4.2
3.6
3.5
4.3
4.2
4.3
4.2
4.5
4.2
4.0
5.6
2.8
2.6
2.4
2.0
0.8
1.4
1.8
1.5
0.9
1.4
1.9
2.3
3.1
2.6
3.0
5.2
3.8
4.2
3.7
4.3
4.1
4.2
3.7
2.8
2.3
1.8
1.9
2.6
2.5
2.2
1.5
1.7
1.3
0.8
1.8
2.7
2.8
3.3
2.9
4.1
2.6
2.2
3.9
3.1
3.7
2.9
2.4
3.1
2.7
2.7
2.4
3.6
2.4
2.1
1.6
0.7
1.2
0.5
2.3
3.3
2.7
4.0
2.9
3.6
2.8
3.8
3.6
4.6
4.8
5.7
3.6
3.5
3.9
3.4
3.1
2.4
2.2
1.9
2.7
2.3
2.0
2.0
2.3
3.2
3.3
3.9
4.4
3.6
2.9
3.7
3.6
4.2
3.7
5.5
4.9
4.5
3.8
3.8
4.0
4.3
2.6
1.9
1.5
1.3
1.1
0.2
1.9
2.7
2.3
2.6
1.9
1.7
1.8
5.3
5.1
5.1
4.3
3.0
4.0
3.0
2.7
2.6
3.1
1.9
1.1
2.1
1.8
1.5
1.2
1.4
1.0
2.1
2.1
2.5
2.3
2.9
2.6
2.8
3.6
3.9
4.0
4.0
4.4
3.1
2.7
1.5
2.3
1.2
1.7
1.6
1.6
1.1
1.8
0.9
1.0
2.0
1.5
1.5
1.9
1.7
0.7
2.4
2.8
3.7
3.9
3.8
4.1
3.8
4.0
2.4
2.4
2.2
2.1
2.1
0.7
2.0
2.6
1.5
3.0
3.1
3.1
2.9
2.2
3.0
3.2
2.8
4.3
4.1
4.1
4.6
4.7
4.8
4.1
2.7
2.8
2.2
2.2
2.6
2.0
1.2
0.8
0.0
0.9
1.3
2.0
2.2
2.3
2.7
3.4
3.2
5.0
5.0
4.2
6.0
4.0
4.9
3.8
3.9
3.0
2.6
2.8
2.3
2.2
1.6
2.9
2.5
3.0
2.4
2.9
3.0
3.7
3.9
3.7
3.6
3.9
3.5
3.7
3.9
3.8
2.9
4.8
4.6
4.3
3.9
3.3
2.7
3.3
3.6
3.5
3.2
3.5
4.2
3.6
4.1
3.6
3.7
3.9
4.2
4.4
4.5
4.4
5.1
3.6
3.7
3.0
3.8
3.7
3.6
3.2
2.6
1.7
2.2
1.3
1.5
2.7
4.0
4.3
3.2
2.8
2.9
3.2
3.1
3.7
4.3
4.4
5.8
3.8
3.7
2.8
2.7
2.4
1.8
1.9
1.7
1.4
2.6
2.8
2.5
3.7
3.9
3.1
4.1
5.3
5.3
4.5
5.1
5.2
4.3
4.3
5.0
2.9
2.5
2.4
2.1
2.0
1.2
0.4
1.7
0.1
0.9
0.5
0.4
2.0
1.6
2.9
2.5
3.0
3.6
3.2
2.8
4.2
4.1
4.7
5.0
4.3
4.4
4.7
4.4
3.9
3.9
4.0
3.1
3.2
2.5
1.6
2.4
2.5
3.2
3.0
3.9
3.7
3.4
5.2
5.6
4.4
4.7
3.4
2.3
3.3
2.7
3.4
3.5
2.6
2.0
2.0
1.7
1.0
1.0
1.7
1.5
1.9
2.7
2.1
3.4
3.1
3.5
2.9
1.5
3.6
5.6
3.3
4.1
4.3
3.5
2.9
3.2
2.7
1.5
2.4
2.0
2.7
1.7
1.6
1.3
1.6
3.0
2.2
2.5
4.4
2.6
3.1
4.4
4.3
4.3
5.3
4.4
4.9
3.6
3.2
3.7
2.7
0.7
0.9
0.5
0.8
1.0
0.1
1.0
1.9
3.4
3.1
2.9
3.7
3.1
2.5
2.4
3.0
3.3
4.9
4.2
4.7
3.8
3.0
3.7
3.3
2.3
1.7
0.3
1.1
0.9
0.9
1.7
1.5
1.6
3.4
2.3
1.7
1.6
2.1
3.5
3.8
3.2
2.0
3.1
2.9
2.5
3.0
3.1
2.6
1.6
0.5
1.0
2.3
1.6
0.7
0.1
1.1
3.4
3.2
3.7
4.6
4.0
3.6
3.8
3.6
4.9
4.3
3.6
3.7
3.6
3.5
3.6
3.1
2.3
2.9
1.8
2.9
1.2
0.9
1.5
2.7
2.5
3.1
3.1
3.3
4.6
3.9
5.0
4.9
4.9
4.6
4.2
5.0
3.9
4.1
3.4
3.6
2.7
2.6
3.3
2.9
1.5
2.1
2.0
2.1
2.6
4.2
3.3
4.3
4.0
3.9
3.9
4.5
4.9
3.8
3.6
3.5
3.7
3.0
3.2
3.1
3.7
4.1
2.3
1.7
1.4
1.0
1.9
2.8
2.9
3.8
3.7
3.1
2.0
3.3
1.8
3.0
4.3
4.5
4.9
4.3
5.0
4.6
4.3
4.4
3.9
3.7
3.0
3.3
2.4
1.9
2.8
2.1
2.2
2.1
2.5
2.5
3.0
2.4
2.6
4.0
3.7
4.3
4.8
3.7
3.3
2.8
2.7
2.3
1.2
1.1
2.4
2.1
1.8
0.7
1.2
2.0
3.3
2.5
2.6
2.1
2.3
1.8
1.9
2.5
3.0
3.0
3.8
4.3
5.4
5.1
4.9
4.5
3.9
3.2
1.3
1.0
1.9
2.1
2.0
3.1
2.5
2.6
3.7
3.7
4.3
3.4
2.3
1.6
2.5
2.9
3.9
5.2
4.9
3.8
3.3
2.8
3.2
3.6
2.3
1.9
2.0
0.9
1.0
2.2
3.6
2.7
2.5
3.5
2.6
2.5
3.7
3.6
3.7
4.6
4.8
4.0
3.3
3.0
2.7
2.6
1.7
2.0
1.3
1.4
1.5
1.2
2.3
2.0
4.4
3.9
4.8
3.7
3.9
3.7
4.4
4.5
4.8
5.3
3.8
3.5
3.6
4.0
3.7
2.6
3.2
2.8
3.9
2.5
3.3
3.3
2.4
3.8
3.8
3.6
5.3
4.4
4.4
3.6
4.3
4.3
4.0
3.7
3.2
3.8
5.0
2.7
3.3
1.5
2.7
2.5
3.3
1.5
1.3
1.0
0.4
2.0
2.2
2.6
3.0
3.5
2.7
3.1
3.3
3.4
3.9
4.5
4.9
4.3
3.7
3.8
3.1
3.0
2.6
2.5
1.9
1.8
1.8
1.5
1.3
1.5
2.2
2.8
2.4
2.2
2.8
2.6
3.8
4.9
5.2
5.4
5.5
4.7
5.0
3.8
3.6
4.4
3.8
3.3
3.7
3.1
2.7
2.0
2.1
3.2
3.1
3.5
3.8
3.2
4.2
2.8
3.4
3.5
3.8
4.9
5.3
5.0
5.2
4.5
2.5
1.7
1.1
1.4
1.5
1.1
1.0
0.0
0.4
2.3
3.5
2.8
2.9
4.3
3.3
3.4
3.8
5.2
4.1
3.3
6.2
4.8
3.6
3.4
2.8
3.0
2.8
2.8
2.3
2.5
3.1
2.4
3.0
3.4
4.5
4.2
4.4
4.2
3.5
5.9
3.6
3.8
3.5
2.7
3.4
4.7
4.1
3.4
3.1
2.1
2.3
1.8
1.5
2.1
1.7
2.3
1.0
2.3
4.5
4.0
4.1
4.0
4.1
4.5
3.9
4.0
5.0
4.3
4.5
4.0
4.0
3.9
3.3
3.2
2.7
2.3
1.1
1.3
0.0
1.0
0.7
1.3
2.3
2.9
2.2
3.5
3.6
3.5
2.3
3.0
4.2
4.2
4.4
5.4
3.8
3.7
3.0
3.3
4.1
2.4
1.9
2.5
2.2
1.8
0.6
1.8
3.4
4.0
4.2
3.1
4.3
3.5
3.6
3.7
5.3
5.3
4.3
3.5
4.3
3.5
1.9
2.0
2.1
2.5
1.2
2.2
1.9
1.7
1.9
1.9
3.0
3.9
4.9
5.2
4.9
4.5
3.9
4.6
4.5
3.7
4.5
3.6
2.8
2.6
2.5
1.9
1.8
2.0
1.6
1.6
0.4
1.0
0.8
2.1
4.1
2.8
4.0
3.5
3.2
4.7
3.3
3.8
4.1
3.2
2.7
2.9
2.4
3.5
2.4
3.2
2.4
2.8
2.8
1.7
2.7
1.1
0.8
1.0
2.5
3.2
3.2
3.1
2.6
2.6
2.5
2.4
2.2
2.0
2.0
1.5
0.7
1.1
1.6
1.7
1.1
1.5
1.8
0.8
1.5
1.2
1.2
1.0
2.2
1.4
2.0
2.6
2.8
2.8
2.3
3.3
2.4
1.8
1.9
2.5
0.2
0.5
0.3
1.0
0.4
0.2
0.7
0.5
1.2
0.9
0.3
1.3
3.0
3.3
2.4
2.5
4.8
3.7
4.2
4.9
5.1
3.6
4.6
3.2
3.3
2.1
1.8
2.0
1.8
1.2
2.1
2.7
1.7
2.8
2.5
3.1
4.3
4.0
3.0
3.3
3.7
3.2
2.9
2.5
4.8
3.7
3.5
2.5
2.0
1.5
0.8
0.4
1.8
1.8
1.0
1.3
0.6
1.0
1.7
2.2
3.4
3.1
3.8
4.2
3.3
4.6
5.0
4.2
3.3
2.4
3.0
2.8
2.8
1.7
2.0
1.5
0.4
0.6
0.5
0.4
0.1
2.4
1.3
1.4
0.8
2.7
2.4
3.5
3.1
3.1
2.9
2.0
1.5
1.8
2.3
1.6
2.4
1.9
2.1
0.4
2.0
1.9
1.1
1.2
1.9
0.2
0.4
1.6
1.5
1.5
2.3
1.9
2.8
2.2
1.7
2.4
3.7
0.9
0.4
2.3
2.3
2.6
2.8
1.2
1.0
0.4
0.1
0.0
0.1
1.9
0.8
1.6
2.4
2.9
2.6
2.6
2.3
1.6
3.3
2.1
3.1
2.7
3.5
3.2
3.5
3.2
2.2
2.3
1.1
0.2
1.4
0.7
0.2
0.2
1.3
2.3
1.9
2.6
2.8
2.5
1.8
2.7
1.2
2.1
3.6
3.3
1.6
0.8
1.3
1.5
1.8
1.3
0.2
0.8
1.4
1.3
0.4
0.3
0.0
1.1
2.5
1.9
1.2
1.7
2.5
1.8
1.7
2.7
2.7
2.9
2.9
4.1
3.0
2.8
2.1
1.6
0.5
1.9
1.3
3.5
2.5
1.2
2.1
2.5
2.0
3.2
4.2
2.8
2.3
3.2
3.8
3.7
3.8
3.7
2.6
2.2
2.9
2.5
2.9
1.7
1.2
1.4
1.4
0.7
0.8
0.9
1.1
1.8
2.1
2.9
4.5
4.1
4.4
3.8
3.2
3.9
3.9
1.9
2.7
3.6
3.1
2.2
2.5
1.9
1.1
1.3
0.7
0.8
1.0
1.8
1.5
2.9
3.6
3.4
3.0
4.4
3.6
3.4
3.6
4.0
4.1
4.5
3.5
3.0
3.4
3.0
1.7
1.1
2.0
1.3
1.6
0.9
1.4
0.6
0.7
1.7
3.8
3.8
3.5
4.0
4.1
4.4
5.1
4.7
4.9
3.0
2.3
3.7
2.4
2.8
1.9
1.4
1.6
1.5
2.0
2.5
2.8
2.6
1.2
2.8
3.8
5.2
3.9
4.3
3.7
3.8
3.7
3.9
4.1
4.6
3.5
3.7
3.3
2.5
1.8
1.0
1.4
0.5
0.0
0.0
0.0
0.5
0.9
1.3
1.9
3.4
3.2
4.0
3.6
4.6
4.8
3.3
3.9
4.5
3.6
3.0
2.0
3.2
3.1
3.0
2.4
2.1
0.9
1.3
0.4
1.2
1.8
3.1
3.8
4.0
2.6
3.3
3.1
3.6
3.8
3.2
3.6
3.8
4.0
5.1
4.5
3.0
2.9
1.9
1.5
1.5
1.6
1.9
1.4
1.4
1.0
1.8
1.5
2.3
2.0
3.2
4.1
2.4
3.7
4.8
3.9
3.2
4.4
3.0
3.7
2.3
1.3
2.4
2.3
1.2
1.7
0.7
0.6
0.6
0.7
2.3
2.5
3.5
3.7
3.3
4.5
4.7
5.1
5.3
3.8
5.1
4.2
4.1
2.9
2.9
2.3
1.8
2.2
2.2
2.5
2.8
1.9
1.1
2.3
1.6
2.7
3.2
4.4
1.7
2.7
3.8
2.5
3.6
3.4
3.8
3.9
3.3
2.7
2.8
3.1
2.0
1.9
2.1
2.4
1.4
3.3
1.5
0.9
2.3
2.9
3.0
4.2
2.3
3.7
3.3
3.3
1.1
1.5
1.2
1.8
1.2
1.5
2.4
2.1
2.0
0.8
1.2
0.6
1.4
1.0
0.0
0.6
1.7
2.7
2.9
3.3
2.2
3.2
3.1
2.1
2.6
4.9
2.6
2.4
4.0
3.7
2.6
2.1
2.2
2.0
0.7
1.4
1.0
1.0
1.0
1.1
1.6
2.5
3.4
3.8
3.8
3.3
3.0
3.2
4.2
3.1
2.1
3.1
3.6
2.9
3.2
2.6
2.1
1.6
1.9
1.9
1.6
0.8
0.5
1.8
1.8
2.2
2.8
2.7
3.6
2.8
3.1
3.2
2.8
2.7
2.9
3.5
3.3
2.7
2.8
2.5
1.9
1.7
1.1
1.0
1.2
1.2
1.1
1.7
2.0
2.1
3.7
4.4
3.3
4.1
3.0
3.6
3.4
3.1
3.0
3.8
2.7
4.5
3.3
2.4
2.4
2.0
1.6
1.4
1.1
0.8
0.6
0.6
1.1
0.4
1.3
1.7
2.2
1.8
2.9
4.0
3.8
2.4
4.0
2.3
2.4
2.4
1.2
1.3
0.0
0.0
0.0
0.0
1.6
1.5
0.3
0.1
1.6
2.3
3.1
3.0
2.8
3.7
2.7
3.2
3.2
2.4
2.3
2.4
1.8
2.2
2.3
2.2
2.3
2.4
1.3
2.0
1.7
1.0
1.8
0.7
2.3
3.3
1.3
3.2
2.7
3.4
3.2
2.7
2.9
3.7
3.5
3.5
2.9
2.5
2.7
2.4
2.1
1.4
1.5
1.8
1.7
1.4
0.5
0.2
1.7
1.9
3.3
3.3
2.6
4.1
3.1
3.8
3.5
4.3
3.1
2.4
2.5
3.8
2.7
2.9
2.3
2.3
1.9
2.0
0.7
2.7
1.4
1.0
2.5
2.3
3.2
3.5
3.9
3.9
3.6
4.3
3.7
3.4
3.1
2.6
2.7
2.8
3.8
1.9
2.1
1.2
0.9
1.6
1.9
1.9
1.3
1.9
2.1
3.5
2.6
3.6
4.0
2.8
4.0
4.1
4.1
3.0
2.2
1.7
2.3
2.3
1.7
1.3
1.3
1.6
2.0
1.1
1.3
1.6
2.2
1.9
2.0
2.9
3.3
3.4
3.5
3.1
3.6
3.5
3.0
3.3
3.2
2.5
2.6
2.5
2.9
3.5
3.2
3.0
2.7
2.9
2.6
2.7
2.0
1.9
3.5
3.4
3.4
3.7
3.4
3.6
2.9
3.1
3.2
3.1
3.8
3.0
3.3
2.9
1.8
1.8
1.1
1.1
0.5
0.4
0.0
2.0
1.1
0.9
2.3
3.9
3.4
2.3
4.9
3.3
3.8
2.2
2.4
2.7
2.5
2.3
2.2
1.8
1.6
2.1
1.4
1.4
2.7
2.1
2.2
2.0
1.9
1.6
2.3
2.6
3.7
2.5
4.1
4.4
4.3
3.1
2.9
3.9
2.4
2.1
2.2
1.8
2.3
2.5
2.3
1.7
1.8
1.2
1.2
0.9
2.1
3.8
2.6
3.4
2.7
3.6
3.0
4.2
3.8
4.1
2.6
3.2
2.4
1.8
1.3
3.4
1.7
1.7
1.8
2.5
2.5
3.6
2.6
2.8
1.3
2.7
2.6
3.0
4.6
3.1
5.0
3.4
4.5
4.1
3.1
3.7
2.9
3.0
3.2
2.3
2.1
2.2
1.9
0.9
0.3
0.7
1.1
0.7
1.0
0.9
2.4
3.0
2.4
2.4
2.9
2.9
3.1
2.0
3.0
2.6
2.1
1.7
1.1
1.7
0.9
2.7
2.4
0.7
0.7
0.0
0.2
1.4
0.9
0.3
2.7
1.2
1.8
3.3
3.7
3.3
3.1
1.3
1.9
3.4
2.0
1.2
1.4
1.5
2.0
1.5
0.6
0.9
0.2
1.1
0.9
0.0
0.0
1.0
1.8
2.1
2.1
2.5
3.5
3.2
2.3
3.9
2.4
1.9
0.5
0.4
2.0
1.8
2.0
2.5
2.0
1.1
1.3
0.6
1.1
1.2
0.8
0.9
3.1
2.9
2.7
3.1
2.6
2.4
3.1
1.5
2.4
2.8
2.0
2.6
2.2
3.4
2.3
1.3
1.1
0.2
0.8
1.3
1.2
1.3
2.1
1.5
1.7
1.9
3.3
3.5
4.3
4.7
4.4
3.8
4.8
4.1
3.2
2.9
3.5
2.4
2.5
2.6
2.4
2.3
1.6
2.0
1.7
2.3
1.4
3.1
1.9
2.7
3.5
3.6
4.3
3.4
3.7
4.1
4.5
3.7
2.7
2.9
3.5
3.4
3.1
2.6
2.5
1.5
1.4
0.3
0.0
0.0
0.1
0.1
0.4
0.6
1.1
2.7
2.5
2.4
2.3
2.1
2.7
2.7
3.2
3.1
3.1
1.8
1.5
0.8
1.8
1.7
2.1
1.5
0.1
0.1
0.0
0.0
1.6
3.2
1.6
2.1
2.0
3.3
4.9
1.8
2.4
3.3
3.1
1.4
2.1
1.1
1.6
1.4
1.7
0.9
0.6
0.1
0.7
0.9
0.5
0.8
1.8
2.0
2.1
1.5
2.6
2.3
2.9
2.1
2.0
3.8
2.1
1.8
2.7
4.3
2.8
2.5
3.4
2.2
1.3
1.6
1.4
0.0
0.2
0.0
2.1
3.6
4.3
3.7
3.5
3.7
3.0
2.7
3.8
4.1
4.2
2.7
1.8
2.4
2.7
2.7
0.5
1.0
1.2
2.0
1.1
2.1
1.2
0.6
2.8
1.5
1.9
2.2
1.7
2.9
1.4
2.7
1.6
2.3
2.6
2.6
1.6
1.1
1.4
0.7
0.2
0.7
1.1
1.9
2.4
1.7
1.7
2.2
1.6
2.2
3.5
2.2
3.4
1.3
1.8
1.6
2.2
1.6
1.7
1.4
1.7
2.2
2.2
1.5
1.9
0.4
0.4
2.3
0.9
0.8
0.2
1.1
1.6
2.3
2.8
3.9
3.2
2.9
3.1
2.7
3.1
2.5
2.3
2.7
3.1
2.8
1.8
1.4
1.7
1.6
1.7
1.5
1.4
0.3
0.6
1.7
2.4
3.3
2.8
4.6
4.1
3.5
2.4
3.6
3.6
3.5
2.7
2.3
2.2
2.2
1.7
1.5
0.9
0.9
1.0
0.1
0.1
0.0
0.2
0.3
0.6
2.1
2.5
2.7
2.2
2.9
3.1
2.9
3.4
3.2
2.7
3.0
3.5
3.3
3.2
2.5
2.1
1.2
0.9
1.0
1.2
0.1
0.8
1.1
1.6
2.2
2.4
2.9
3.5
2.9
2.6
2.9
2.7
2.8
3.8
3.1
3.9
3.1
2.4
2.6
1.5
2.0
1.9
1.7
1.4
0.9
0.3
1.1
1.2
1.7
2.6
1.9
3.0
3.2
2.2
3.8
5.4
3.8
3.5
2.8
3.0
2.0
1.9
1.8
1.5
1.0
0.4
0.7
0.5
0.2
0.5
1.3
2.7
2.5
2.5
2.7
4.1
3.0
4.7
3.1
3.3
2.0
2.6
2.2
1.7
2.6
2.7
1.5
1.4
1.5
0.4
0.1
0.6
0.5
0.9
0.4
1.3
2.7
4.0
3.5
3.5
3.3
3.9
3.5
6.1
2.3
2.0
2.6
2.1
1.7
2.2
3.1
2.0
1.8
1.2
0.9
0.2
0.4
1.7
1.7
1.7
2.7
2.8
2.7
3.6
2.4
2.8
3.2
2.7
1.3
2.1
1.2
0.7
0.8
0.9
0.8
1.4
1.9
2.0
1.9
1.7
1.5
2.1
1.2
3.1
3.4
3.6
2.8
4.0
4.2
3.0
3.5
4.2
2.0
3.2
1.2
2.1
3.0
2.4
1.6
0.0
1.3
1.0
1.2
1.5
0.4
1.2
1.1
1.9
2.4
3.2
3.3
3.0
3.1
4.2
2.8
3.2
3.2
3.1
2.9
2.6
2.2
2.4
1.5
1.5
1.6
1.0
0.9
0.9
1.0
0.4
0.7
1.1
1.4
3.2
3.5
3.3
3.0
2.8
3.3
3.1
3.1
3.3
2.2
2.0
2.2
1.4
1.3
0.9
0.4
0.4
1.3
1.4
1.0
1.0
0.9
1.4
2.8
3.2
3.3
2.4
2.5
3.3
3.4
2.2
3.4
2.3
1.2
2.6
2.1
1.9
1.8
1.3
1.2
1.9
1.4
0.9
0.5
0.0
0.9
1.4
2.5
2.4
3.1
3.3
3.5
2.8
3.4
2.2
3.9
3.6
2.7
2.9
1.9
1.7
1.2
1.2
1.0
0.5
1.5
0.8
1.1
1.3
1.4
1.6
2.3
2.4
2.6
3.6
3.7
3.4
3.3
2.8
3.7
3.6
3.2
3.5
2.9
2.6
2.0
1.5
1.2
2.3
0.0
1.1
0.2
0.4
0.4
1.5
2.2
3.4
2.9
3.3
3.1
2.8
2.9
3.6
2.2
3.2
2.8
3.6
2.6
2.4
2.0
1.5
0.9
0.9
0.4
1.0
0.0
0.4
1.9
1.0
1.6
3.0
2.7
2.9
3.8
3.0
2.8
3.2
3.6
3.2
4.9
3.5
4.1
2.6
2.5
1.9
1.3
1.2
1.7
0.6
1.5
2.2
1.6
2.3
3.5
4.4
4.2
4.3
3.7
4.1
3.4
4.3
3.0
3.0
2.9
2.2
2.3
2.5
2.5
2.2
1.3
1.5
1.1
3.1
1.9
1.2
0.5
2.0
3.0
3.1
2.9
4.3
3.2
3.5
4.3
3.3
3.2
3.8
3.3
3.8
3.0
2.8
2.4
2.1
1.5
2.1
1.6
2.1
1.1
1.3
2.0
1.9
3.0
3.4
3.1
3.6
2.5
3.0
3.0
3.2
3.8
3.3
2.8
3.2
2.4
2.1
1.9
1.9
1.3
0.2
1.1
0.6
1.1
1.1
1.2
1.4
2.3
3.5
3.6
4.0
4.4
3.8
4.5
3.5
4.0
3.6
2.6
2.6
2.7
2.8
3.1
1.4
1.4
0.3
1.7
0.9
1.8
2.0
1.9
0.8
1.7
3.0
3.7
3.7
3.5
4.2
3.5
4.5
3.2
4.3
3.2
3.1
2.6
2.2
3.2
1.9
2.6
2.4
2.5
2.4
3.4
2.3
2.3
3.4
3.1
2.5
3.3
3.0
3.8
3.8
3.3
3.8
3.4
3.7
2.8
2.9
3.1
2.2
1.8
2.1
1.9
2.2
1.6
1.9
1.4
1.5
1.9
3.3
2.1
4.0
4.1
2.9
4.3
4.6
3.1
3.3
1.9
2.4
2.6
1.9
1.3
1.3
2.5
2.5
1.9
1.9
1.2
0.0
0.3
0.2
0.1
0.9
2.1
3.7
3.6
2.7
2.3
2.0
2.7
3.4
3.0
2.1
3.0
2.7
2.6
2.8
2.3
1.9
1.9
0.6
1.6
2.1
1.4
0.7
1.0
1.4
2.8
3.4
3.2
3.3
3.7
4.0
3.6
4.2
3.3
3.1
3.2
2.7
3.0
2.6
2.1
1.7
1.4
2.2
1.3
1.9
1.8
1.5
1.0
0.9
1.4
2.3
2.6
3.1
3.8
3.7
2.4
2.7
4.3
3.7
3.3
3.0
1.2
2.4
2.0
1.8
2.7
2.5
1.7
1.7
0.9
2.2
1.5
2.1
1.7
1.7
2.4
3.2
2.3
3.1
3.5
3.5
3.4
4.0
3.2
3.0
2.3
2.0
2.0
3.6
1.9
2.5
1.9
1.0
1.4
2.4
0.8
2.2
2.5
1.4
1.6
2.4
3.3
3.4
2.9
3.4
3.4
3.2
3.3
2.9
3.4
2.7
2.6
2.1
2.1
2.2
1.6
2.3
2.5
2.5
2.2
3.1
3.9
3.7
3.5
4.3
4.9
4.8
3.6
4.9
3.9
5.0
4.4
3.4
4.4
2.9
2.2
2.6
1.8
1.6
1.4
0.9
1.7
1.0
1.1
2.2
2.9
4.2
4.6
3.0
3.4
3.1
3.6
5.2
4.3
2.3
2.6
3.0
2.8
3.2
2.7
2.4
2.4
1.4
1.6
1.4
1.3
1.4
1.6
1.9
2.2
3.7
3.4
3.8
3.5
2.9
3.8
4.3
4.2
3.7
3.4
2.6
2.8
2.2
2.5
2.4
2.6
2.1
2.3
1.8
1.5
1.2
1.3
1.9
2.7
3.1
3.0
3.6
6.0
3.9
3.5
2.1
2.6
3.7
3.3
4.0
3.5
2.2
2.6
0.7
1.9
2.2
1.4
1.0
1.0
1.3
1.9
1.4
0.8
2.5
3.9
3.2
3.3
3.7
3.9
3.8
3.5
2.9
2.4
1.9
2.1
1.7
1.3
1.6
1.5
1.3
0.9
1.3
1.1
1.1
0.6
1.6
2.2
2.6
3.4
3.9
3.1
3.4
3.3
5.4
2.9
3.2
3.0
4.8
4.3
3.3
1.7
1.8
1.6
2.5
2.1
2.0
2.0
1.9
1.5
2.7
3.0
3.5
3.4
3.8
3.1
3.5
3.6
3.8
4.3
2.8
2.3
2.7
2.5
2.4
2.1
0.7
1.2
0.6
0.8
0.3
0.0
0.5
0.7
1.1
3.1
3.4
3.5
3.4
4.2
3.5
4.6
3.7
3.9
3.0
2.8
3.2
2.8
3.0
2.4
2.6
1.6
0.9
0.8
1.4
1.1
0.3
0.3
0.6
0.7
2.1
2.3
2.0
2.7
2.8
2.4
2.8
2.7
2.3
3.8
5.0
4.3
3.0
3.0
3.2
2.1
1.1
0.8
0.0
0.8
0.4
1.3
0.8
2.3
1.8
2.3
2.3
2.3
1.9
2.4
4.8
3.9
4.4
4.0
4.0
4.1
3.0
3.2
2.7
1.9
2.0
1.3
1.4
1.2
0.2
0.9
2.5
3.6
3.4
4.1
2.9
3.3
2.9
2.7
2.5
3.1
4.2
4.3
3.5
3.8
4.0
2.6
3.2
3.6
3.7
1.8
3.0
2.2
3.3
2.7
3.9
3.9
5.3
5.5
4.1
3.7
3.1
3.2
3.6
3.7
3.5
3.6
3.7
3.2
3.4
3.7
2.9
2.1
1.4
0.5
1.1
0.7
0.2
0.6
2.1
2.6
2.6692307692307695
2.7384615384615385
2.807692307692308
2.876923076923077
2.9461538461538463
3.0153846153846153
3.0846153846153848
3.1538461538461537
3.223076923076923
3.292307692307692
3.3615384615384616
3.430769230769231
3.5
3.8
3.8
3.3
3.3
2.6
3.7
4.5
4.5
3.6
3.0
4.4
3.9
3.3
4.2
3.2
4.5
4.0
3.7
4.0
3.9
3.8
3.4
4.1
3.0
2.2
2.3
1.4
1.1
1.1
1.0
0.6
0.8
1.0
2.6
2.7
2.8
3.8
3.3
3.1
3.1
3.6
2.6
4.3
3.6
3.4
4.0
2.8
2.7
2.1
2.1
1.5
2.9
1.9
2.6
3.0
1.9
2.1
2.1
2.4
1.5
0.9
2.9
1.8
2.6
2.7
1.8
1.6
3.3
2.9
2.9
3.7
2.8
2.5
2.1
2.7
1.6
2.9
1.6
1.4
1.1
1.0
1.3
2.5
3.2
3.1
2.8
3.7
3.7
3.6
3.5
2.6
3.1
2.8
3.2
2.3
1.8
2.3
2.2
2.2
1.8
1.0
1.25
1.5
1.0
0.5
1.9
2.6
2.9
4.2
4.5
4.1
4.4
4.0
3.6
2.3
2.6
3.3
2.5
2.6
2.5
1.9
1.5
1.4
1.2
1.1
0.9
0.4
0.7
0.1
1.8
2.3
4.4
3.0
3.9
3.9
3.6
4.7
3.5
3.85
4.2
4.0
3.6
2.9
2.2
2.2
2.2
1.5
1.1
1.1
1.9
1.1
1.9
1.3
2.0
2.5
3.6
4.4
4.1
3.0
3.6
3.9
3.7
4.2
3.0
3.5
2.7
3.2
3.0
2.2
2.6
2.4
2.5
2.6
2.4
3.0
2.3
1.6
2.3
2.5
2.7
2.3
2.3
3.6
3.2
3.0
3.4
2.3
2.4
2.7
2.3
2.5
1.5
1.5
1.7
1.6
1.1
1.5
1.65
1.8
1.2
1.6
1.3
2.5
2.9
3.2
3.2
3.3
4.3
4.4
4.6
4.7
4.4
4.6
3.7
3.2
3.8
3.3
4.2
4.0
3.5
2.3
4.1
3.65
3.2
3.8
4.2
4.6
3.5
4.8
3.8
3.8
4.4
4.5
5.5
5.0
5.0
4.3
3.6
3.4
2.3
1.6
0.7
1.3
1.6
0.1
0.5
1.4
0.1
0.0
1.9
3.0
3.4
3.0
4.6
3.8
4.15
4.5
3.1
3.6
3.1
4.1
2.3
2.6
2.7
1.9
1.7
1.5
0.8
0.6
0.7
1.0
1.6
1.1
1.8
2.5
2.8
3.5
3.5
3.4
4.1
4.0
4.0
4.3
3.8
4.1
3.8
3.7
2.6
2.7
2.8
2.3
1.8
1.9
1.8
2.1
2.0
2.0
2.7
2.9
2.7
3.4
3.7
3.3
3.9
4.1
3.8
4.3
4.1
4.2
4.1
3.5
3.7
3.3
2.3
2.7
2.9
2.4
2.6
1.3
1.9
2.2
1.9
2.5
1.8
2.6
2.9
3.2
3.4
3.2
3.2
3.7
3.6
5.2
3.8
4.3
3.1
2.7
3.7
2.3
2.0
2.5
2.9
2.0
2.0
1.9
2.1
3.3
3.3
3.9
3.6
4.3
4.7
4.9
4.3
4.8
3.5
3.4
3.3
3.0
2.9
2.4
2.0
1.6
1.9
1.9
1.9
1.7
1.1
0.4
2.4
3.1
4.1
3.8
3.6
3.6
3.1
3.9
3.1
4.2
4.1
3.1
2.4
2.6
2.0
2.5
2.3
2.2
2.8
2.3
2.2
3.1
3.1
2.5
2.2
3.3
2.9
3.5
2.4
2.5
3.4
3.3
2.9
2.95
3.0
1.5
1.6
1.3
1.6
1.4
2.3
0.5
0.7
1.0
0.2
0.6
0.6
0.6
1.9
1.9
1.7
2.6
3.1
2.9
3.7
3.2
4.2
4.0
3.3
3.2
3.0
3.6
3.1
3.1
2.5
2.1
2.0
2.1
2.2
2.0
2.0
1.5
2.2
2.2
2.7
1.7
3.4
3.4
3.4
3.6
3.0
3.3
3.0
2.8
2.0
2.7
2.4
1.3
1.1
1.7
1.3
1.3
1.4
3.0
1.1
2.7
2.8
3.1
3.7
3.8
4.6
3.5
5.0
3.8
4.0
3.9
3.3
4.3
4.1
3.6
1.5
1.7
1.9
1.8
2.4
2.8
2.3
2.2
2.3
2.2
3.1
4.7
5.2
4.1
4.1
5.5
4.6
5.5
6.3
3.1
3.4
2.9
2.8
2.5
3.2
2.6
1.8
1.8
2.1
2.1
3.0
3.0
2.0
3.2
3.5
3.4
2.7
3.6
4.0
3.1
3.9
4.4
3.5
3.4
3.0
2.6
3.0
2.3
1.9
2.2
1.9
1.5
1.9
0.8
0.2
1.0
0.4
1.3
2.3
3.4
3.3
3.7
5.7
4.3
3.5
3.8
2.3
2.3
3.2
3.2
3.0
3.0
2.4
1.7
1.6
1.6
0.5
1.6
1.5
3.7
2.8
1.8
1.9
2.8
2.4
3.4
3.9
4.4
5.0
3.8
5.7
3.9
2.9
2.8
3.0
2.9
3.0
2.0
1.9
1.9
2.2
1.0
1.4
0.9
1.4
1.1
2.5
2.0
2.7
3.0
3.1
2.9
4.4
3.0
3.3
3.6
3.7
3.3
3.8
2.3
3.0
1.8
2.3
3.1
2.7
2.0
1.9
1.8
2.3
2.6
1.7
3.8
4.1
3.6
3.1
3.7
3.4
3.4
3.9
3.8
3.1
3.4
2.0
1.8
2.0
2.9
2.4
1.1
1.5
1.4
1.5
1.1
1.2
1.0
2.1
3.9
2.9
3.2
3.8
4.3
3.6
4.2
4.4
3.8
4.7
2.6
3.0
2.85
2.7
1.8
2.3
1.9
2.3
2.2
2.6
2.6
2.7
2.5
3.9
4.0
4.7
4.0
3.9
4.3
4.7
5.1
4.1
4.2
4.0
3.5
2.8
2.5
2.1
2.0
1.0
1.0
1.0
1.2
0.9
0.7
1.3
1.9
3.1
2.9
3.6
2.3
2.6
3.4
3.8
3.5
3.7
4.0
3.6
4.4
3.3
4.1
4.7
3.7
2.1
1.9
1.4
1.5
2.5
1.3
1.1
1.0
1.6
2.4
3.3
2.5
3.4
3.9
2.5
3.1
2.7
3.4
3.3
3.1
3.0
2.5
2.8
1.0
1.5
2.4
1.3
1.2
0.2
0.2
1.2
0.7
1.9
2.0
3.3
3.3
3.1
3.3
3.5
3.6
3.9
4.1
4.8
4.3
4.3
4.4
4.5
5.0
3.9
4.7
4.8
4.0
4.2
3.8
3.2
3.0
3.5
3.5
3.0
3.5
2.7
3.3
3.3
3.6
4.2
4.5
4.3
4.4
4.2
3.8
4.0
2.7
3.1
2.7
2.6
3.1
3.2
2.0
2.4
1.8
3.8
3.0
3.6
4.4
3.6
3.7
3.3
5.2
4.7
3.9
3.7
4.6
3.7
3.7
4.4
3.4
3.3
2.7
3.2
3.2
2.3
2.1
1.6
2.7
3.6
3.0
3.6
4.7
4.7
4.3
3.9
5.3
4.5
5.3
5.0
4.8
4.8
3.7
4.0
2.4
2.6
2.3
2.8
2.8
2.6
2.0
2.2
3.3
4.3
4.1
4.0
4.5
4.7
4.5
4.7
4.4
5.4
4.6
4.3
3.9
4.3
3.3
3.2
2.3
1.5
2.6
2.4
2.5
1.6
1.2
0.7
1.5
2.0
3.1
2.5
4.5
3.0
3.1
3.7
3.5
3.6
4.0
4.1
3.5
4.7
3.4
3.3
2.8
1.8
2.4
1.4
1.8
1.8
1.6
1.1
2.9
2.3
3.4
3.4
2.5
3.3
4.0
3.9
3.5
4.7
4.8
5.1
3.6
3.5
3.6
3.3
2.4
3.4
2.1
2.6
3.7
2.0
2.3
2.4
2.3
3.5
5.1
5.1
6.1
4.7
4.5
5.1
4.5
4.3
4.5
4.2
3.5
2.8
3.6
3.3
2.7
4.2
3.6
2.4
2.3
2.5
2.0
2.1
1.6
2.7
3.6
4.4
4.0
4.7
5.2
4.0
4.8
4.5
5.0
4.7
3.9
3.4
4.0
4.2
4.7
4.9
4.4
4.2
4.7
4.6
4.4
4.3
4.1
4.2
4.1
4.8
3.6
4.4
4.8
4.2
6.4
4.2
5.8
4.9
5.4
4.4
4.2
3.5
3.4
3.5
3.2
3.8
3.8
3.4
3.5
2.3
2.8
3.4
5.2
5.2
4.9
4.3
5.3
4.0
5.5
4.8
5.6
5.3
4.5
4.9
4.1
4.9
5.5
4.7
4.4
4.5
3.3
4.8
5.1
3.8
4.1
5.4
5.5
5.0
4.9
5.6
5.7
4.9
5.8
6.0
5.3
5.0
4.3
3.8
4.0
4.0
3.2
3.2
2.5
3.2
3.1
3.0
2.6
1.3
3.9
4.0
4.3
4.6
6.0
5.3
5.4
5.0
4.7
5.1
5.2
3.4
3.2
3.8
2.7
3.0
2.7
3.2
2.8
2.2
2.9
2.9
2.8
3.0
2.4
2.9
3.1
4.3
5.7
5.1
4.5
4.5
4.4
4.0
4.3
3.8
4.3
3.4
3.3
2.7
1.8
2.0
2.2
2.3
2.4
2.1
2.3
1.9
2.2
4.2
4.0
4.8
4.8
3.6
4.4
3.6
4.4
4.3
4.2
3.7
3.2
3.8
2.8
2.9
2.4
2.5
1.8
1.5
1.9
2.4
2.0
1.7
1.9
3.8
4.5
3.9
4.5
4.4
4.6
3.7
5.1
3.8
4.1
3.3
3.8
3.7
3.0
2.9
2.4
2.1
1.6
1.7
1.7
1.6
1.6
1.6
3.0
3.7
3.8
4.3
4.9
4.5
4.5
4.2
4.3
4.6
3.9
4.2
3.9
3.6
2.9
2.2
2.5
3.4
2.9
2.7
3.1
4.1
3.7
2.8
2.9
2.4
3.9
3.7
3.8
4.0
3.5
4.5
3.4
4.2
5.8
3.7
3.4
2.9
3.5
3.0
2.2
2.6
2.4
3.2
1.4
2.2
2.1
2.0
1.3
3.3
3.1
4.3
4.9
5.1
4.4
3.8
4.2
4.1
3.7
3.3
3.0
3.5
3.2
1.6
3.6
1.8
1.0
2.6
1.6
1.2
1.7
1.1
1.6
3.0
1.9
1.0
3.8
2.6
2.7
3.5
3.0
3.3
3.4
3.0
3.9
3.3
4.1
3.9
2.0
2.4
2.0
2.6
3.3
2.9
1.9
1.5
1.7
2.1
2.4
4.4
4.2
4.3
4.9
3.8
4.3
4.0
4.2
4.1
4.0
4.3
3.9
3.6
3.4
2.6
2.2
2.5
2.1
2.6
3.0
1.7
2.4
3.7
4.0
3.9
4.5
3.6
3.9
3.9
2.5
4.7
4.8
3.9
3.3
4.2
4.2
3.3
3.3
2.9
2.2
2.6
2.2
1.7
1.9
2.7
2.5
2.8
4.5
5.5
5.1
5.1
4.3
5.4
4.3
4.0
3.4
4.1
5.0
4.1
4.2
3.2
2.1
1.9
1.4
1.8
1.2
2.6
2.4
3.0
3.0
4.5
5.2
3.9
4.3
5.0
4.9
4.6
5.5
5.3
4.5
5.2
4.8
3.6
4.0
3.2
2.8
3.2
3.1
2.1
2.8
2.6
2.2
1.5
2.3
3.3
4.4
5.3
4.3
4.7
4.6
3.8
3.3
5.1
4.7
5.1
4.9
5.0
4.2
4.0
3.4
3.1
3.0
2.1
2.2
2.2
2.7
2.5
3.4
3.4
3.3
3.4
3.8
4.0
3.0
3.8
4.0
4.8
5.4
5.3
4.6
4.1
3.7
3.3
3.1
3.1
3.7
3.3
3.4
2.5
2.1
0.8
1.9
3.9
4.5
4.4
4.2
3.8
3.6
4.1
5.3
4.9
4.4
4.4
4.9
5.5
4.9
5.1
4.8
4.2
4.9
5.8
4.5
4.5
4.7
4.3
5.0
4.8
3.6
4.9
4.0
3.8
4.9
3.5
5.7
4.8
4.8
4.5
4.5
3.3
3.4
3.8
3.5
3.3
2.9
2.2
1.9
1.4
2.2
2.9
3.2
3.2
3.8
3.4
4.1
3.7
4.3
4.0
3.5
4.1
4.0
3.8
3.5
3.9
3.4
3.0
2.5
2.2
2.4
1.9
2.0
2.2
2.6
1.9
2.6
3.3
3.7
3.6
3.6
4.2
4.3
3.9
4.6
5.4
4.5
5.7
4.3
4.8
3.9
3.8
3.6
2.8
3.5
3.1
1.9
2.0
2.4
1.7
3.1
4.1
3.8
5.3
5.6
5.1
4.9
4.5
5.0
4.6
5.1
4.9
4.3
5.3
3.9
2.8
3.3
2.2
1.9
0.8
1.6
1.2
1.3
1.7
2.1
2.6
4.1
4.8
5.0
4.7
4.2
5.3
5.2
5.7
4.7
6.3
5.5
5.5
5.1
4.3
3.8
4.8
5.1
3.5
4.4
4.3
3.8
3.3
3.3
4.3
4.3
4.8
4.0
4.8
5.3
5.0
5.6
5.6
5.2
5.8
5.2
6.0
4.7
2.7
3.5
2.7
3.1
2.6
2.3
2.8
2.4
2.8
4.2
4.5
5.5
5.6
5.3
6.0
5.3
5.2
4.7
5.2
5.3
4.5
4.6
4.7
4.5
3.4
3.0
1.7
2.1
1.8
2.1
1.9
1.7
2.3
3.2
3.6
3.5
3.8
5.1
3.6
4.5
4.7
3.8
4.7
4.2
4.0
4.0
3.2
4.1
3.1
2.8
3.2
3.5
2.6
1.7
1.9
1.3
1.1
1.6
3.3
3.3
3.4
4.4
5.1
4.4
3.8
4.0
4.6
4.3
4.4
5.5
4.3
4.6
4.0
4.4
3.9
4.4
4.8
3.8
2.7
2.3
2.4
2.2
2.9
4.8
4.0
4.5
4.2
3.0
4.7
5.0
3.4
5.2
4.8
5.2
4.6
5.5
5.2
4.5
4.8
4.3
3.8
4.3
3.9
4.1
4.0
4.2
4.7
4.3
4.5
5.0
5.0
5.4
5.1
5.2
6.0
6.1
4.2
5.1
3.3
3.5
3.6
3.2
4.7
4.0
3.2
3.8
2.6
2.8
3.7
2.4
4.3
5.0
4.9
4.8
5.0
3.8
5.9
5.2
5.8
5.1
5.3
4.9
3.9
4.6
4.5
5.2
5.0
5.7
4.6
4.5
4.7
2.6
2.2
4.0
3.5
4.4
4.0
4.6
4.0
3.3
3.5
4.6
3.6
4.5
4.3
4.9
4.8
4.1
3.4
2.7
2.6
2.8
2.4
2.7
2.7
2.6
2.6
3.3
4.0
3.7
4.4
4.5
4.0
4.0
4.0
3.7
3.7
4.4
5.0
5.0
4.1
3.9
2.6
3.2
2.3
2.1
2.2
1.6
1.9
2.2
1.8
3.0
4.0
3.9
4.1
5.0
4.7
4.2
3.8
4.8
5.4
4.3
3.3
4.5
3.2
3.5
3.6
3.1
3.3
2.3
2.6
2.4
3.3
2.4
2.5
3.8
3.4
4.2
5.0
5.6
7.0
4.8
3.7
6.7
6.2
5.8
4.6
4.3
4.0
3.4
3.3
3.5545454545454542
3.8090909090909086
4.0636363636363635
4.318181818181818
4.572727272727272
4.827272727272727
5.081818181818182
5.336363636363636
5.59090909090909
5.845454545454545
6.1
5.0
7.0
5.3
6.2
6.7
5.3
5.9
5.658333333333333
5.416666666666667
5.175000000000001
4.933333333333334
4.691666666666666
4.45
4.208333333333334
3.966666666666667
3.725
3.4833333333333334
3.2416666666666667
3.0
3.033333333333333
3.066666666666667
3.1
3.45
3.8
3.9
4.3
4.6
4.6
4.6
6.5
5.8
4.8
5.5
4.2
3.5
2.8
3.2
3.8
2.1
2.3
2.4
1.7
1.9
1.9
1.9
2.5
3.6
4.3
5.9
4.2
5.0
4.6
5.0
5.6
5.4
4.7
5.2
3.8
3.9
4.4
3.6
3.6
3.7
4.2
3.0
2.8
2.5
2.9
2.4
3.4
3.6
3.2
5.0
5.4
5.5
5.2
5.5
4.7
4.6
5.3
4.1
4.9
3.5
4.0
3.1
3.1500000000000004
3.2
2.4
2.4
1.8
1.9
1.6
0.6
1.6
3.4
3.8
3.8
3.7
3.7
4.0
3.7
4.2
4.4
4.5
6.2
5.9
4.9
4.7
5.1
5.0
4.5
5.2
3.8
3.9
3.2
3.1
2.5
2.2
3.6
4.0
4.2
4.5
3.3
3.5
2.9
3.2
5.0
5.7
6.4
5.1
5.4
5.9
5.4
4.7
4.5
4.7
4.9
4.5
2.5
2.8
2.9
2.7
3.0
3.2
4.0
3.8
4.0
2.9
3.4
4.7
4.8
3.8
5.7
6.3
5.2
6.5
5.5
4.8
4.3
3.8
4.8
3.1
3.2
3.7
3.5
3.9
3.7
4.1
2.7
3.3
2.8
4.4
3.5
4.3
4.2
5.1
5.3
4.8
4.4
5.2
4.8
3.8
4.1
2.7
2.0
2.1
1.8
1.4
2.0
2.6
2.9
3.4
3.9
3.1
3.4
3.8
3.7
4.0
4.1
5.6
4.7
6.1
5.5
4.8
4.7
5.0
4.7
3.8
3.2
4.0
3.1
3.3
3.7
4.7
4.5
3.5
3.9
3.7
3.4
2.9
4.2
3.5
4.0
5.2
4.4
4.338461538461539
4.276923076923077
4.2153846153846155
4.153846153846154
4.092307692307693
4.030769230769231
3.9692307692307693
3.907692307692308
3.8461538461538463
3.784615384615385
3.723076923076923
3.661538461538462
3.6
2.7
4.1
5.0
4.1
4.3
4.1
4.2
4.4
4.416666666666667
4.433333333333334
4.45
4.466666666666667
4.483333333333333
4.5
4.516666666666667
4.533333333333333
4.550000000000001
4.566666666666667
4.583333333333334
4.6000000000000005
4.616666666666667
4.633333333333334
4.65
4.666666666666667
4.683333333333334
4.7
4.6
5.3
5.4
5.5
5.4
5.8
5.6909090909090905
5.581818181818182
5.472727272727273
5.363636363636363
5.254545454545454
5.1454545454545455
5.036363636363636
4.927272727272727
4.818181818181818
4.709090909090909
4.6
4.49090909090909
4.381818181818182
4.2727272727272725
4.163636363636364
4.054545454545455
3.9454545454545453
3.836363636363636
3.727272727272727
3.618181818181818
3.509090909090909
3.4
4.0
3.6
4.7
4.611111111111112
4.522222222222222
4.433333333333334
4.344444444444445
4.2555555555555555
4.166666666666667
4.0777777777777775
3.988888888888889
3.9000000000000004
3.8111111111111113
3.7222222222222223
3.6333333333333337
3.5444444444444443
3.4555555555555557
3.3666666666666667
3.2777777777777777
3.188888888888889
3.1
2.4
2.2
4.2
2.7
3.1
3.1
2.7
2.85625
3.0125
3.16875
3.325
3.48125
3.6375
3.79375
3.95
4.10625
4.2625
4.41875
4.575
4.73125
4.8875
5.04375
5.2
4.975
4.75
4.525
4.3
4.281818181818181
4.263636363636364
4.245454545454545
4.2272727272727275
4.209090909090909
4.1909090909090905
4.172727272727273
4.154545454545454
4.136363636363636
4.118181818181818
4.1
4.081818181818182
4.0636363636363635
4.045454545454545
4.027272727272727
4.009090909090909
3.9909090909090907
3.9727272727272727
3.9545454545454546
3.9363636363636365
3.918181818181818
3.9
3.7
4.5
2.8
3.8
3.76
3.7199999999999998
3.6799999999999997
3.6399999999999997
3.5999999999999996
3.56
3.52
3.48
3.44
3.4
3.36
3.32
3.28
3.2399999999999998
3.2
3.16
3.12
3.08
3.04
3.0
3.8
3.1
3.4
5.0
4.966666666666667
4.933333333333334
4.9
4.866666666666666
4.833333333333333
4.8
4.766666666666667
4.733333333333333
4.7
4.666666666666667
4.633333333333333
4.6
4.566666666666666
4.533333333333333
4.5
4.466666666666667
4.433333333333334
4.4
4.366666666666666
4.333333333333333
4.3
3.7
3.8
4.8
4.5
5.6
6.3
5.9
5.1
5.0
4.9714285714285715
4.942857142857143
4.914285714285715
4.885714285714285
4.857142857142857
4.828571428571428
4.8
4.771428571428571
4.742857142857143
4.714285714285714
4.685714285714285
4.657142857142857
4.628571428571428
4.6
3.8
3.9
4.4
4.5
5.8
5.55
5.3
5.05
4.8
4.825
4.85
4.875
4.9
4.925
4.95
4.975
5.0
5.025
5.05
5.075
5.1
5.125
5.15
5.175
5.2
4.4
5.3
4.55
3.8
3.8473684210526313
3.894736842105263
3.942105263157895
3.9894736842105263
4.036842105263158
4.08421052631579
4.131578947368421
4.178947368421053
4.226315789473684
4.273684210526316
4.321052631578947
4.368421052631579
4.41578947368421
4.463157894736842
4.510526315789473
4.557894736842106
4.605263157894737
4.652631578947369
4.7
5.233333333333333
5.766666666666667
6.3
4.8
5.3
5.6
5.1
5.095
5.09
5.085
5.08
5.074999999999999
5.069999999999999
5.0649999999999995
5.06
5.055
5.05
5.045
5.04
5.035
5.03
5.025
5.02
5.015
5.01
5.005
5.0
4.995
4.99
4.985
4.98
4.9750000000000005
4.97
4.965
4.96
4.955
4.95
4.945
4.94
4.9350000000000005
4.930000000000001
4.925000000000001
4.92
4.915
4.91
4.905
4.9
4.733333333333333
4.566666666666667
4.4
2.9
3.5
4.8
5.2
5.156818181818182
5.113636363636364
5.070454545454545
5.027272727272727
4.984090909090909
4.940909090909091
4.8977272727272725
4.8545454545454545
4.8113636363636365
4.7681818181818185
4.725
4.681818181818182
4.638636363636364
4.595454545454546
4.552272727272728
4.509090909090909
4.465909090909091
4.422727272727273
4.379545454545455
4.336363636363636
4.293181818181818
4.25
4.206818181818182
4.163636363636364
4.120454545454545
4.077272727272727
4.034090909090909
3.990909090909091
3.9477272727272728
3.9045454545454543
3.8613636363636363
3.8181818181818183
3.775
3.7318181818181815
3.6886363636363635
3.6454545454545455
3.602272727272727
3.559090909090909
3.5159090909090907
3.4727272727272727
3.4295454545454547
3.3863636363636362
3.343181818181818
3.3
3.6
4.1
4.098245614035087
4.0964912280701755
4.094736842105263
4.0929824561403505
4.091228070175438
4.089473684210526
4.087719298245614
4.085964912280701
4.084210526315789
4.082456140350877
4.080701754385965
4.078947368421052
4.07719298245614
4.075438596491228
4.073684210526316
4.071929824561403
4.070175438596491
4.068421052631579
4.066666666666666
4.064912280701754
4.063157894736841
4.06140350877193
4.059649122807017
4.057894736842105
4.056140350877192
4.054385964912281
4.052631578947368
4.050877192982456
4.049122807017543
4.0473684210526315
4.045614035087719
4.0438596491228065
4.042105263157895
4.040350877192982
4.03859649122807
4.036842105263157
4.035087719298246
4.033333333333333
4.031578947368421
4.029824561403508
4.028070175438597
4.026315789473684
4.024561403508772
4.022807017543859
4.021052631578947
4.019298245614035
4.017543859649122
4.01578947368421
4.014035087719298
4.012280701754386
4.010526315789473
4.008771929824561
4.007017543859649
4.005263157894737
4.003508771929824
4.001754385964912
3.9999999999999996
3.9982456140350875
3.996491228070175
3.994736842105263
3.9929824561403504
3.9912280701754383
3.989473684210526
3.9877192982456138
3.9859649122807017
3.984210526315789
3.982456140350877
3.9807017543859646
3.9789473684210526
3.97719298245614
3.975438596491228
3.9736842105263155
3.9719298245614034
3.970175438596491
3.968421052631579
3.9666666666666663
3.9649122807017543
3.9631578947368418
3.9614035087719297
3.959649122807017
3.957894736842105
3.9561403508771926
3.9543859649122806
3.952631578947368
3.950877192982456
3.9491228070175435
3.9473684210526314
3.945614035087719
3.943859649122807
3.9421052631578943
3.9403508771929823
3.9385964912280698
3.9368421052631577
3.935087719298245
3.933333333333333
3.931578947368421
3.9298245614035086
3.928070175438596
3.926315789473684
3.924561403508772
3.9228070175438594
3.9210526315789473
3.919298245614035
3.9175438596491228
3.9157894736842103
3.914035087719298
3.9122807017543857
3.9105263157894736
3.908771929824561
3.907017543859649
3.9052631578947365
3.9035087719298245
3.901754385964912
3.9
3.8982456140350874
3.8964912280701753
3.894736842105263
3.8929824561403508
3.8912280701754383
3.889473684210526
3.8877192982456137
3.8859649122807016
3.884210526315789
3.882456140350877
3.8807017543859645
3.8789473684210525
3.8771929824561404
3.875438596491228
3.8736842105263154
3.8719298245614033
3.8701754385964913
3.8684210526315788
3.8666666666666667
3.864912280701754
3.863157894736842
3.8614035087719296
3.8596491228070176
3.857894736842105
3.856140350877193
3.8543859649122805
3.8526315789473684
3.850877192982456
3.849122807017544
3.8473684210526313
3.8456140350877193
3.8438596491228068
3.8421052631578947
3.840350877192982
3.83859649122807
3.8368421052631576
3.8350877192982455
3.833333333333333
3.831578947368421
3.8298245614035085
3.8280701754385964
3.826315789473684
3.824561403508772
3.8228070175438598
3.8210526315789473
3.8192982456140347
3.8175438596491227
3.8157894736842106
3.814035087719298
3.8122807017543856
3.8105263157894735
3.8087719298245615
3.807017543859649
3.805263157894737
3.8035087719298244
3.8017543859649123
3.8
3.7982456140350878
3.7964912280701753
3.794736842105263
3.7929824561403507
3.7912280701754386
3.789473684210526
3.787719298245614
3.7859649122807015
3.7842105263157895
3.782456140350877
3.780701754385965
3.7789473684210524
3.7771929824561403
3.775438596491228
3.7736842105263158
3.7719298245614032
3.770175438596491
3.768421052631579
3.7666666666666666
3.764912280701754
3.763157894736842
3.76140350877193
3.7596491228070175
3.757894736842105
3.756140350877193
3.754385964912281
3.7526315789473683
3.7508771929824563
3.7491228070175437
3.7473684210526317
3.745614035087719
3.743859649122807
3.7421052631578946
3.7403508771929825
3.73859649122807
3.736842105263158
3.7350877192982455
3.7333333333333334
3.731578947368421
3.729824561403509
3.7280701754385963
3.7263157894736842
3.7245614035087717
3.7228070175438597
3.721052631578947
3.719298245614035
3.7175438596491226
3.7157894736842105
3.7140350877192985
3.712280701754386
3.7105263157894735
3.7087719298245614
3.7070175438596493
3.705263157894737
3.7035087719298243
3.7017543859649122
3.7
3.6982456140350877
3.6964912280701756
3.694736842105263
3.692982456140351
3.6912280701754385
3.6894736842105265
3.687719298245614
3.685964912280702
3.6842105263157894
3.6824561403508773
3.680701754385965
3.6789473684210527
3.6771929824561402
3.675438596491228
3.6736842105263157
3.6719298245614036
3.670175438596491
3.668421052631579
3.6666666666666665
3.6649122807017545
3.663157894736842
3.66140350877193
3.6596491228070174
3.6578947368421053
3.656140350877193
3.6543859649122807
3.6526315789473687
3.650877192982456
3.6491228070175437
3.6473684210526316
3.6456140350877195
3.643859649122807
3.642105263157895
3.6403508771929824
3.6385964912280704
3.636842105263158
3.635087719298246
3.6333333333333333
3.6315789473684212
3.6298245614035087
3.6280701754385967
3.626315789473684
3.624561403508772
3.6228070175438596
3.6210526315789475
3.619298245614035
3.617543859649123
3.6157894736842104
3.6140350877192984
3.612280701754386
3.610526315789474
3.6087719298245613
3.6070175438596492
3.6052631578947367
3.6035087719298247
3.601754385964912
3.6
3.3
3.5
2.5
4.7
4.8
4.7
4.95
5.2
5.1125
5.025
4.9375
4.85
4.7625
4.675
4.5875
4.5
4.4125
4.325
4.2375
4.15
4.0625
3.9749999999999996
3.8874999999999997
3.8
3.7
4.2
3.4
3.7
4.9
5.8
5.773684210526316
5.747368421052632
5.721052631578948
5.694736842105263
5.668421052631579
5.6421052631578945
5.61578947368421
5.589473684210526
5.563157894736842
5.536842105263157
5.510526315789473
5.484210526315789
5.457894736842105
5.431578947368421
5.405263157894737
5.378947368421052
5.352631578947368
5.326315789473684
5.3
4.5
4.4
5.4
5.0
5.8
5.7368421052631575
5.673684210526315
5.610526315789474
5.5473684210526315
5.484210526315789
5.421052631578947
5.357894736842105
5.294736842105263
5.231578947368421
5.168421052631579
5.105263157894736
5.042105263157895
4.978947368421053
4.91578947368421
4.852631578947368
4.789473684210526
4.726315789473684
4.663157894736842
4.6
3.5
3.4
5.8
5.3
5.5
5.4
5.3
5.2
5.1
5.0
4.9
4.8
4.7
4.6
4.5
4.4
4.3
4.2
4.1
4.0
3.9
3.8
3.7
3.5999999999999996
3.5
3.4
5.2
5.0
4.6
4.7
4.627777777777778
4.555555555555555
4.483333333333333
4.411111111111111
4.338888888888889
4.266666666666667
4.194444444444445
4.122222222222222
4.05
3.977777777777778
3.9055555555555554
3.833333333333333
3.761111111111111
3.6888888888888887
3.6166666666666663
3.5444444444444443
3.4722222222222223
3.4
3.6
4.1
3.0
4.2
4.2
3.9
4.2
4.6
3.6
3.4
4.2
4.254545454545455
4.3090909090909095
4.363636363636363
4.418181818181818
4.472727272727273
4.527272727272727
4.581818181818182
4.636363636363637
4.6909090909090905
4.745454545454545
4.8
5.2
4.3
4.8
5.7
4.9
5.300000000000001
5.7
5.9
5.1
5.4
4.6
4.8
5.4
4.6
3.2
3.8
3.9
4.16
4.42
4.68
4.94
5.2
4.8
4.5
5.4
4.4
4.6
5.0
5.7
5.0
4.6
4.9
4.8
3.3
3.6
3.3
3.5
3.6
4.2
4.6
2.7
2.9
3.0
3.2
3.6
4.1
4.3
3.8
4.4
5.6
6.1
5.1
5.4
5.0
5.2
5.3
5.8
5.4
4.9
4.3
3.2
4.0
3.4
2.1
4.0
2.9
2.9
4.1
3.7
4.7
4.1
4.0
4.0
4.6
4.8
4.5
4.6
4.4
4.6
5.5
4.5
3.6
4.4
4.5
4.6
3.8
2.8
2.4
2.8
2.7
3.3
3.8
4.449999999999999
5.1
3.8
3.7
4.0
3.4
3.0
3.7
3.8
4.3
4.6
4.9
6.1
5.7
5.5
5.3
5.2
5.5
5.0
4.2
4.4
3.1
2.6
3.0
3.6
3.4
3.8
3.8
2.8
3.4
2.7
4.4
4.9
5.2
4.7
6.0
5.0
5.5
5.1
5.0
5.4
4.4
2.9
3.5
2.8
2.2
2.1
2.5
3.8
3.7
3.8
4.2
4.1
3.1
4.2
3.4
4.9
4.9
6.1
4.6
4.4
5.0
5.0
4.5
4.3
3.6
3.1
3.6
4.1
2.7
3.3666666666666667
4.033333333333333
4.7
3.7
3.9
4.2
4.1
4.1
3.6
3.9
5.0
5.7
5.7
5.2
5.1000000000000005
5.0
4.9
4.4
5.6
4.7
3.7
3.1
3.5
4.0
3.3
2.8
4.0
3.7
3.3
4.7
2.9
3.6
3.5
3.3
4.2
4.6
5.6
4.5
5.5
5.2
5.6
5.1
4.6
3.8
3.8
3.5
3.2
3.6
2.6
2.7
3.7
3.6
3.4
4.1
3.4
3.4
3.5
4.3
4.7
4.8
5.8
5.7
6.1
5.1
5.4
5.2
4.7
4.2
3.7
3.3
3.8
3.9
4.0
3.5
3.9
4.5
4.0
3.5
2.9
3.1
2.8
3.2
3.7
4.7
5.0
4.8
4.8
5.7
4.8
4.2
4.6
3.3
4.1
3.8
3.2
3.0
2.9
2.7
3.5
4.1
3.5
4.3
3.0
3.0
2.6
3.9
3.7
4.4
5.9
6.4
6.1
4.6
4.7
4.2
4.5
3.7
4.3
3.3
3.1
2.9
2.0
2.9
3.5
3.9
3.9
3.9
3.6
4.4
4.7
3.7
4.9
3.9
4.9
3.8
5.0
4.7
4.6
3.5
3.8
3.4
3.2
2.6
2.7
3.9
3.4
3.8
3.1
3.7
4.7
4.6
3.3
3.8
4.7
3.5
4.8
5.2
5.8
6.0
6.2
5.1
4.3
5.1
4.8
3.3
3.4
2.8
2.8
4.5
4.5
3.3
3.5
4.9
4.7
5.1
4.0
4.9
3.4
5.2
4.9
5.6
6.2
5.6
6.1
4.9
5.3
4.0
3.2
5.1
4.4
4.8
4.4
3.1
3.7
4.1
4.2
4.3
4.3
3.7
4.1
3.5
3.3
4.0
5.6
6.0
6.2
6.3999999999999995
6.6
6.8
5.3
5.8
4.1
5.3
4.2
4.1
3.5
3.4
4.4
3.8
4.3
4.1
4.2
3.5
3.4
3.6
4.5
4.6
3.8
4.7
5.7
4.6
4.1
3.8
3.7
3.9
2.9
3.0
2.7
2.7
3.1
2.9
3.05
3.2
2.8
3.0
3.1
2.0
2.8
4.8
4.2
3.9
4.3
4.7
2.7
3.9
4.1
4.0
3.8
3.5
3.3
2.2
2.2
2.3
2.0
2.4
2.6
2.9
2.9
3.8
3.8
3.2
3.9
3.6
3.5
5.3
4.933333333333334
4.566666666666666
4.2
4.9
4.3
4.5
4.6
3.4
2.7
2.5
2.4
2.7
3.7
2.1
2.1
1.3
3.7
2.8
3.6
3.0
3.1
2.5
2.5
2.6
3.2
4.3
4.8
4.6
5.1
5.3
5.4
4.7
4.5
4.3
2.9
2.7
3.2
1.3
0.9
2.1
3.3
2.8
3.8
3.3
3.7
3.3
3.9
3.9
3.7
3.4
5.6
5.6
4.9
5.7
5.4
4.8
4.1
4.5
4.1
3.8
3.5
3.2
2.9
4.1
3.4
3.6
4.4
3.75
3.1
3.0
3.8
3.9
4.7
4.4
5.6
6.3
6.2
5.4
5.0
4.8
4.5
3.7
3.5
3.5
4.0
2.7
3.5
2.7
3.1
2.9
3.1
3.9
4.0
3.1
4.2
3.6
3.7
4.2
4.5
5.5
5.5
4.8
5.3
5.0
3.5
4.4
2.5
3.2
1.6
2.0
2.4
1.7
3.1
2.9
3.0
2.9
3.3
3.6
3.9
3.7
4.0
5.1
3.8
5.7
6.2
5.9
5.5
5.3
4.0
4.1
3.9
4.5
2.7
3.7
3.6
3.0
3.7
4.0
4.1
5.1
4.7
4.9
4.0
4.3
5.0
5.1
4.8
6.0
6.0
5.4
4.8
4.2
4.9
3.9
4.0
3.8
3.3
2.4
2.9
3.5
2.9
4.1
5.2
3.8
3.6
3.4
3.9
3.3
3.4
4.7
5.2
4.4
4.5
5.8
