y
2.45268812903225
1.94642860714285
1.73763432258064
1.8944444
1.99032261290322
2.24111116666666
2.83440861290322
3.25268816129032
3.60111113333333
4.13010758064516
3.79777776666666
3.66559141935483
2.404301
2.22643672413793
2.50000006451612
2.47555553333333
2.60860216129032
2.61333329999999
2.96144564516128
3.47204303225806
3.7777778
4.12734751612903
4.0122222
3.53870964516129
3.22473106451612
3.27857135714285
2.50215041935483
2.6166667
2.655914
2.62000006666666
3.00860212903225
3.87956980645161
4.06222233333333
4.05376338709677
4.11777786666666
3.74731183870967
3.81612906451612
2.49761896428571
2.1935484516129
1.52777776666666
2.23440861290322
2.41444456666666
2.84516129032258
3.54301070967741
3.7839751
3.78327303225806
3.85111116666666
3.69892470967741
3.38665419354838
2.39404757142857
2.39385887096774
2.1677777
2.46344087096774
2.91888893333333
3.06129029032258
4.03870964516129
4.05556753333333
4.10322587096774
3.92777783333333
3.66990406451612
2.78709674193548
2.81264372413793
1.60430109677419
1.74333326666666
1.8774193548387
2.44333333333333
2.99677419354838
3.47956987096774
3.89888893333333
3.97741925806451
3.70444436666666
3.48279567741935
2.70830332258064
2.28997339285714
1.53333338709677
1.33777776666666
1.39631996774193
2.3377778
2.6193549032258
3.44838709677419
3.84444436666666
3.58172048387096
3.93666666666666
3.31827958064516
2.98279577419354
3.11122978571428
2.35268822580645
2.17555556666666
2.29462367741935
2.66555556666666
2.96774193548387
3.64623664516129
4.02444449999999
3.43225799999999
3.70888883333333
2.95268822580645
1.96344096774193
2.02101428571428
1.81182799999999
1.39111106666666
2.13333332258064
2.51333336666666
2.40107529032258
3.34086029032258
3.49666673333333
3.1677419032258
3.47777776666666
3.56129025806451
3.03870961290322
2.36551731034482
2.21506541935483
2.41666653333333
2.90322583870967
2.74333336666666
2.99247319354838
3.54623658064516
3.68111103333333
3.61935480645161
3.35111106666666
3.46881722580645
2.84408612903225
3.13452371428571
2.77526887096774
1.93111113333333
2.46236554838709
2.06999996666666
2.39892470967741
3.67150532258064
3.81555556666666
3.61827948387096
3.7227035
3.26129025806451
2.96344083870967
2.42380964285714
2.04838709677419
1.69222216666666
1.76451612903225
2.94222223333333
3.14408596774193
3.91075280645161
3.70444443333333
4.16989251612903
3.29666666666666
3.41612906451612