y
3.30860212903225
4.23809528571428
3.48709677419354
3.61999989999999
3.74838712903225
3.85444446666666
4.58494622580645
4.42795693548387
4.91555546666666
5.15376348387096
4.76111113333333
4.94516135483871
3.71075267741935
4.07471262068965
4.26344080645161
4.11999986666666
3.98494629032258
3.83111106666666
4.2032374516129
4.84623648387096
6.04000006666666
5.38327309677419
5.19444443333333
5.04086029032258
4.44623651612903
4.51904753571428
3.50215048387096
4.22111106666666
3.43225806451612
3.2488889
4.50537641935483
4.5473119032258
4.91666666666666
5.23440861290322
5.16222223333333
4.88924732258064
5.61720435483871
3.93214282142857
3.4580644516129
2.78333339999999
3.87957
4.07888889999999
4.26867354838709
4.93333329032258
4.91222223333333
4.88710838709677
4.19319693333333
3.98924732258064
4.35101516129032
3.61071425
4.37359574193548
3.88222223333333
3.96407354838709
3.82429603333333
4.15806451612903
5.16021512903225
5.83255513333333
5.18572258064516
4.66222219999999
4.51290329032258
4.22473122580645
3.87471265517241
2.61827948387096
2.54999996666666
3.25268812903225
3.73777776666666
4.50752677419354
4.52150529032258
5.18222223333333
5.3096774516129
4.66588843333333
4.35268812903225
3.99247312903225
3.55357139285714
3.15422929032258
2.1166667
2.53548383870967
3.21999996666666
3.54470709677419
3.98279574193548
4.57111113333333
4.26559141935483
4.65777776666666
4.4451613548387
4.07526874193548
4.14404764285714
3.57526874193548
3.89666669999999
3.91720435483871
3.89444443333333
4.37204306451612
4.87634409677419
5.38111113333333
4.44193554838709
4.5333334
4.011828
3.08602151612903
3.85952378571428
2.90322583870967
2.82111113333333
3.41827958064516
3.37555563333333
3.77419354838709
4.239785
5.67333326666666
4.9537634516129
4.6144444
4.45591396774193
4.41935487096774
4.78655127586206
4.46913925806451
4.3238267
4.15483874193548
3.58444439999999
4.37419361290322
4.58924729032258
3.01666666666666
4.53655912903225
4.26333336666666
4.4172043548387
4.28064516129032
4.56666671428571
4.04838712903225
3.25777773333333
3.695699
3.28666663333333
3.67512522580645
4.25913980645161
4.5688888
4.67204296774193
4.58555556666666
3.96989248387096
4.311828
4.00238096428571
3.44623654838709
3.22222223333333
2.98387087096774
3.56111116666666
3.65698932258064
3.99784941935483
4.29444453333333
4.87526880645161
3.9266667
3.96129032258064